time point,time step size,N strains,N haplotypes usable,site 1,site 2,number of polymoprhisms at site 1,number of polymoprhisms at site 2,minor allele freq site 1,minor allele freq site 2,D,|D'|,Chi,ChiSqDf
1980,40,1603,1603,4,15,3,2,0.000623830318153,0.000623830318153,NaN,NaN,0.00124999902527,3.89893644812e-07
1980,40,1603,1603,4,20,3,3,0.000623830318153,0.000623830318153,NaN,NaN,0.00250155957336,3.90137176132e-07
1980,40,1603,1603,4,22,3,2,0.000623830318153,0.00124766063631,NaN,NaN,0.00250155957336,7.80274352265e-07
1980,40,1603,1603,4,26,3,2,0.000623830318153,0.00374298190892,NaN,NaN,0.00752347566115,2.34668610766e-06
1980,40,1603,1603,4,33,3,2,0.000623830318153,0.000623830318153,NaN,NaN,0.00124999902527,3.89893644812e-07
1980,40,1603,1603,4,35,3,2,0.000623830318153,0.000623830318153,NaN,NaN,0.00124999902527,3.89893644812e-07
1980,40,1603,1603,4,46,3,3,0.000623830318153,0.000623830318153,NaN,NaN,0.00250155957336,3.90137176132e-07
1980,40,1603,1603,4,48,3,2,0.000623830318153,0.000623830318153,NaN,NaN,0.00124999902527,3.89893644812e-07
1980,40,1603,1603,4,49,3,2,0.000623830318153,0.000623830318153,NaN,NaN,0.00124999902527,3.89893644812e-07
1980,40,1603,1603,4,55,3,2,0.000623830318153,0.000623830318153,NaN,NaN,0.00124999902527,3.89893644812e-07
1980,40,1603,1603,4,60,3,2,0.000623830318153,0.000623830318153,NaN,NaN,0.00124999902527,3.89893644812e-07
1980,40,1603,1603,4,64,3,2,0.000623830318153,0.00249532127261,NaN,NaN,0.00500937695679,1.56250061035e-06
1980,40,1603,1603,4,73,3,2,0.000623830318153,0.000623830318153,NaN,NaN,0.00124999902527,3.89893644812e-07
1980,40,1603,1603,4,77,3,2,0.000623830318153,0.00374298190892,NaN,NaN,0.00752347566115,2.34668610766e-06
1980,40,1603,1603,4,94,3,2,0.000623830318153,0.000623830318153,NaN,NaN,0.00124999902527,3.89893644812e-07
1980,40,1603,1603,4,97,3,3,0.000623830318153,0.000623830318153,NaN,NaN,0.00250155957336,3.90137176132e-07
1980,40,1603,1603,4,101,3,2,0.000623830318153,0.00124766063631,NaN,NaN,0.00250155957336,7.80274352265e-07
1980,40,1603,1603,4,105,3,2,0.000623830318153,0.292576419214,NaN,NaN,2.83201005176,0.000883346865802
1980,40,1603,1603,4,115,3,3,0.000623830318153,0.000623830318153,NaN,NaN,0.00250155957336,3.90137176132e-07
1980,40,1603,1603,4,123,3,3,0.000623830318153,0.000623830318153,NaN,NaN,0.00500937695679,7.81250305176e-07
1980,40,1603,1603,4,124,3,2,0.000623830318153,0.00187149095446,NaN,NaN,0.00375468457214,1.1711430356e-06
1980,40,1603,1603,4,130,3,2,0.000623830318153,0.000623830318153,NaN,NaN,0.00124999902527,3.89893644812e-07
1980,40,1603,1603,4,131,3,2,0.000623830318153,0.00124766063631,NaN,NaN,0.00250155957336,7.80274352265e-07
1980,40,1603,1603,4,140,3,3,0.000623830318153,0.00124766063631,NaN,NaN,0.0113064529149,1.76332702977e-06
1980,40,1603,1603,4,146,3,2,0.000623830318153,0.000623830318153,NaN,NaN,0.00124999902527,3.89893644812e-07
1980,40,1603,1603,4,149,3,2,0.000623830318153,0.000623830318153,NaN,NaN,0.00124999902527,3.89893644812e-07
1980,40,1603,1603,4,157,3,2,0.000623830318153,0.00124766063631,NaN,NaN,0.00250155957336,7.80274352265e-07
1980,40,1603,1603,4,159,3,2,0.000623830318153,0.00374298190892,NaN,NaN,0.00752347566115,2.34668610766e-06
1980,40,1603,1603,4,164,3,2,0.000623830318153,0.000623830318153,NaN,NaN,0.00124999902527,3.89893644812e-07
1980,40,1603,1603,4,167,3,2,0.000623830318153,0.00311915159077,NaN,NaN,0.00626563966982,1.95434799433e-06
1980,40,1603,1603,4,177,3,2,0.000623830318153,0.000623830318153,NaN,NaN,0.00124999902527,3.89893644812e-07
1980,40,1603,1602,4,186,3,2,0.000624219725343,0.000624219725343,NaN,NaN,0.00125078076202,3.90381011868e-07
1980,40,1603,1603,4,188,3,2,0.000623830318153,0.00623830318153,NaN,NaN,0.0125706116665,3.92096433765e-06
1980,40,1603,1603,4,192,3,3,0.000623830318153,0.000623830318153,NaN,NaN,0.00250155957336,3.90137176132e-07
1980,40,1603,1603,4,198,3,2,0.000623830318153,0.00311915159077,NaN,NaN,0.00626563966982,1.95434799433e-06
1980,40,1603,1603,4,200,3,2,0.000623830318153,0.00124766063631,NaN,NaN,0.00250155957336,7.80274352265e-07
1980,40,1603,1603,4,207,3,2,0.000623830318153,0.008109794136,NaN,NaN,0.0163726287423,5.10687109865e-06
1980,40,1603,1603,4,208,3,2,0.000623830318153,0.000623830318153,NaN,NaN,0.00124999902527,3.89893644812e-07
1980,40,1603,1603,4,211,3,2,0.000623830318153,0.000623830318153,NaN,NaN,0.00124999902527,3.89893644812e-07
1980,40,1603,1603,4,215,3,2,0.000623830318153,0.00124766063631,NaN,NaN,0.00250155957336,7.80274352265e-07
1980,40,1603,1603,4,218,3,3,0.000623830318153,0.00124766063631,NaN,NaN,0.0100438793152,1.56641910718e-06
1980,40,1603,1603,4,220,3,2,0.000623830318153,0.00124766063631,NaN,NaN,0.00250155957336,7.80274352265e-07
1980,40,1603,1603,4,221,3,3,0.000623830318153,0.000623830318153,NaN,NaN,0.00250155957336,3.90137176132e-07
1980,40,1603,1603,4,222,3,2,0.000623830318153,0.000623830318153,NaN,NaN,0.00124999902527,3.89893644812e-07
1980,40,1603,1603,4,226,3,2,0.000623830318153,0.000623830318153,NaN,NaN,0.00124999902527,3.89893644812e-07
1980,40,1603,1603,4,227,3,2,0.000623830318153,0.000623830318153,NaN,NaN,0.00124999902527,3.89893644812e-07
1980,40,1603,1603,4,232,3,2,0.000623830318153,0.000623830318153,NaN,NaN,0.00124999902527,3.89893644812e-07
1980,40,1603,1603,4,233,3,2,0.000623830318153,0.000623830318153,NaN,NaN,0.00124999902527,3.89893644812e-07
1980,40,1603,1603,4,240,3,2,0.000623830318153,0.00187149095446,NaN,NaN,0.00375468457214,1.1711430356e-06
1980,40,1603,1603,4,244,3,2,0.000623830318153,0.000623830318153,NaN,NaN,0.00124999902527,3.89893644812e-07
1980,40,1603,1603,4,245,3,2,0.000623830318153,0.000623830318153,NaN,NaN,0.00124999902527,3.89893644812e-07
1980,40,1603,1603,5,15,2,2,0.000623830318153,0.000623830318153,-3.89164265702e-07,0.999999999625,0.000624609375609,3.89650265508e-07
1980,40,1603,1603,5,20,2,3,0.000623830318153,0.000623830318153,NaN,NaN,0.00124999902527,3.89893644812e-07
1980,40,1603,1603,5,22,2,2,0.000623830318153,0.00124766063631,-7.78328531736e-07,1.00000000005,0.00124999902527,7.79787289623e-07
1980,40,1603,1603,5,26,2,2,0.000623830318153,0.00374298190892,-2.3349855951e-06,1.00000000001,0.00375938967962,2.3452212599e-06
1980,40,1603,1603,5,33,2,2,0.000623830318153,0.000623830318153,-3.89164265702e-07,0.999999999625,0.000624609375609,3.89650265508e-07
1980,40,1603,1603,5,35,2,2,0.000623830318153,0.000623830318153,-3.89164265702e-07,0.999999999625,0.000624609375609,3.89650265508e-07
1980,40,1603,1603,5,46,2,3,0.000623830318153,0.000623830318153,NaN,NaN,0.00124999902527,3.89893644812e-07
1980,40,1603,1603,5,48,2,2,0.000623830318153,0.000623830318153,-3.89164265702e-07,0.999999999625,0.000624609375609,3.89650265508e-07
1980,40,1603,1603,5,49,2,2,0.000623830318153,0.000623830318153,-3.89164265702e-07,0.999999999625,0.000624609375609,3.89650265508e-07
1980,40,1603,1603,5,55,2,2,0.000623830318153,0.000623830318153,-3.89164265702e-07,0.999999999625,0.000624609375609,3.89650265508e-07
1980,40,1603,1603,5,60,2,2,0.000623830318153,0.000623830318153,-3.89164265702e-07,0.999999999625,0.000624609375609,3.89650265508e-07
1980,40,1603,1603,5,64,2,2,0.000623830318153,0.00249532127261,-1.55665706336e-06,0.999999999982,0.00250312500244,1.56152526665e-06
1980,40,1603,1603,5,73,2,2,0.000623830318153,0.000623830318153,-3.89164265702e-07,0.999999999625,0.000624609375609,3.89650265508e-07
1980,40,1603,1603,5,77,2,2,0.000623830318153,0.00374298190892,-2.3349855951e-06,1.00000000001,0.00375938967962,2.3452212599e-06
1980,40,1603,1603,5,94,2,2,0.000623830318153,0.000623830318153,-3.89164265702e-07,0.999999999625,0.000624609375609,3.89650265508e-07
1980,40,1603,1603,5,97,2,3,0.000623830318153,0.000623830318153,NaN,NaN,0.00124999902527,3.89893644812e-07
1980,40,1603,1603,5,101,2,2,0.000623830318153,0.00124766063631,-7.78328531736e-07,1.00000000005,0.00124999902527,7.79787289623e-07
1980,40,1603,1603,5,105,2,2,0.000623830318153,0.292576419214,0.000441312277471,1.0,2.41941975516,0.00150930739561
1980,40,1603,1603,5,115,2,3,0.000623830318153,0.000623830318153,NaN,NaN,0.00124999902527,3.89893644812e-07
1980,40,1603,1603,5,123,2,3,0.000623830318153,0.000623830318153,NaN,NaN,0.00250312500244,7.80762633325e-07
1980,40,1603,1603,5,124,2,2,0.000623830318153,0.00187149095446,-1.16749279755e-06,1.00000000001,0.00187617041199,1.17041198502e-06
1980,40,1603,1603,5,130,2,2,0.000623830318153,0.000623830318153,-3.89164265702e-07,0.999999999625,0.000624609375609,3.89650265508e-07
1980,40,1603,1603,5,131,2,2,0.000623830318153,0.00124766063631,-7.78328531736e-07,1.00000000005,0.00124999902527,7.79787289623e-07
1980,40,1603,1603,5,140,2,3,0.000623830318153,0.00124766063631,NaN,NaN,0.00564969760196,1.76222632625e-06
1980,40,1603,1603,5,146,2,2,0.000623830318153,0.000623830318153,-3.89164265702e-07,0.999999999625,0.000624609375609,3.89650265508e-07
1980,40,1603,1603,5,149,2,2,0.000623830318153,0.000623830318153,-3.89164265702e-07,0.999999999625,0.000624609375609,3.89650265508e-07
1980,40,1603,1603,5,157,2,2,0.000623830318153,0.00124766063631,-7.78328531736e-07,1.00000000005,0.00124999902527,7.79787289623e-07
1980,40,1603,1603,5,159,2,2,0.000623830318153,0.00374298190892,-2.3349855951e-06,1.00000000001,0.00375938967962,2.3452212599e-06
1980,40,1603,1603,5,164,2,2,0.000623830318153,0.000623830318153,-3.89164265702e-07,0.999999999625,0.000624609375609,3.89650265508e-07
1980,40,1603,1603,5,167,2,2,0.000623830318153,0.00311915159077,-1.94582132917e-06,0.999999999968,0.00313086426698,1.95312805176e-06
1980,40,1603,1603,5,177,2,2,0.000623830318153,0.000623830318153,-3.89164265702e-07,0.999999999625,0.000624609375609,3.89650265508e-07
1980,40,1603,1602,5,186,2,2,0.000624219725343,0.000624219725343,-3.89650265498e-07,0.999999999974,0.000624999756164,3.90137176132e-07
1980,40,1603,1603,5,188,2,2,0.000623830318153,0.00623830318153,-3.89164265846e-06,0.999999999996,0.00628138242138,3.91851679437e-06
1980,40,1603,1603,5,192,2,3,0.000623830318153,0.000623830318153,NaN,NaN,0.00124999902527,3.89893644812e-07
1980,40,1603,1603,5,198,2,2,0.000623830318153,0.00311915159077,-1.94582132917e-06,0.999999999968,0.00313086426698,1.95312805176e-06
1980,40,1603,1603,5,200,2,2,0.000623830318153,0.00124766063631,-7.78328531736e-07,1.00000000005,0.00124999902527,7.79787289623e-07
1980,40,1603,1603,5,207,2,2,0.000623830318153,0.008109794136,-5.05913545601e-06,0.999999999998,0.00818120431222,5.10368328897e-06
1980,40,1603,1603,5,208,2,2,0.000623830318153,0.000623830318153,-3.89164265702e-07,0.999999999625,0.000624609375609,3.89650265508e-07
1980,40,1603,1603,5,211,2,2,0.000623830318153,0.000623830318153,-3.89164265702e-07,0.999999999625,0.000624609375609,3.89650265508e-07
1980,40,1603,1603,5,215,2,2,0.000623830318153,0.00124766063631,-7.78328531736e-07,1.00000000005,0.00124999902527,7.79787289623e-07
1980,40,1603,1603,5,218,2,3,0.000623830318153,0.00124766063631,NaN,NaN,0.00501880486383,1.56544131748e-06
1980,40,1603,1603,5,220,2,2,0.000623830318153,0.00124766063631,-7.78328531736e-07,1.00000000005,0.00124999902527,7.79787289623e-07
1980,40,1603,1603,5,221,2,3,0.000623830318153,0.000623830318153,NaN,NaN,0.00124999902527,3.89893644812e-07
1980,40,1603,1603,5,222,2,2,0.000623830318153,0.000623830318153,-3.89164265702e-07,0.999999999625,0.000624609375609,3.89650265508e-07
1980,40,1603,1603,5,226,2,2,0.000623830318153,0.000623830318153,-3.89164265702e-07,0.999999999625,0.000624609375609,3.89650265508e-07
1980,40,1603,1603,5,227,2,2,0.000623830318153,0.000623830318153,-3.89164265702e-07,0.999999999625,0.000624609375609,3.89650265508e-07
1980,40,1603,1603,5,232,2,2,0.000623830318153,0.000623830318153,-3.89164265702e-07,0.999999999625,0.000624609375609,3.89650265508e-07
1980,40,1603,1603,5,233,2,2,0.000623830318153,0.000623830318153,-3.89164265702e-07,0.999999999625,0.000624609375609,3.89650265508e-07
1980,40,1603,1603,5,240,2,2,0.000623830318153,0.00187149095446,-1.16749279755e-06,1.00000000001,0.00187617041199,1.17041198502e-06
1980,40,1603,1603,5,244,2,2,0.000623830318153,0.000623830318153,-3.89164265702e-07,0.999999999625,0.000624609375609,3.89650265508e-07
1980,40,1603,1603,5,245,2,2,0.000623830318153,0.000623830318153,-3.89164265702e-07,0.999999999625,0.000624609375609,3.89650265508e-07
1980,40,1603,1603,14,15,2,2,0.00436681222707,0.000623830318153,-2.72414986091e-06,0.999999999992,0.00438870271809,2.73780581291e-06
1980,40,1603,1603,14,20,2,3,0.00436681222707,0.000623830318153,NaN,NaN,0.00878288788805,2.73951587275e-06
1980,40,1603,1603,14,22,2,2,0.00436681222707,0.00124766063631,-5.44829972182e-06,0.999999999992,0.00878288788805,5.47903174551e-06
1980,40,1603,1603,14,26,2,2,0.00436681222707,0.00374298190892,-1.63448991656e-05,0.999999999999,0.0264146590647,1.64782651682e-05
1980,40,1603,1603,14,33,2,2,0.00436681222707,0.000623830318153,-2.72414986091e-06,0.999999999992,0.00438870271809,2.73780581291e-06
1980,40,1603,1603,14,35,2,2,0.00436681222707,0.000623830318153,-2.72414986091e-06,0.999999999992,0.00438870271809,2.73780581291e-06
1980,40,1603,1603,14,46,2,3,0.00436681222707,0.000623830318153,NaN,NaN,0.00878288788805,2.73951587275e-06
1980,40,1603,1603,14,48,2,2,0.00436681222707,0.000623830318153,-2.72414986091e-06,0.999999999992,0.00438870271809,2.73780581291e-06
1980,40,1603,1603,14,49,2,2,0.00436681222707,0.000623830318153,-2.72414986091e-06,0.999999999992,0.00438870271809,2.73780581291e-06
1980,40,1603,1603,14,55,2,2,0.00436681222707,0.000623830318153,-2.72414986091e-06,0.999999999992,0.00438870271809,2.73780581291e-06
1980,40,1603,1603,14,60,2,2,0.00436681222707,0.000623830318153,-2.72414986091e-06,0.999999999992,0.00438870271809,2.73780581291e-06
1980,40,1603,1603,14,64,2,2,0.00436681222707,0.00249532127261,-1.08965994438e-05,1.0,0.0175877467277,1.09717696367e-05
1980,40,1603,1603,14,73,2,2,0.00436681222707,0.000623830318153,-2.72414986091e-06,0.999999999992,0.00438870271809,2.73780581291e-06
1980,40,1603,1603,14,77,2,2,0.00436681222707,0.00374298190892,-1.63448991656e-05,0.999999999999,0.0264146590647,1.64782651682e-05
1980,40,1603,1603,14,94,2,2,0.00436681222707,0.000623830318153,-2.72414986091e-06,0.999999999992,0.00438870271809,2.73780581291e-06
1980,40,1603,1603,14,97,2,3,0.00436681222707,0.000623830318153,NaN,NaN,0.00878288788805,2.73951587275e-06
1980,40,1603,1603,14,101,2,2,0.00436681222707,0.00124766063631,-5.44829972182e-06,0.999999999992,0.00878288788805,5.47903174551e-06
1980,40,1603,1603,14,105,2,2,0.00436681222707,0.292576419214,-0.00127762628478,1.0,2.90775936755,0.00181394845138
1980,40,1603,1603,14,115,2,3,0.00436681222707,0.000623830318153,NaN,NaN,0.00878288788805,2.73951587275e-06
1980,40,1603,1603,14,123,2,3,0.00436681222707,0.000623830318153,NaN,NaN,0.0175877467277,5.48588481836e-06
1980,40,1603,1603,14,124,2,2,0.00436681222707,0.00187149095446,-8.17244958284e-06,1.00000000001,0.0131825657895,8.22368421053e-06
1980,40,1603,1603,14,130,2,2,0.00436681222707,0.000623830318153,-2.72414986091e-06,0.999999999992,0.00438870271809,2.73780581291e-06
1980,40,1603,1603,14,131,2,2,0.00436681222707,0.00124766063631,-5.44829972182e-06,0.999999999992,0.00878288788805,5.47903174551e-06
1980,40,1603,1603,14,140,2,3,0.00436681222707,0.00124766063631,NaN,NaN,0.0396965594664,1.23819586608e-05
1980,40,1603,1603,14,146,2,2,0.00436681222707,0.000623830318153,-2.72414986091e-06,0.999999999992,0.00438870271809,2.73780581291e-06
1980,40,1603,1603,14,149,2,2,0.00436681222707,0.000623830318153,-2.72414986091e-06,0.999999999992,0.00438870271809,2.73780581291e-06
1980,40,1603,1603,14,157,2,2,0.00436681222707,0.00124766063631,-5.44829972182e-06,0.999999999992,0.00878288788805,5.47903174551e-06
1980,40,1603,1603,14,159,2,2,0.00436681222707,0.00374298190892,-1.63448991656e-05,0.999999999999,0.0264146590647,1.64782651682e-05
1980,40,1603,1603,14,164,2,2,0.00436681222707,0.000623830318153,-2.72414986091e-06,0.999999999992,0.00438870271809,2.73780581291e-06
1980,40,1603,1603,14,167,2,2,0.00436681222707,0.00311915159077,-1.36207493046e-05,0.999999999992,0.0219984410337,1.3723294469e-05
1980,40,1603,1603,14,177,2,2,0.00436681222707,0.000623830318153,-2.72414986091e-06,0.999999999992,0.00438870271809,2.73780581291e-06
1980,40,1603,1602,14,186,2,2,0.0043695380774,0.000624219725343,-2.72755185859e-06,1.00000000001,0.00439145596698,2.74123343757e-06
1980,40,1603,1603,14,188,2,2,0.00436681222707,0.00623830318153,-2.72414986093e-05,1.0,0.044134976487,2.75327364236e-05
1980,40,1603,1603,14,192,2,3,0.00436681222707,0.000623830318153,NaN,NaN,0.00878288788805,2.73951587275e-06
1980,40,1603,1603,14,198,2,2,0.00436681222707,0.00311915159077,-1.36207493046e-05,0.999999999992,0.0219984410337,1.3723294469e-05
1980,40,1603,1603,14,200,2,2,0.00436681222707,0.00124766063631,-5.44829972182e-06,0.999999999992,0.00878288788805,5.47903174551e-06
1980,40,1603,1603,14,207,2,2,0.00436681222707,0.008109794136,0.000588416369961,0.135849056604,15.8695897945,0.00989993125048
1980,40,1603,1603,14,208,2,2,0.00436681222707,0.000623830318153,-2.72414986091e-06,0.999999999992,0.00438870271809,2.73780581291e-06
1980,40,1603,1603,14,211,2,2,0.00436681222707,0.000623830318153,-2.72414986091e-06,0.999999999992,0.00438870271809,2.73780581291e-06
1980,40,1603,1603,14,215,2,2,0.00436681222707,0.00124766063631,-5.44829972182e-06,0.999999999992,0.00878288788805,5.47903174551e-06
1980,40,1603,1603,14,218,2,3,0.00436681222707,0.00124766063631,NaN,NaN,0.035263707859,1.09992850465e-05
1980,40,1603,1603,14,220,2,2,0.00436681222707,0.00124766063631,-5.44829972182e-06,0.999999999992,0.00878288788805,5.47903174551e-06
1980,40,1603,1603,14,221,2,3,0.00436681222707,0.000623830318153,NaN,NaN,0.00878288788805,2.73951587275e-06
1980,40,1603,1603,14,222,2,2,0.00436681222707,0.000623830318153,-2.72414986091e-06,0.999999999992,0.00438870271809,2.73780581291e-06
1980,40,1603,1603,14,226,2,2,0.00436681222707,0.000623830318153,-2.72414986091e-06,0.999999999992,0.00438870271809,2.73780581291e-06
1980,40,1603,1603,14,227,2,2,0.00436681222707,0.000623830318153,-2.72414986091e-06,0.999999999992,0.00438870271809,2.73780581291e-06
1980,40,1603,1603,14,232,2,2,0.00436681222707,0.000623830318153,-2.72414986091e-06,0.999999999992,0.00438870271809,2.73780581291e-06
1980,40,1603,1603,14,233,2,2,0.00436681222707,0.000623830318153,-2.72414986091e-06,0.999999999992,0.00438870271809,2.73780581291e-06
1980,40,1603,1603,14,240,2,2,0.00436681222707,0.00187149095446,-8.17244958284e-06,1.00000000001,0.0131825657895,8.22368421053e-06
1980,40,1603,1603,14,244,2,2,0.00436681222707,0.000623830318153,-2.72414986091e-06,0.999999999992,0.00438870271809,2.73780581291e-06
1980,40,1603,1603,14,245,2,2,0.00436681222707,0.000623830318153,-2.72414986091e-06,0.999999999992,0.00438870271809,2.73780581291e-06
1980,40,1603,1603,16,15,2,2,0.00249532127261,0.000623830318153,-1.55665706336e-06,0.999999999982,0.00250312500244,1.56152526665e-06
1980,40,1603,1603,16,20,2,3,0.00249532127261,0.000623830318153,NaN,NaN,0.00500937695679,1.56250061035e-06
1980,40,1603,1603,16,22,2,2,0.00249532127261,0.00124766063631,-3.11331412683e-06,1.00000000002,0.00500937695679,3.1250012207e-06
1980,40,1603,1603,16,26,2,2,0.00249532127261,0.00374298190892,-9.33994238039e-06,1.00000000001,0.0150657717742,9.39848519915e-06
1980,40,1603,1603,16,33,2,2,0.00249532127261,0.000623830318153,-1.55665706336e-06,0.999999999982,0.00250312500244,1.56152526665e-06
1980,40,1603,1603,16,35,2,2,0.00249532127261,0.000623830318153,-1.55665706336e-06,0.999999999982,0.00250312500244,1.56152526665e-06
1980,40,1603,1603,16,46,2,3,0.00249532127261,0.000623830318153,NaN,NaN,0.00500937695679,1.56250061035e-06
1980,40,1603,1603,16,48,2,2,0.00249532127261,0.000623830318153,-1.55665706336e-06,0.999999999982,0.00250312500244,1.56152526665e-06
1980,40,1603,1603,16,49,2,2,0.00249532127261,0.000623830318153,-1.55665706336e-06,0.999999999982,0.00250312500244,1.56152526665e-06
1980,40,1603,1603,16,55,2,2,0.00249532127261,0.000623830318153,-1.55665706336e-06,0.999999999982,0.00250312500244,1.56152526665e-06
1980,40,1603,1603,16,60,2,2,0.00249532127261,0.000623830318153,-1.55665706336e-06,0.999999999982,0.00250312500244,1.56152526665e-06
1980,40,1603,1603,16,64,2,2,0.00249532127261,0.00249532127261,-6.22662825356e-06,1.0,0.010031285188,6.25781983033e-06
1980,40,1603,1603,16,73,2,2,0.00249532127261,0.000623830318153,-1.55665706336e-06,0.999999999982,0.00250312500244,1.56152526665e-06
1980,40,1603,1603,16,77,2,2,0.00249532127261,0.00374298190892,-9.33994238039e-06,1.00000000001,0.0150657717742,9.39848519915e-06
1980,40,1603,1603,16,94,2,2,0.00249532127261,0.000623830318153,-1.55665706336e-06,0.999999999982,0.00250312500244,1.56152526665e-06
1980,40,1603,1603,16,97,2,3,0.00249532127261,0.000623830318153,NaN,NaN,0.00500937695679,1.56250061035e-06
1980,40,1603,1603,16,101,2,2,0.00249532127261,0.00124766063631,-3.11331412683e-06,1.00000000002,0.00500937695679,3.1250012207e-06
1980,40,1603,1603,16,105,2,2,0.00249532127261,0.292576419214,-0.00073007216273,1.0,1.65845937662,0.00103459724056
1980,40,1603,1603,16,115,2,3,0.00249532127261,0.000623830318153,NaN,NaN,0.00500937695679,1.56250061035e-06
1980,40,1603,1603,16,123,2,3,0.00249532127261,0.000623830318153,NaN,NaN,0.010031285188,3.12890991516e-06
1980,40,1603,1603,16,124,2,2,0.00249532127261,0.00187149095446,-4.6699711902e-06,1.00000000001,0.00751876172608,4.6904315197e-06
1980,40,1603,1603,16,130,2,2,0.00249532127261,0.000623830318153,-1.55665706336e-06,0.999999999982,0.00250312500244,1.56152526665e-06
1980,40,1603,1603,16,131,2,2,0.00249532127261,0.00124766063631,-3.11331412683e-06,1.00000000002,0.00500937695679,3.1250012207e-06
1980,40,1603,1603,16,140,2,3,0.00249532127261,0.00124766063631,NaN,NaN,0.0226411896394,7.06213026805e-06
1980,40,1603,1603,16,146,2,2,0.00249532127261,0.000623830318153,-1.55665706336e-06,0.999999999982,0.00250312500244,1.56152526665e-06
1980,40,1603,1603,16,149,2,2,0.00249532127261,0.000623830318153,-1.55665706336e-06,0.999999999982,0.00250312500244,1.56152526665e-06
1980,40,1603,1603,16,157,2,2,0.00249532127261,0.00124766063631,-3.11331412683e-06,1.00000000002,0.00500937695679,3.1250012207e-06
1980,40,1603,1603,16,159,2,2,0.00249532127261,0.00374298190892,-9.33994238039e-06,1.00000000001,0.0150657717742,9.39848519915e-06
1980,40,1603,1603,16,164,2,2,0.00249532127261,0.000623830318153,-1.55665706336e-06,0.999999999982,0.00250312500244,1.56152526665e-06
1980,40,1603,1603,16,167,2,2,0.00249532127261,0.00311915159077,-7.78328531681e-06,0.999999999982,0.012546953235,7.82716982845e-06
1980,40,1603,1603,16,177,2,2,0.00249532127261,0.000623830318153,-1.55665706336e-06,0.999999999982,0.00250312500244,1.56152526665e-06
1980,40,1603,1602,16,186,2,2,0.00249687890137,0.000624219725343,-1.55860106199e-06,0.999999999974,0.00250469238953,1.56347839546e-06
1980,40,1603,1603,16,188,2,2,0.00249532127261,0.00623830318153,-1.5566570634e-05,1.0,0.0251726695161,1.5703474433e-05
1980,40,1603,1603,16,192,2,3,0.00249532127261,0.000623830318153,NaN,NaN,0.00500937695679,1.56250061035e-06
1980,40,1603,1603,16,198,2,2,0.00249532127261,0.00311915159077,-7.78328531681e-06,0.999999999982,0.012546953235,7.82716982845e-06
1980,40,1603,1603,16,200,2,2,0.00249532127261,0.00124766063631,-3.11331412683e-06,1.00000000002,0.00500937695679,3.1250012207e-06
1980,40,1603,1603,16,207,2,2,0.00249532127261,0.008109794136,0.00122742409448,0.495911949686,120.61684619,0.0752444455337
1980,40,1603,1603,16,208,2,2,0.00249532127261,0.000623830318153,-1.55665706336e-06,0.999999999982,0.00250312500244,1.56152526665e-06
1980,40,1603,1603,16,211,2,2,0.00249532127261,0.000623830318153,-1.55665706336e-06,0.999999999982,0.00250312500244,1.56152526665e-06
1980,40,1603,1603,16,215,2,2,0.00249532127261,0.00124766063631,-3.11331412683e-06,1.00000000002,0.00500937695679,3.1250012207e-06
1980,40,1603,1603,16,218,2,3,0.00249532127261,0.00124766063631,NaN,NaN,0.0201128840321,6.27351342238e-06
1980,40,1603,1603,16,220,2,2,0.00249532127261,0.00124766063631,-3.11331412683e-06,1.00000000002,0.00500937695679,3.1250012207e-06
1980,40,1603,1603,16,221,2,3,0.00249532127261,0.000623830318153,NaN,NaN,0.00500937695679,1.56250061035e-06
1980,40,1603,1603,16,222,2,2,0.00249532127261,0.000623830318153,-1.55665706336e-06,0.999999999982,0.00250312500244,1.56152526665e-06
1980,40,1603,1603,16,226,2,2,0.00249532127261,0.000623830318153,-1.55665706336e-06,0.999999999982,0.00250312500244,1.56152526665e-06
1980,40,1603,1603,16,227,2,2,0.00249532127261,0.000623830318153,-1.55665706336e-06,0.999999999982,0.00250312500244,1.56152526665e-06
1980,40,1603,1603,16,232,2,2,0.00249532127261,0.000623830318153,-1.55665706336e-06,0.999999999982,0.00250312500244,1.56152526665e-06
1980,40,1603,1603,16,233,2,2,0.00249532127261,0.000623830318153,-1.55665706336e-06,0.999999999982,0.00250312500244,1.56152526665e-06
1980,40,1603,1603,16,240,2,2,0.00249532127261,0.00187149095446,-4.6699711902e-06,1.00000000001,0.00751876172608,4.6904315197e-06
1980,40,1603,1603,16,244,2,2,0.00249532127261,0.000623830318153,-1.55665706336e-06,0.999999999982,0.00250312500244,1.56152526665e-06
1980,40,1603,1603,16,245,2,2,0.00249532127261,0.000623830318153,-1.55665706336e-06,0.999999999982,0.00250312500244,1.56152526665e-06
1980,40,1603,1602,17,15,2,2,0.000624219725343,0.000624219725343,-3.89650265498e-07,0.999999999974,0.000624999756164,3.90137176132e-07
1980,40,1603,1602,17,20,2,3,0.000624219725343,0.000624219725343,NaN,NaN,0.00125078076202,3.90381011868e-07
1980,40,1603,1602,17,22,2,2,0.000624219725343,0.00124843945069,-7.79300530995e-07,0.999999999974,0.00125078076202,7.80762023735e-07
1980,40,1603,1602,17,26,2,2,0.000624219725343,0.00374531835206,-2.3379015931e-06,1.00000000002,0.0037617466527,2.34815646236e-06
1980,40,1603,1602,17,33,2,2,0.000624219725343,0.000624219725343,-3.89650265498e-07,0.999999999974,0.000624999756164,3.90137176132e-07
1980,40,1603,1602,17,35,2,2,0.000624219725343,0.000624219725343,-3.89650265498e-07,0.999999999974,0.000624999756164,3.90137176132e-07
1980,40,1603,1602,17,46,2,3,0.000624219725343,0.000624219725343,NaN,NaN,0.00125078076202,3.90381011868e-07
1980,40,1603,1602,17,48,2,2,0.000624219725343,0.000624219725343,-3.89650265498e-07,0.999999999974,0.000624999756164,3.90137176132e-07
1980,40,1603,1602,17,49,2,2,0.000624219725343,0.000624219725343,-3.89650265498e-07,0.999999999974,0.000624999756164,3.90137176132e-07
1980,40,1603,1602,17,55,2,2,0.000624219725343,0.000624219725343,-3.89650265498e-07,0.999999999974,0.000624999756164,3.90137176132e-07
1980,40,1603,1602,17,60,2,2,0.000624219725343,0.000624219725343,-3.89650265498e-07,0.999999999974,0.000624999756164,3.90137176132e-07
1980,40,1603,1602,17,64,2,2,0.000624219725343,0.00249687890137,-1.55860106199e-06,0.999999999974,0.00250469238953,1.56347839546e-06
1980,40,1603,1602,17,73,2,2,0.000624219725343,0.000624219725343,-3.89650265498e-07,0.999999999974,0.000624999756164,3.90137176132e-07
1980,40,1603,1602,17,77,2,2,0.000624219725343,0.00374531835206,-2.3379015931e-06,1.00000000002,0.0037617466527,2.34815646236e-06
1980,40,1603,1602,17,94,2,2,0.000624219725343,0.000624219725343,-3.89650265498e-07,0.999999999974,0.000624999756164,3.90137176132e-07
1980,40,1603,1602,17,97,2,3,0.000624219725343,0.000624219725343,NaN,NaN,0.00125078076202,3.90381011868e-07
1980,40,1603,1602,17,101,2,2,0.000624219725343,0.00124843945069,-7.79300530995e-07,0.999999999974,0.00125078076202,7.80762023735e-07
1980,40,1603,1602,17,105,2,2,0.000624219725343,0.292759051186,-0.000182745974523,1.0,0.414203832225,0.000258554202388
1980,40,1603,1602,17,115,2,3,0.000624219725343,0.000624219725343,NaN,NaN,0.00125078076202,3.90381011868e-07
1980,40,1603,1602,17,123,2,3,0.000624219725343,0.000624219725343,NaN,NaN,0.00250469238953,7.81739197732e-07
1980,40,1603,1602,17,124,2,2,0.000624219725343,0.00187265917603,-1.16895079649e-06,0.999999999974,0.00187734448334,1.17187545776e-06
1980,40,1603,1602,17,130,2,2,0.000624219725343,0.000624219725343,-3.89650265498e-07,0.999999999974,0.000624999756164,3.90137176132e-07
1980,40,1603,1602,17,131,2,2,0.000624219725343,0.00124843945069,-7.79300530995e-07,0.999999999974,0.00125078076202,7.80762023735e-07
1980,40,1603,1602,17,140,2,3,0.000624219725343,0.00124843945069,NaN,NaN,0.00565324638203,1.76443395194e-06
1980,40,1603,1602,17,146,2,2,0.000624219725343,0.000624219725343,-3.89650265498e-07,0.999999999974,0.000624999756164,3.90137176132e-07
1980,40,1603,1602,17,149,2,2,0.000624219725343,0.000624219725343,-3.89650265498e-07,0.999999999974,0.000624999756164,3.90137176132e-07
1980,40,1603,1602,17,157,2,2,0.000624219725343,0.00124843945069,-7.79300530995e-07,0.999999999974,0.00125078076202,7.80762023735e-07
1980,40,1603,1602,17,159,2,2,0.000624219725343,0.00374531835206,-2.3379015931e-06,1.00000000002,0.0037617466527,2.34815646236e-06
1980,40,1603,1602,17,164,2,2,0.000624219725343,0.000624219725343,-3.89650265498e-07,0.999999999974,0.000624999756164,3.90137176132e-07
1980,40,1603,1602,17,167,2,2,0.000624219725343,0.00312109862672,-1.94825132749e-06,0.999999999974,0.00313282595372,1.95557175638e-06
1980,40,1603,1602,17,177,2,2,0.000624219725343,0.000624219725343,-3.89650265498e-07,0.999999999974,0.000624999756164,3.90137176132e-07
1980,40,1603,1601,17,186,2,2,0.000624609618988,0.000624609618988,-3.90137176121e-07,0.999999999969,0.000625390625,3.90625e-07
1980,40,1603,1602,17,188,2,2,0.000624219725343,0.00624219725343,-3.89650265509e-06,1.0,0.00628533046243,3.92342725495e-06
1980,40,1603,1602,17,192,2,3,0.000624219725343,0.000624219725343,NaN,NaN,0.00125078076202,3.90381011868e-07
1980,40,1603,1602,17,198,2,2,0.000624219725343,0.00312109862672,-1.94825132749e-06,0.999999999974,0.00313282595372,1.95557175638e-06
1980,40,1603,1602,17,200,2,2,0.000624219725343,0.00124843945069,-7.79300530995e-07,0.999999999974,0.00125078076202,7.80762023735e-07
1980,40,1603,1602,17,207,2,2,0.000624219725343,0.00811485642946,-5.06545345158e-06,0.999999999996,0.0081863561517,5.11008498858e-06
1980,40,1603,1602,17,208,2,2,0.000624219725343,0.000624219725343,-3.89650265498e-07,0.999999999974,0.000624999756164,3.90137176132e-07
1980,40,1603,1602,17,211,2,2,0.000624219725343,0.000624219725343,-3.89650265498e-07,0.999999999974,0.000624999756164,3.90137176132e-07
1980,40,1603,1602,17,215,2,2,0.000624219725343,0.00124843945069,-7.79300530995e-07,0.999999999974,0.00125078076202,7.80762023735e-07
1980,40,1603,1602,17,218,2,3,0.000624219725343,0.00124843945069,NaN,NaN,0.00502195538077,1.56740180424e-06
1980,40,1603,1602,17,220,2,2,0.000624219725343,0.00124843945069,-7.79300530995e-07,0.999999999974,0.00125078076202,7.80762023735e-07
1980,40,1603,1602,17,221,2,3,0.000624219725343,0.000624219725343,NaN,NaN,0.00125078076202,3.90381011868e-07
1980,40,1603,1602,17,222,2,2,0.000624219725343,0.000624219725343,-3.89650265498e-07,0.999999999974,0.000624999756164,3.90137176132e-07
1980,40,1603,1602,17,226,2,2,0.000624219725343,0.000624219725343,-3.89650265498e-07,0.999999999974,0.000624999756164,3.90137176132e-07
1980,40,1603,1602,17,227,2,2,0.000624219725343,0.000624219725343,-3.89650265498e-07,0.999999999974,0.000624999756164,3.90137176132e-07
1980,40,1603,1602,17,232,2,2,0.000624219725343,0.000624219725343,-3.89650265498e-07,0.999999999974,0.000624999756164,3.90137176132e-07
1980,40,1603,1602,17,233,2,2,0.000624219725343,0.000624219725343,-3.89650265498e-07,0.999999999974,0.000624999756164,3.90137176132e-07
1980,40,1603,1602,17,240,2,2,0.000624219725343,0.00187265917603,-1.16895079649e-06,0.999999999974,0.00187734448334,1.17187545776e-06
1980,40,1603,1602,17,244,2,2,0.000624219725343,0.000624219725343,-3.89650265498e-07,0.999999999974,0.000624999756164,3.90137176132e-07
1980,40,1603,1602,17,245,2,2,0.000624219725343,0.000624219725343,-3.89650265498e-07,0.999999999974,0.000624999756164,3.90137176132e-07
1980,40,1603,1603,19,15,2,2,0.000623830318153,0.000623830318153,-3.89164265702e-07,0.999999999625,0.000624609375609,3.89650265508e-07
1980,40,1603,1603,19,20,2,3,0.000623830318153,0.000623830318153,NaN,NaN,0.00124999902527,3.89893644812e-07
1980,40,1603,1603,19,22,2,2,0.000623830318153,0.00124766063631,-7.78328531736e-07,1.00000000005,0.00124999902527,7.79787289623e-07
1980,40,1603,1603,19,26,2,2,0.000623830318153,0.00374298190892,-2.3349855951e-06,1.00000000001,0.00375938967962,2.3452212599e-06
1980,40,1603,1603,19,33,2,2,0.000623830318153,0.000623830318153,-3.89164265702e-07,0.999999999625,0.000624609375609,3.89650265508e-07
1980,40,1603,1603,19,35,2,2,0.000623830318153,0.000623830318153,-3.89164265702e-07,0.999999999625,0.000624609375609,3.89650265508e-07
1980,40,1603,1603,19,46,2,3,0.000623830318153,0.000623830318153,NaN,NaN,0.00124999902527,3.89893644812e-07
1980,40,1603,1603,19,48,2,2,0.000623830318153,0.000623830318153,-3.89164265702e-07,0.999999999625,0.000624609375609,3.89650265508e-07
1980,40,1603,1603,19,49,2,2,0.000623830318153,0.000623830318153,-3.89164265702e-07,0.999999999625,0.000624609375609,3.89650265508e-07
1980,40,1603,1603,19,55,2,2,0.000623830318153,0.000623830318153,-3.89164265702e-07,0.999999999625,0.000624609375609,3.89650265508e-07
1980,40,1603,1603,19,60,2,2,0.000623830318153,0.000623830318153,-3.89164265702e-07,0.999999999625,0.000624609375609,3.89650265508e-07
1980,40,1603,1603,19,64,2,2,0.000623830318153,0.00249532127261,-1.55665706336e-06,0.999999999982,0.00250312500244,1.56152526665e-06
1980,40,1603,1603,19,73,2,2,0.000623830318153,0.000623830318153,-3.89164265702e-07,0.999999999625,0.000624609375609,3.89650265508e-07
1980,40,1603,1603,19,77,2,2,0.000623830318153,0.00374298190892,-2.3349855951e-06,1.00000000001,0.00375938967962,2.3452212599e-06
1980,40,1603,1603,19,94,2,2,0.000623830318153,0.000623830318153,-3.89164265702e-07,0.999999999625,0.000624609375609,3.89650265508e-07
1980,40,1603,1603,19,97,2,3,0.000623830318153,0.000623830318153,NaN,NaN,0.00124999902527,3.89893644812e-07
1980,40,1603,1603,19,101,2,2,0.000623830318153,0.00124766063631,-7.78328531736e-07,1.00000000005,0.00124999902527,7.79787289623e-07
1980,40,1603,1603,19,105,2,2,0.000623830318153,0.292576419214,-0.000182518040682,1.0,0.413838411862,0.000258164948136
1980,40,1603,1603,19,115,2,3,0.000623830318153,0.000623830318153,NaN,NaN,0.00124999902527,3.89893644812e-07
1980,40,1603,1603,19,123,2,3,0.000623830318153,0.000623830318153,NaN,NaN,0.00250312500244,7.80762633325e-07
1980,40,1603,1603,19,124,2,2,0.000623830318153,0.00187149095446,-1.16749279755e-06,1.00000000001,0.00187617041199,1.17041198502e-06
1980,40,1603,1603,19,130,2,2,0.000623830318153,0.000623830318153,-3.89164265702e-07,0.999999999625,0.000624609375609,3.89650265508e-07
1980,40,1603,1603,19,131,2,2,0.000623830318153,0.00124766063631,-7.78328531736e-07,1.00000000005,0.00124999902527,7.79787289623e-07
1980,40,1603,1603,19,140,2,3,0.000623830318153,0.00124766063631,NaN,NaN,0.00564969760196,1.76222632625e-06
1980,40,1603,1603,19,146,2,2,0.000623830318153,0.000623830318153,-3.89164265702e-07,0.999999999625,0.000624609375609,3.89650265508e-07
1980,40,1603,1603,19,149,2,2,0.000623830318153,0.000623830318153,-3.89164265702e-07,0.999999999625,0.000624609375609,3.89650265508e-07
1980,40,1603,1603,19,157,2,2,0.000623830318153,0.00124766063631,-7.78328531736e-07,1.00000000005,0.00124999902527,7.79787289623e-07
1980,40,1603,1603,19,159,2,2,0.000623830318153,0.00374298190892,-2.3349855951e-06,1.00000000001,0.00375938967962,2.3452212599e-06
1980,40,1603,1603,19,164,2,2,0.000623830318153,0.000623830318153,-3.89164265702e-07,0.999999999625,0.000624609375609,3.89650265508e-07
1980,40,1603,1603,19,167,2,2,0.000623830318153,0.00311915159077,-1.94582132917e-06,0.999999999968,0.00313086426698,1.95312805176e-06
1980,40,1603,1603,19,177,2,2,0.000623830318153,0.000623830318153,-3.89164265702e-07,0.999999999625,0.000624609375609,3.89650265508e-07
1980,40,1603,1602,19,186,2,2,0.000624219725343,0.000624219725343,-3.89650265498e-07,0.999999999974,0.000624999756164,3.90137176132e-07
1980,40,1603,1603,19,188,2,2,0.000623830318153,0.00623830318153,-3.89164265846e-06,0.999999999996,0.00628138242138,3.91851679437e-06
1980,40,1603,1603,19,192,2,3,0.000623830318153,0.000623830318153,NaN,NaN,0.00124999902527,3.89893644812e-07
1980,40,1603,1603,19,198,2,2,0.000623830318153,0.00311915159077,-1.94582132917e-06,0.999999999968,0.00313086426698,1.95312805176e-06
1980,40,1603,1603,19,200,2,2,0.000623830318153,0.00124766063631,-7.78328531736e-07,1.00000000005,0.00124999902527,7.79787289623e-07
1980,40,1603,1603,19,207,2,2,0.000623830318153,0.008109794136,-5.05913545601e-06,0.999999999998,0.00818120431222,5.10368328897e-06
1980,40,1603,1603,19,208,2,2,0.000623830318153,0.000623830318153,-3.89164265702e-07,0.999999999625,0.000624609375609,3.89650265508e-07
1980,40,1603,1603,19,211,2,2,0.000623830318153,0.000623830318153,-3.89164265702e-07,0.999999999625,0.000624609375609,3.89650265508e-07
1980,40,1603,1603,19,215,2,2,0.000623830318153,0.00124766063631,-7.78328531736e-07,1.00000000005,0.00124999902527,7.79787289623e-07
1980,40,1603,1603,19,218,2,3,0.000623830318153,0.00124766063631,NaN,NaN,0.00501880486383,1.56544131748e-06
1980,40,1603,1603,19,220,2,2,0.000623830318153,0.00124766063631,-7.78328531736e-07,1.00000000005,0.00124999902527,7.79787289623e-07
1980,40,1603,1603,19,221,2,3,0.000623830318153,0.000623830318153,NaN,NaN,0.00124999902527,3.89893644812e-07
1980,40,1603,1603,19,222,2,2,0.000623830318153,0.000623830318153,-3.89164265702e-07,0.999999999625,0.000624609375609,3.89650265508e-07
1980,40,1603,1603,19,226,2,2,0.000623830318153,0.000623830318153,-3.89164265702e-07,0.999999999625,0.000624609375609,3.89650265508e-07
1980,40,1603,1603,19,227,2,2,0.000623830318153,0.000623830318153,-3.89164265702e-07,0.999999999625,0.000624609375609,3.89650265508e-07
1980,40,1603,1603,19,232,2,2,0.000623830318153,0.000623830318153,-3.89164265702e-07,0.999999999625,0.000624609375609,3.89650265508e-07
1980,40,1603,1603,19,233,2,2,0.000623830318153,0.000623830318153,-3.89164265702e-07,0.999999999625,0.000624609375609,3.89650265508e-07
1980,40,1603,1603,19,240,2,2,0.000623830318153,0.00187149095446,-1.16749279755e-06,1.00000000001,0.00187617041199,1.17041198502e-06
1980,40,1603,1603,19,244,2,2,0.000623830318153,0.000623830318153,-3.89164265702e-07,0.999999999625,0.000624609375609,3.89650265508e-07
1980,40,1603,1603,19,245,2,2,0.000623830318153,0.000623830318153,-3.89164265702e-07,0.999999999625,0.000624609375609,3.89650265508e-07
1980,40,1603,1603,20,15,2,2,0.00187149095446,0.000623830318153,-1.16749279755e-06,1.00000000001,0.00187617041199,1.17041198502e-06
1980,40,1603,1603,20,20,2,3,0.00187149095446,0.000623830318153,NaN,NaN,0.00375468457214,1.1711430356e-06
1980,40,1603,1603,20,22,2,2,0.00187149095446,0.00124766063631,-2.33498559521e-06,1.00000000005,0.00375468457214,2.34228607121e-06
1980,40,1603,1603,20,26,2,2,0.00187149095446,0.00374298190892,-7.00495678529e-06,1.00000000001,0.0112922667502,7.04445835942e-06
1980,40,1603,1603,20,33,2,2,0.00187149095446,0.000623830318153,-1.16749279755e-06,1.00000000001,0.00187617041199,1.17041198502e-06
1980,40,1603,1603,20,35,2,2,0.00187149095446,0.000623830318153,-1.16749279755e-06,1.00000000001,0.00187617041199,1.17041198502e-06
1980,40,1603,1603,20,46,2,3,0.00187149095446,0.000623830318153,NaN,NaN,0.00375468457214,1.1711430356e-06
1980,40,1603,1603,20,48,2,2,0.00187149095446,0.000623830318153,-1.16749279755e-06,1.00000000001,0.00187617041199,1.17041198502e-06
1980,40,1603,1603,20,49,2,2,0.00187149095446,0.000623830318153,-1.16749279755e-06,1.00000000001,0.00187617041199,1.17041198502e-06
1980,40,1603,1603,20,55,2,2,0.00187149095446,0.000623830318153,-1.16749279755e-06,1.00000000001,0.00187617041199,1.17041198502e-06
1980,40,1603,1603,20,60,2,2,0.00187149095446,0.000623830318153,-1.16749279755e-06,1.00000000001,0.00187617041199,1.17041198502e-06
1980,40,1603,1603,20,64,2,2,0.00187149095446,0.00249532127261,-4.6699711902e-06,1.00000000001,0.00751876172608,4.6904315197e-06
1980,40,1603,1603,20,73,2,2,0.00187149095446,0.000623830318153,-1.16749279755e-06,1.00000000001,0.00187617041199,1.17041198502e-06
1980,40,1603,1603,20,77,2,2,0.00187149095446,0.00374298190892,-7.00495678529e-06,1.00000000001,0.0112922667502,7.04445835942e-06
1980,40,1603,1603,20,94,2,2,0.00187149095446,0.000623830318153,-1.16749279755e-06,1.00000000001,0.00187617041199,1.17041198502e-06
1980,40,1603,1603,20,97,2,3,0.00187149095446,0.000623830318153,NaN,NaN,0.00375468457214,1.1711430356e-06
1980,40,1603,1603,20,101,2,2,0.00187149095446,0.00124766063631,-2.33498559521e-06,1.00000000005,0.00375468457214,2.34228607121e-06
1980,40,1603,1603,20,105,2,2,0.00187149095446,0.292576419214,-0.000547554122047,1.0,1.24306712963,0.000775462962963
1980,40,1603,1603,20,115,2,3,0.00187149095446,0.000623830318153,NaN,NaN,0.00375468457214,1.1711430356e-06
1980,40,1603,1603,20,123,2,3,0.00187149095446,0.000623830318153,NaN,NaN,0.00751876172608,2.34521575985e-06
1980,40,1603,1603,20,124,2,2,0.00187149095446,0.00187149095446,-3.50247839265e-06,1.00000000001,0.005635546875,3.515625e-06
1980,40,1603,1603,20,130,2,2,0.00187149095446,0.000623830318153,-1.16749279755e-06,1.00000000001,0.00187617041199,1.17041198502e-06
1980,40,1603,1603,20,131,2,2,0.00187149095446,0.00124766063631,-2.33498559521e-06,1.00000000005,0.00375468457214,2.34228607121e-06
1980,40,1603,1603,20,140,2,3,0.00187149095446,0.00124766063631,NaN,NaN,0.0169702791719,5.29328732748e-06
1980,40,1603,1603,20,146,2,2,0.00187149095446,0.000623830318153,-1.16749279755e-06,1.00000000001,0.00187617041199,1.17041198502e-06
1980,40,1603,1603,20,149,2,2,0.00187149095446,0.000623830318153,-1.16749279755e-06,1.00000000001,0.00187617041199,1.17041198502e-06
1980,40,1603,1603,20,157,2,2,0.00187149095446,0.00124766063631,-2.33498559521e-06,1.00000000005,0.00375468457214,2.34228607121e-06
1980,40,1603,1603,20,159,2,2,0.00187149095446,0.00374298190892,-7.00495678529e-06,1.00000000001,0.0112922667502,7.04445835942e-06
1980,40,1603,1603,20,164,2,2,0.00187149095446,0.000623830318153,-1.16749279755e-06,1.00000000001,0.00187617041199,1.17041198502e-06
1980,40,1603,1603,20,167,2,2,0.00187149095446,0.00311915159077,-5.83746398775e-06,1.00000000001,0.00940433354193,5.86670838548e-06
1980,40,1603,1603,20,177,2,2,0.00187149095446,0.000623830318153,-1.16749279755e-06,1.00000000001,0.00187617041199,1.17041198502e-06
1980,40,1603,1602,20,186,2,2,0.00187265917603,0.000624219725343,-1.16895079649e-06,0.999999999974,0.00187734448334,1.17187545776e-06
1980,40,1603,1603,20,188,2,2,0.00187149095446,0.00623830318153,-1.16749279754e-05,0.999999999996,0.0188677024482,1.17702448211e-05
1980,40,1603,1603,20,192,2,3,0.00187149095446,0.000623830318153,NaN,NaN,533.667085415,0.166458853841
1980,40,1603,1603,20,198,2,2,0.00187149095446,0.00311915159077,-5.83746398775e-06,1.00000000001,0.00940433354193,5.86670838548e-06
1980,40,1603,1603,20,200,2,2,0.00187149095446,0.00124766063631,-2.33498559521e-06,1.00000000005,0.00375468457214,2.34228607121e-06
1980,40,1603,1603,20,207,2,2,0.00187149095446,0.008109794136,-1.5177406368e-05,0.999999999999,0.0245742924528,1.53301886792e-05
1980,40,1603,1603,20,208,2,2,0.00187149095446,0.000623830318153,-1.16749279755e-06,1.00000000001,0.00187617041199,1.17041198502e-06
1980,40,1603,1603,20,211,2,2,0.00187149095446,0.000623830318153,-1.16749279755e-06,1.00000000001,0.00187617041199,1.17041198502e-06
1980,40,1603,1603,20,215,2,2,0.00187149095446,0.00124766063631,-2.33498559521e-06,1.00000000005,0.00375468457214,2.34228607121e-06
1980,40,1603,1603,20,218,2,3,0.00187149095446,0.00124766063631,NaN,NaN,0.0150752351097,4.70219435737e-06
1980,40,1603,1603,20,220,2,2,0.00187149095446,0.00124766063631,-2.33498559521e-06,1.00000000005,0.00375468457214,2.34228607121e-06
1980,40,1603,1603,20,221,2,3,0.00187149095446,0.000623830318153,NaN,NaN,0.00375468457214,1.1711430356e-06
1980,40,1603,1603,20,222,2,2,0.00187149095446,0.000623830318153,-1.16749279755e-06,1.00000000001,0.00187617041199,1.17041198502e-06
1980,40,1603,1603,20,226,2,2,0.00187149095446,0.000623830318153,-1.16749279755e-06,1.00000000001,0.00187617041199,1.17041198502e-06
1980,40,1603,1603,20,227,2,2,0.00187149095446,0.000623830318153,-1.16749279755e-06,1.00000000001,0.00187617041199,1.17041198502e-06
1980,40,1603,1603,20,232,2,2,0.00187149095446,0.000623830318153,-1.16749279755e-06,1.00000000001,0.00187617041199,1.17041198502e-06
1980,40,1603,1603,20,233,2,2,0.00187149095446,0.000623830318153,-1.16749279755e-06,1.00000000001,0.00187617041199,1.17041198502e-06
1980,40,1603,1603,20,240,2,2,0.00187149095446,0.00187149095446,-3.50247839265e-06,1.00000000001,0.005635546875,3.515625e-06
1980,40,1603,1603,20,244,2,2,0.00187149095446,0.000623830318153,-1.16749279755e-06,1.00000000001,0.00187617041199,1.17041198502e-06
1980,40,1603,1603,20,245,2,2,0.00187149095446,0.000623830318153,-1.16749279755e-06,1.00000000001,0.00187617041199,1.17041198502e-06
1980,40,1603,1603,21,15,2,2,0.000623830318153,0.000623830318153,-3.89164265702e-07,0.999999999625,0.000624609375609,3.89650265508e-07
1980,40,1603,1603,21,20,2,3,0.000623830318153,0.000623830318153,NaN,NaN,0.00124999902527,3.89893644812e-07
1980,40,1603,1603,21,22,2,2,0.000623830318153,0.00124766063631,-7.78328531736e-07,1.00000000005,0.00124999902527,7.79787289623e-07
1980,40,1603,1603,21,26,2,2,0.000623830318153,0.00374298190892,-2.3349855951e-06,1.00000000001,0.00375938967962,2.3452212599e-06
1980,40,1603,1603,21,33,2,2,0.000623830318153,0.000623830318153,-3.89164265702e-07,0.999999999625,0.000624609375609,3.89650265508e-07
1980,40,1603,1603,21,35,2,2,0.000623830318153,0.000623830318153,-3.89164265702e-07,0.999999999625,0.000624609375609,3.89650265508e-07
1980,40,1603,1603,21,46,2,3,0.000623830318153,0.000623830318153,NaN,NaN,0.00124999902527,3.89893644812e-07
1980,40,1603,1603,21,48,2,2,0.000623830318153,0.000623830318153,-3.89164265702e-07,0.999999999625,0.000624609375609,3.89650265508e-07
1980,40,1603,1603,21,49,2,2,0.000623830318153,0.000623830318153,-3.89164265702e-07,0.999999999625,0.000624609375609,3.89650265508e-07
1980,40,1603,1603,21,55,2,2,0.000623830318153,0.000623830318153,-3.89164265702e-07,0.999999999625,0.000624609375609,3.89650265508e-07
1980,40,1603,1603,21,60,2,2,0.000623830318153,0.000623830318153,-3.89164265702e-07,0.999999999625,0.000624609375609,3.89650265508e-07
1980,40,1603,1603,21,64,2,2,0.000623830318153,0.00249532127261,-1.55665706336e-06,0.999999999982,0.00250312500244,1.56152526665e-06
1980,40,1603,1603,21,73,2,2,0.000623830318153,0.000623830318153,-3.89164265702e-07,0.999999999625,0.000624609375609,3.89650265508e-07
1980,40,1603,1603,21,77,2,2,0.000623830318153,0.00374298190892,-2.3349855951e-06,1.00000000001,0.00375938967962,2.3452212599e-06
1980,40,1603,1603,21,94,2,2,0.000623830318153,0.000623830318153,-3.89164265702e-07,0.999999999625,0.000624609375609,3.89650265508e-07
1980,40,1603,1603,21,97,2,3,0.000623830318153,0.000623830318153,NaN,NaN,0.00124999902527,3.89893644812e-07
1980,40,1603,1603,21,101,2,2,0.000623830318153,0.00124766063631,-7.78328531736e-07,1.00000000005,0.00124999902527,7.79787289623e-07
1980,40,1603,1603,21,105,2,2,0.000623830318153,0.292576419214,-0.000182518040682,1.0,0.413838411862,0.000258164948136
1980,40,1603,1603,21,115,2,3,0.000623830318153,0.000623830318153,NaN,NaN,0.00124999902527,3.89893644812e-07
1980,40,1603,1603,21,123,2,3,0.000623830318153,0.000623830318153,NaN,NaN,0.00250312500244,7.80762633325e-07
1980,40,1603,1603,21,124,2,2,0.000623830318153,0.00187149095446,-1.16749279755e-06,1.00000000001,0.00187617041199,1.17041198502e-06
1980,40,1603,1603,21,130,2,2,0.000623830318153,0.000623830318153,-3.89164265702e-07,0.999999999625,0.000624609375609,3.89650265508e-07
1980,40,1603,1603,21,131,2,2,0.000623830318153,0.00124766063631,-7.78328531736e-07,1.00000000005,0.00124999902527,7.79787289623e-07
1980,40,1603,1603,21,140,2,3,0.000623830318153,0.00124766063631,NaN,NaN,0.00564969760196,1.76222632625e-06
1980,40,1603,1603,21,146,2,2,0.000623830318153,0.000623830318153,-3.89164265702e-07,0.999999999625,0.000624609375609,3.89650265508e-07
1980,40,1603,1603,21,149,2,2,0.000623830318153,0.000623830318153,-3.89164265702e-07,0.999999999625,0.000624609375609,3.89650265508e-07
1980,40,1603,1603,21,157,2,2,0.000623830318153,0.00124766063631,-7.78328531736e-07,1.00000000005,0.00124999902527,7.79787289623e-07
1980,40,1603,1603,21,159,2,2,0.000623830318153,0.00374298190892,-2.3349855951e-06,1.00000000001,0.00375938967962,2.3452212599e-06
1980,40,1603,1603,21,164,2,2,0.000623830318153,0.000623830318153,-3.89164265702e-07,0.999999999625,0.000624609375609,3.89650265508e-07
1980,40,1603,1603,21,167,2,2,0.000623830318153,0.00311915159077,-1.94582132917e-06,0.999999999968,0.00313086426698,1.95312805176e-06
1980,40,1603,1603,21,177,2,2,0.000623830318153,0.000623830318153,-3.89164265702e-07,0.999999999625,0.000624609375609,3.89650265508e-07
1980,40,1603,1602,21,186,2,2,0.000624219725343,0.000624219725343,-3.89650265498e-07,0.999999999974,0.000624999756164,3.90137176132e-07
1980,40,1603,1603,21,188,2,2,0.000623830318153,0.00623830318153,-3.89164265846e-06,0.999999999996,0.00628138242138,3.91851679437e-06
1980,40,1603,1603,21,192,2,3,0.000623830318153,0.000623830318153,NaN,NaN,0.00124999902527,3.89893644812e-07
1980,40,1603,1603,21,198,2,2,0.000623830318153,0.00311915159077,-1.94582132917e-06,0.999999999968,0.00313086426698,1.95312805176e-06
1980,40,1603,1603,21,200,2,2,0.000623830318153,0.00124766063631,-7.78328531736e-07,1.00000000005,0.00124999902527,7.79787289623e-07
1980,40,1603,1603,21,207,2,2,0.000623830318153,0.008109794136,-5.05913545601e-06,0.999999999998,0.00818120431222,5.10368328897e-06
1980,40,1603,1603,21,208,2,2,0.000623830318153,0.000623830318153,-3.89164265702e-07,0.999999999625,0.000624609375609,3.89650265508e-07
1980,40,1603,1603,21,211,2,2,0.000623830318153,0.000623830318153,-3.89164265702e-07,0.999999999625,0.000624609375609,3.89650265508e-07
1980,40,1603,1603,21,215,2,2,0.000623830318153,0.00124766063631,-7.78328531736e-07,1.00000000005,0.00124999902527,7.79787289623e-07
1980,40,1603,1603,21,218,2,3,0.000623830318153,0.00124766063631,NaN,NaN,0.00501880486383,1.56544131748e-06
1980,40,1603,1603,21,220,2,2,0.000623830318153,0.00124766063631,-7.78328531736e-07,1.00000000005,0.00124999902527,7.79787289623e-07
1980,40,1603,1603,21,221,2,3,0.000623830318153,0.000623830318153,NaN,NaN,0.00124999902527,3.89893644812e-07
1980,40,1603,1603,21,222,2,2,0.000623830318153,0.000623830318153,-3.89164265702e-07,0.999999999625,0.000624609375609,3.89650265508e-07
1980,40,1603,1603,21,226,2,2,0.000623830318153,0.000623830318153,-3.89164265702e-07,0.999999999625,0.000624609375609,3.89650265508e-07
1980,40,1603,1603,21,227,2,2,0.000623830318153,0.000623830318153,-3.89164265702e-07,0.999999999625,0.000624609375609,3.89650265508e-07
1980,40,1603,1603,21,232,2,2,0.000623830318153,0.000623830318153,-3.89164265702e-07,0.999999999625,0.000624609375609,3.89650265508e-07
1980,40,1603,1603,21,233,2,2,0.000623830318153,0.000623830318153,-3.89164265702e-07,0.999999999625,0.000624609375609,3.89650265508e-07
1980,40,1603,1603,21,240,2,2,0.000623830318153,0.00187149095446,-1.16749279755e-06,1.00000000001,0.00187617041199,1.17041198502e-06
1980,40,1603,1603,21,244,2,2,0.000623830318153,0.000623830318153,-3.89164265702e-07,0.999999999625,0.000624609375609,3.89650265508e-07
1980,40,1603,1603,21,245,2,2,0.000623830318153,0.000623830318153,-3.89164265702e-07,0.999999999625,0.000624609375609,3.89650265508e-07
1980,40,1603,1603,22,15,2,2,0.000623830318153,0.000623830318153,-3.89164265702e-07,0.999999999625,0.000624609375609,3.89650265508e-07
1980,40,1603,1603,22,20,2,3,0.000623830318153,0.000623830318153,NaN,NaN,0.00124999902527,3.89893644812e-07
1980,40,1603,1603,22,22,2,2,0.000623830318153,0.00124766063631,-7.78328531736e-07,1.00000000005,0.00124999902527,7.79787289623e-07
1980,40,1603,1603,22,26,2,2,0.000623830318153,0.00374298190892,-2.3349855951e-06,1.00000000001,0.00375938967962,2.3452212599e-06
1980,40,1603,1603,22,33,2,2,0.000623830318153,0.000623830318153,-3.89164265702e-07,0.999999999625,0.000624609375609,3.89650265508e-07
1980,40,1603,1603,22,35,2,2,0.000623830318153,0.000623830318153,-3.89164265702e-07,0.999999999625,0.000624609375609,3.89650265508e-07
1980,40,1603,1603,22,46,2,3,0.000623830318153,0.000623830318153,NaN,NaN,0.00124999902527,3.89893644812e-07
1980,40,1603,1603,22,48,2,2,0.000623830318153,0.000623830318153,-3.89164265702e-07,0.999999999625,0.000624609375609,3.89650265508e-07
1980,40,1603,1603,22,49,2,2,0.000623830318153,0.000623830318153,-3.89164265702e-07,0.999999999625,0.000624609375609,3.89650265508e-07
1980,40,1603,1603,22,55,2,2,0.000623830318153,0.000623830318153,-3.89164265702e-07,0.999999999625,0.000624609375609,3.89650265508e-07
1980,40,1603,1603,22,60,2,2,0.000623830318153,0.000623830318153,-3.89164265702e-07,0.999999999625,0.000624609375609,3.89650265508e-07
1980,40,1603,1603,22,64,2,2,0.000623830318153,0.00249532127261,-1.55665706336e-06,0.999999999982,0.00250312500244,1.56152526665e-06
1980,40,1603,1603,22,73,2,2,0.000623830318153,0.000623830318153,-3.89164265702e-07,0.999999999625,0.000624609375609,3.89650265508e-07
1980,40,1603,1603,22,77,2,2,0.000623830318153,0.00374298190892,-2.3349855951e-06,1.00000000001,0.00375938967962,2.3452212599e-06
1980,40,1603,1603,22,94,2,2,0.000623830318153,0.000623830318153,-3.89164265702e-07,0.999999999625,0.000624609375609,3.89650265508e-07
1980,40,1603,1603,22,97,2,3,0.000623830318153,0.000623830318153,NaN,NaN,0.00124999902527,3.89893644812e-07
1980,40,1603,1603,22,101,2,2,0.000623830318153,0.00124766063631,-7.78328531736e-07,1.00000000005,0.00124999902527,7.79787289623e-07
1980,40,1603,1603,22,105,2,2,0.000623830318153,0.292576419214,-0.000182518040682,1.0,0.413838411862,0.000258164948136
1980,40,1603,1603,22,115,2,3,0.000623830318153,0.000623830318153,NaN,NaN,0.00124999902527,3.89893644812e-07
1980,40,1603,1603,22,123,2,3,0.000623830318153,0.000623830318153,NaN,NaN,0.00250312500244,7.80762633325e-07
1980,40,1603,1603,22,124,2,2,0.000623830318153,0.00187149095446,-1.16749279755e-06,1.00000000001,0.00187617041199,1.17041198502e-06
1980,40,1603,1603,22,130,2,2,0.000623830318153,0.000623830318153,-3.89164265702e-07,0.999999999625,0.000624609375609,3.89650265508e-07
1980,40,1603,1603,22,131,2,2,0.000623830318153,0.00124766063631,-7.78328531736e-07,1.00000000005,0.00124999902527,7.79787289623e-07
1980,40,1603,1603,22,140,2,3,0.000623830318153,0.00124766063631,NaN,NaN,0.00564969760196,1.76222632625e-06
1980,40,1603,1603,22,146,2,2,0.000623830318153,0.000623830318153,-3.89164265702e-07,0.999999999625,0.000624609375609,3.89650265508e-07
1980,40,1603,1603,22,149,2,2,0.000623830318153,0.000623830318153,-3.89164265702e-07,0.999999999625,0.000624609375609,3.89650265508e-07
1980,40,1603,1603,22,157,2,2,0.000623830318153,0.00124766063631,-7.78328531736e-07,1.00000000005,0.00124999902527,7.79787289623e-07
1980,40,1603,1603,22,159,2,2,0.000623830318153,0.00374298190892,-2.3349855951e-06,1.00000000001,0.00375938967962,2.3452212599e-06
1980,40,1603,1603,22,164,2,2,0.000623830318153,0.000623830318153,-3.89164265702e-07,0.999999999625,0.000624609375609,3.89650265508e-07
1980,40,1603,1603,22,167,2,2,0.000623830318153,0.00311915159077,-1.94582132917e-06,0.999999999968,0.00313086426698,1.95312805176e-06
1980,40,1603,1603,22,177,2,2,0.000623830318153,0.000623830318153,-3.89164265702e-07,0.999999999625,0.000624609375609,3.89650265508e-07
1980,40,1603,1602,22,186,2,2,0.000624219725343,0.000624219725343,-3.89650265498e-07,0.999999999974,0.000624999756164,3.90137176132e-07
1980,40,1603,1603,22,188,2,2,0.000623830318153,0.00623830318153,-3.89164265846e-06,0.999999999996,0.00628138242138,3.91851679437e-06
1980,40,1603,1603,22,192,2,3,0.000623830318153,0.000623830318153,NaN,NaN,0.00124999902527,3.89893644812e-07
1980,40,1603,1603,22,198,2,2,0.000623830318153,0.00311915159077,-1.94582132917e-06,0.999999999968,0.00313086426698,1.95312805176e-06
1980,40,1603,1603,22,200,2,2,0.000623830318153,0.00124766063631,-7.78328531736e-07,1.00000000005,0.00124999902527,7.79787289623e-07
1980,40,1603,1603,22,207,2,2,0.000623830318153,0.008109794136,-5.05913545601e-06,0.999999999998,0.00818120431222,5.10368328897e-06
1980,40,1603,1603,22,208,2,2,0.000623830318153,0.000623830318153,-3.89164265702e-07,0.999999999625,0.000624609375609,3.89650265508e-07
1980,40,1603,1603,22,211,2,2,0.000623830318153,0.000623830318153,-3.89164265702e-07,0.999999999625,0.000624609375609,3.89650265508e-07
1980,40,1603,1603,22,215,2,2,0.000623830318153,0.00124766063631,-7.78328531736e-07,1.00000000005,0.00124999902527,7.79787289623e-07
1980,40,1603,1603,22,218,2,3,0.000623830318153,0.00124766063631,NaN,NaN,0.00501880486383,1.56544131748e-06
1980,40,1603,1603,22,220,2,2,0.000623830318153,0.00124766063631,-7.78328531736e-07,1.00000000005,0.00124999902527,7.79787289623e-07
1980,40,1603,1603,22,221,2,3,0.000623830318153,0.000623830318153,NaN,NaN,0.00124999902527,3.89893644812e-07
1980,40,1603,1603,22,222,2,2,0.000623830318153,0.000623830318153,-3.89164265702e-07,0.999999999625,0.000624609375609,3.89650265508e-07
1980,40,1603,1603,22,226,2,2,0.000623830318153,0.000623830318153,-3.89164265702e-07,0.999999999625,0.000624609375609,3.89650265508e-07
1980,40,1603,1603,22,227,2,2,0.000623830318153,0.000623830318153,-3.89164265702e-07,0.999999999625,0.000624609375609,3.89650265508e-07
1980,40,1603,1603,22,232,2,2,0.000623830318153,0.000623830318153,-3.89164265702e-07,0.999999999625,0.000624609375609,3.89650265508e-07
1980,40,1603,1603,22,233,2,2,0.000623830318153,0.000623830318153,-3.89164265702e-07,0.999999999625,0.000624609375609,3.89650265508e-07
1980,40,1603,1603,22,240,2,2,0.000623830318153,0.00187149095446,-1.16749279755e-06,1.00000000001,0.00187617041199,1.17041198502e-06
1980,40,1603,1603,22,244,2,2,0.000623830318153,0.000623830318153,-3.89164265702e-07,0.999999999625,0.000624609375609,3.89650265508e-07
1980,40,1603,1603,22,245,2,2,0.000623830318153,0.000623830318153,-3.89164265702e-07,0.999999999625,0.000624609375609,3.89650265508e-07
1980,40,1603,1603,23,15,3,2,0.000623830318153,0.000623830318153,NaN,NaN,0.00313086426698,9.76564025881e-07
1980,40,1603,1603,23,20,3,3,0.000623830318153,0.000623830318153,NaN,NaN,0.00626563966982,9.77173997165e-07
1980,40,1603,1603,23,22,3,2,0.000623830318153,0.00124766063631,NaN,NaN,0.00626563966982,1.95434799433e-06
1980,40,1603,1603,23,26,3,2,0.000623830318153,0.00374298190892,NaN,NaN,0.0188439995831,5.8777291276e-06
1980,40,1603,1603,23,33,3,2,0.000623830318153,0.000623830318153,NaN,NaN,0.00313086426698,9.76564025881e-07
1980,40,1603,1603,23,35,3,2,0.000623830318153,0.000623830318153,NaN,NaN,0.00313086426698,9.76564025881e-07
1980,40,1603,1603,23,46,3,3,0.000623830318153,0.000623830318153,NaN,NaN,0.00626563966982,9.77173997165e-07
1980,40,1603,1603,23,48,3,2,0.000623830318153,0.000623830318153,NaN,NaN,0.00313086426698,9.76564025881e-07
1980,40,1603,1603,23,49,3,2,0.000623830318153,0.000623830318153,NaN,NaN,0.00313086426698,9.76564025881e-07
1980,40,1603,1603,23,55,3,2,0.000623830318153,0.000623830318153,NaN,NaN,0.00313086426698,9.76564025881e-07
1980,40,1603,1603,23,60,3,2,0.000623830318153,0.000623830318153,NaN,NaN,0.00313086426698,9.76564025881e-07
1980,40,1603,1603,23,64,3,2,0.000623830318153,0.00249532127261,NaN,NaN,0.012546953235,3.91358491423e-06
1980,40,1603,1603,23,73,3,2,0.000623830318153,0.000623830318153,NaN,NaN,0.00313086426698,9.76564025881e-07
1980,40,1603,1603,23,77,3,2,0.000623830318153,0.00374298190892,NaN,NaN,0.0188439995831,5.8777291276e-06
1980,40,1603,1603,23,94,3,2,0.000623830318153,0.000623830318153,NaN,NaN,0.00313086426698,9.76564025881e-07
1980,40,1603,1603,23,97,3,3,0.000623830318153,0.000623830318153,NaN,NaN,0.00626563966982,9.77173997165e-07
1980,40,1603,1603,23,101,3,2,0.000623830318153,0.00124766063631,NaN,NaN,0.00626563966982,1.95434799433e-06
1980,40,1603,1603,23,105,3,2,0.000623830318153,0.292576419214,NaN,NaN,2.07437151377,0.000647027920703
1980,40,1603,1603,23,115,3,3,0.000623830318153,0.000623830318153,NaN,NaN,0.00626563966982,9.77173997165e-07
1980,40,1603,1603,23,123,3,3,0.000623830318153,0.000623830318153,NaN,NaN,0.012546953235,1.95679245711e-06
1980,40,1603,1603,23,124,3,2,0.000623830318153,0.00187149095446,NaN,NaN,0.00940433354193,2.93335419274e-06
1980,40,1603,1603,23,130,3,2,0.000623830318153,0.000623830318153,NaN,NaN,0.00313086426698,9.76564025881e-07
1980,40,1603,1603,23,131,3,2,0.000623830318153,0.00124766063631,NaN,NaN,0.00626563966982,1.95434799433e-06
1980,40,1603,1603,23,140,3,3,0.000623830318153,0.00124766063631,NaN,NaN,0.0283191976168,4.41659351479e-06
1980,40,1603,1603,23,146,3,2,0.000623830318153,0.000623830318153,NaN,NaN,0.00313086426698,9.76564025881e-07
1980,40,1603,1603,23,149,3,2,0.000623830318153,0.000623830318153,NaN,NaN,0.00313086426698,9.76564025881e-07
1980,40,1603,1603,23,157,3,2,0.000623830318153,0.00124766063631,NaN,NaN,0.00626563966982,1.95434799433e-06
1980,40,1603,1603,23,159,3,2,0.000623830318153,0.00374298190892,NaN,NaN,0.0188439995831,5.8777291276e-06
1980,40,1603,1603,23,164,3,2,0.000623830318153,0.000623830318153,NaN,NaN,0.00313086426698,9.76564025881e-07
1980,40,1603,1603,23,167,3,2,0.000623830318153,0.00311915159077,NaN,NaN,0.0156935061192,4.89504245764e-06
1980,40,1603,1603,23,177,3,2,0.000623830318153,0.000623830318153,NaN,NaN,0.00313086426698,9.76564025881e-07
1980,40,1603,1602,23,186,3,2,0.000624219725343,0.000624219725343,NaN,NaN,0.00313282595372,9.77785878191e-07
1980,40,1603,1603,23,188,3,2,0.000623830318153,0.00623830318153,NaN,NaN,0.0314855276566,9.82081336762e-06
1980,40,1603,1603,23,192,3,3,0.000623830318153,0.000623830318153,NaN,NaN,0.00626563966982,9.77173997165e-07
1980,40,1603,1603,23,198,3,2,0.000623830318153,0.00311915159077,NaN,NaN,0.0156935061192,4.89504245764e-06
1980,40,1603,1603,23,200,3,2,0.000623830318153,0.00124766063631,NaN,NaN,0.00626563966982,1.95434799433e-06
1980,40,1603,1603,23,207,3,2,0.000623830318153,0.008109794136,NaN,NaN,0.0410084146063,1.27911461654e-05
1980,40,1603,1603,23,208,3,2,0.000623830318153,0.000623830318153,NaN,NaN,0.00313086426698,9.76564025881e-07
1980,40,1603,1603,23,211,3,2,0.000623830318153,0.000623830318153,NaN,NaN,0.00313086426698,9.76564025881e-07
1980,40,1603,1603,23,215,3,2,0.000623830318153,0.00124766063631,NaN,NaN,0.00626563966982,1.95434799433e-06
1980,40,1603,1603,23,218,3,3,0.000623830318153,0.00124766063631,NaN,NaN,0.0251568378969,3.92339954724e-06
1980,40,1603,1603,23,220,3,2,0.000623830318153,0.00124766063631,NaN,NaN,0.00626563966982,1.95434799433e-06
1980,40,1603,1603,23,221,3,3,0.000623830318153,0.000623830318153,NaN,NaN,0.00626563966982,9.77173997165e-07
1980,40,1603,1603,23,222,3,2,0.000623830318153,0.000623830318153,NaN,NaN,0.00313086426698,9.76564025881e-07
1980,40,1603,1603,23,226,3,2,0.000623830318153,0.000623830318153,NaN,NaN,0.00313086426698,9.76564025881e-07
1980,40,1603,1603,23,227,3,2,0.000623830318153,0.000623830318153,NaN,NaN,0.00313086426698,9.76564025881e-07
1980,40,1603,1603,23,232,3,2,0.000623830318153,0.000623830318153,NaN,NaN,0.00313086426698,9.76564025881e-07
1980,40,1603,1603,23,233,3,2,0.000623830318153,0.000623830318153,NaN,NaN,0.00313086426698,9.76564025881e-07
1980,40,1603,1603,23,240,3,2,0.000623830318153,0.00187149095446,NaN,NaN,0.00940433354193,2.93335419274e-06
1980,40,1603,1603,23,244,3,2,0.000623830318153,0.000623830318153,NaN,NaN,0.00313086426698,9.76564025881e-07
1980,40,1603,1603,23,245,3,2,0.000623830318153,0.000623830318153,NaN,NaN,0.00313086426698,9.76564025881e-07
1980,40,1603,1603,24,15,2,2,0.000623830318153,0.000623830318153,-3.89164265702e-07,0.999999999625,0.000624609375609,3.89650265508e-07
1980,40,1603,1603,24,20,2,3,0.000623830318153,0.000623830318153,NaN,NaN,0.00124999902527,3.89893644812e-07
1980,40,1603,1603,24,22,2,2,0.000623830318153,0.00124766063631,-7.78328531736e-07,1.00000000005,0.00124999902527,7.79787289623e-07
1980,40,1603,1603,24,26,2,2,0.000623830318153,0.00374298190892,-2.3349855951e-06,1.00000000001,0.00375938967962,2.3452212599e-06
1980,40,1603,1603,24,33,2,2,0.000623830318153,0.000623830318153,-3.89164265702e-07,0.999999999625,0.000624609375609,3.89650265508e-07
1980,40,1603,1603,24,35,2,2,0.000623830318153,0.000623830318153,-3.89164265702e-07,0.999999999625,0.000624609375609,3.89650265508e-07
1980,40,1603,1603,24,46,2,3,0.000623830318153,0.000623830318153,NaN,NaN,0.00124999902527,3.89893644812e-07
1980,40,1603,1603,24,48,2,2,0.000623830318153,0.000623830318153,-3.89164265702e-07,0.999999999625,0.000624609375609,3.89650265508e-07
1980,40,1603,1603,24,49,2,2,0.000623830318153,0.000623830318153,-3.89164265702e-07,0.999999999625,0.000624609375609,3.89650265508e-07
1980,40,1603,1603,24,55,2,2,0.000623830318153,0.000623830318153,-3.89164265702e-07,0.999999999625,0.000624609375609,3.89650265508e-07
1980,40,1603,1603,24,60,2,2,0.000623830318153,0.000623830318153,-3.89164265702e-07,0.999999999625,0.000624609375609,3.89650265508e-07
1980,40,1603,1603,24,64,2,2,0.000623830318153,0.00249532127261,-1.55665706336e-06,0.999999999982,0.00250312500244,1.56152526665e-06
1980,40,1603,1603,24,73,2,2,0.000623830318153,0.000623830318153,-3.89164265702e-07,0.999999999625,0.000624609375609,3.89650265508e-07
1980,40,1603,1603,24,77,2,2,0.000623830318153,0.00374298190892,-2.3349855951e-06,1.00000000001,0.00375938967962,2.3452212599e-06
1980,40,1603,1603,24,94,2,2,0.000623830318153,0.000623830318153,-3.89164265702e-07,0.999999999625,0.000624609375609,3.89650265508e-07
1980,40,1603,1603,24,97,2,3,0.000623830318153,0.000623830318153,NaN,NaN,0.00124999902527,3.89893644812e-07
1980,40,1603,1603,24,101,2,2,0.000623830318153,0.00124766063631,-7.78328531736e-07,1.00000000005,0.00124999902527,7.79787289623e-07
1980,40,1603,1603,24,105,2,2,0.000623830318153,0.292576419214,-0.000182518040682,1.0,0.413838411862,0.000258164948136
1980,40,1603,1603,24,115,2,3,0.000623830318153,0.000623830318153,NaN,NaN,0.00124999902527,3.89893644812e-07
1980,40,1603,1603,24,123,2,3,0.000623830318153,0.000623830318153,NaN,NaN,0.00250312500244,7.80762633325e-07
1980,40,1603,1603,24,124,2,2,0.000623830318153,0.00187149095446,-1.16749279755e-06,1.00000000001,0.00187617041199,1.17041198502e-06
1980,40,1603,1603,24,130,2,2,0.000623830318153,0.000623830318153,-3.89164265702e-07,0.999999999625,0.000624609375609,3.89650265508e-07
1980,40,1603,1603,24,131,2,2,0.000623830318153,0.00124766063631,-7.78328531736e-07,1.00000000005,0.00124999902527,7.79787289623e-07
1980,40,1603,1603,24,140,2,3,0.000623830318153,0.00124766063631,NaN,NaN,0.00564969760196,1.76222632625e-06
1980,40,1603,1603,24,146,2,2,0.000623830318153,0.000623830318153,-3.89164265702e-07,0.999999999625,0.000624609375609,3.89650265508e-07
1980,40,1603,1603,24,149,2,2,0.000623830318153,0.000623830318153,-3.89164265702e-07,0.999999999625,0.000624609375609,3.89650265508e-07
1980,40,1603,1603,24,157,2,2,0.000623830318153,0.00124766063631,-7.78328531736e-07,1.00000000005,0.00124999902527,7.79787289623e-07
1980,40,1603,1603,24,159,2,2,0.000623830318153,0.00374298190892,-2.3349855951e-06,1.00000000001,0.00375938967962,2.3452212599e-06
1980,40,1603,1603,24,164,2,2,0.000623830318153,0.000623830318153,-3.89164265702e-07,0.999999999625,0.000624609375609,3.89650265508e-07
1980,40,1603,1603,24,167,2,2,0.000623830318153,0.00311915159077,-1.94582132917e-06,0.999999999968,0.00313086426698,1.95312805176e-06
1980,40,1603,1603,24,177,2,2,0.000623830318153,0.000623830318153,-3.89164265702e-07,0.999999999625,0.000624609375609,3.89650265508e-07
1980,40,1603,1602,24,186,2,2,0.000624219725343,0.000624219725343,-3.89650265498e-07,0.999999999974,0.000624999756164,3.90137176132e-07
1980,40,1603,1603,24,188,2,2,0.000623830318153,0.00623830318153,-3.89164265846e-06,0.999999999996,0.00628138242138,3.91851679437e-06
1980,40,1603,1603,24,192,2,3,0.000623830318153,0.000623830318153,NaN,NaN,0.00124999902527,3.89893644812e-07
1980,40,1603,1603,24,198,2,2,0.000623830318153,0.00311915159077,-1.94582132917e-06,0.999999999968,0.00313086426698,1.95312805176e-06
1980,40,1603,1603,24,200,2,2,0.000623830318153,0.00124766063631,-7.78328531736e-07,1.00000000005,0.00124999902527,7.79787289623e-07
1980,40,1603,1603,24,207,2,2,0.000623830318153,0.008109794136,-5.05913545601e-06,0.999999999998,0.00818120431222,5.10368328897e-06
1980,40,1603,1603,24,208,2,2,0.000623830318153,0.000623830318153,-3.89164265702e-07,0.999999999625,0.000624609375609,3.89650265508e-07
1980,40,1603,1603,24,211,2,2,0.000623830318153,0.000623830318153,-3.89164265702e-07,0.999999999625,0.000624609375609,3.89650265508e-07
1980,40,1603,1603,24,215,2,2,0.000623830318153,0.00124766063631,-7.78328531736e-07,1.00000000005,0.00124999902527,7.79787289623e-07
1980,40,1603,1603,24,218,2,3,0.000623830318153,0.00124766063631,NaN,NaN,0.00501880486383,1.56544131748e-06
1980,40,1603,1603,24,220,2,2,0.000623830318153,0.00124766063631,-7.78328531736e-07,1.00000000005,0.00124999902527,7.79787289623e-07
1980,40,1603,1603,24,221,2,3,0.000623830318153,0.000623830318153,NaN,NaN,0.00124999902527,3.89893644812e-07
1980,40,1603,1603,24,222,2,2,0.000623830318153,0.000623830318153,-3.89164265702e-07,0.999999999625,0.000624609375609,3.89650265508e-07
1980,40,1603,1603,24,226,2,2,0.000623830318153,0.000623830318153,-3.89164265702e-07,0.999999999625,0.000624609375609,3.89650265508e-07
1980,40,1603,1603,24,227,2,2,0.000623830318153,0.000623830318153,-3.89164265702e-07,0.999999999625,0.000624609375609,3.89650265508e-07
1980,40,1603,1603,24,232,2,2,0.000623830318153,0.000623830318153,-3.89164265702e-07,0.999999999625,0.000624609375609,3.89650265508e-07
1980,40,1603,1603,24,233,2,2,0.000623830318153,0.000623830318153,-3.89164265702e-07,0.999999999625,0.000624609375609,3.89650265508e-07
1980,40,1603,1603,24,240,2,2,0.000623830318153,0.00187149095446,-1.16749279755e-06,1.00000000001,0.00187617041199,1.17041198502e-06
1980,40,1603,1603,24,244,2,2,0.000623830318153,0.000623830318153,-3.89164265702e-07,0.999999999625,0.000624609375609,3.89650265508e-07
1980,40,1603,1603,24,245,2,2,0.000623830318153,0.000623830318153,-3.89164265702e-07,0.999999999625,0.000624609375609,3.89650265508e-07
1980,40,1603,1603,26,15,2,2,0.000623830318153,0.000623830318153,-3.89164265702e-07,0.999999999625,0.000624609375609,3.89650265508e-07
1980,40,1603,1603,26,20,2,3,0.000623830318153,0.000623830318153,NaN,NaN,0.00124999902527,3.89893644812e-07
1980,40,1603,1603,26,22,2,2,0.000623830318153,0.00124766063631,-7.78328531736e-07,1.00000000005,0.00124999902527,7.79787289623e-07
1980,40,1603,1603,26,26,2,2,0.000623830318153,0.00374298190892,-2.3349855951e-06,1.00000000001,0.00375938967962,2.3452212599e-06
1980,40,1603,1603,26,33,2,2,0.000623830318153,0.000623830318153,-3.89164265702e-07,0.999999999625,0.000624609375609,3.89650265508e-07
1980,40,1603,1603,26,35,2,2,0.000623830318153,0.000623830318153,-3.89164265702e-07,0.999999999625,0.000624609375609,3.89650265508e-07
1980,40,1603,1603,26,46,2,3,0.000623830318153,0.000623830318153,NaN,NaN,0.00124999902527,3.89893644812e-07
1980,40,1603,1603,26,48,2,2,0.000623830318153,0.000623830318153,-3.89164265702e-07,0.999999999625,0.000624609375609,3.89650265508e-07
1980,40,1603,1603,26,49,2,2,0.000623830318153,0.000623830318153,-3.89164265702e-07,0.999999999625,0.000624609375609,3.89650265508e-07
1980,40,1603,1603,26,55,2,2,0.000623830318153,0.000623830318153,-3.89164265702e-07,0.999999999625,0.000624609375609,3.89650265508e-07
1980,40,1603,1603,26,60,2,2,0.000623830318153,0.000623830318153,-3.89164265702e-07,0.999999999625,0.000624609375609,3.89650265508e-07
1980,40,1603,1603,26,64,2,2,0.000623830318153,0.00249532127261,-1.55665706336e-06,0.999999999982,0.00250312500244,1.56152526665e-06
1980,40,1603,1603,26,73,2,2,0.000623830318153,0.000623830318153,-3.89164265702e-07,0.999999999625,0.000624609375609,3.89650265508e-07
1980,40,1603,1603,26,77,2,2,0.000623830318153,0.00374298190892,-2.3349855951e-06,1.00000000001,0.00375938967962,2.3452212599e-06
1980,40,1603,1603,26,94,2,2,0.000623830318153,0.000623830318153,-3.89164265702e-07,0.999999999625,0.000624609375609,3.89650265508e-07
1980,40,1603,1603,26,97,2,3,0.000623830318153,0.000623830318153,NaN,NaN,0.00124999902527,3.89893644812e-07
1980,40,1603,1603,26,101,2,2,0.000623830318153,0.00124766063631,-7.78328531736e-07,1.00000000005,0.00124999902527,7.79787289623e-07
1980,40,1603,1603,26,105,2,2,0.000623830318153,0.292576419214,-0.000182518040682,1.0,0.413838411862,0.000258164948136
1980,40,1603,1603,26,115,2,3,0.000623830318153,0.000623830318153,NaN,NaN,0.00124999902527,3.89893644812e-07
1980,40,1603,1603,26,123,2,3,0.000623830318153,0.000623830318153,NaN,NaN,0.00250312500244,7.80762633325e-07
1980,40,1603,1603,26,124,2,2,0.000623830318153,0.00187149095446,-1.16749279755e-06,1.00000000001,0.00187617041199,1.17041198502e-06
1980,40,1603,1603,26,130,2,2,0.000623830318153,0.000623830318153,-3.89164265702e-07,0.999999999625,0.000624609375609,3.89650265508e-07
1980,40,1603,1603,26,131,2,2,0.000623830318153,0.00124766063631,-7.78328531736e-07,1.00000000005,0.00124999902527,7.79787289623e-07
1980,40,1603,1603,26,140,2,3,0.000623830318153,0.00124766063631,NaN,NaN,0.00564969760196,1.76222632625e-06
1980,40,1603,1603,26,146,2,2,0.000623830318153,0.000623830318153,-3.89164265702e-07,0.999999999625,0.000624609375609,3.89650265508e-07
1980,40,1603,1603,26,149,2,2,0.000623830318153,0.000623830318153,-3.89164265702e-07,0.999999999625,0.000624609375609,3.89650265508e-07
1980,40,1603,1603,26,157,2,2,0.000623830318153,0.00124766063631,-7.78328531736e-07,1.00000000005,0.00124999902527,7.79787289623e-07
1980,40,1603,1603,26,159,2,2,0.000623830318153,0.00374298190892,-2.3349855951e-06,1.00000000001,0.00375938967962,2.3452212599e-06
1980,40,1603,1603,26,164,2,2,0.000623830318153,0.000623830318153,-3.89164265702e-07,0.999999999625,0.000624609375609,3.89650265508e-07
1980,40,1603,1603,26,167,2,2,0.000623830318153,0.00311915159077,-1.94582132917e-06,0.999999999968,0.00313086426698,1.95312805176e-06
1980,40,1603,1603,26,177,2,2,0.000623830318153,0.000623830318153,-3.89164265702e-07,0.999999999625,0.000624609375609,3.89650265508e-07
1980,40,1603,1602,26,186,2,2,0.000624219725343,0.000624219725343,-3.89650265498e-07,0.999999999974,0.000624999756164,3.90137176132e-07
1980,40,1603,1603,26,188,2,2,0.000623830318153,0.00623830318153,-3.89164265846e-06,0.999999999996,0.00628138242138,3.91851679437e-06
1980,40,1603,1603,26,192,2,3,0.000623830318153,0.000623830318153,NaN,NaN,0.00124999902527,3.89893644812e-07
1980,40,1603,1603,26,198,2,2,0.000623830318153,0.00311915159077,-1.94582132917e-06,0.999999999968,0.00313086426698,1.95312805176e-06
1980,40,1603,1603,26,200,2,2,0.000623830318153,0.00124766063631,-7.78328531736e-07,1.00000000005,0.00124999902527,7.79787289623e-07
1980,40,1603,1603,26,207,2,2,0.000623830318153,0.008109794136,-5.05913545601e-06,0.999999999998,0.00818120431222,5.10368328897e-06
1980,40,1603,1603,26,208,2,2,0.000623830318153,0.000623830318153,-3.89164265702e-07,0.999999999625,0.000624609375609,3.89650265508e-07
1980,40,1603,1603,26,211,2,2,0.000623830318153,0.000623830318153,-3.89164265702e-07,0.999999999625,0.000624609375609,3.89650265508e-07
1980,40,1603,1603,26,215,2,2,0.000623830318153,0.00124766063631,-7.78328531736e-07,1.00000000005,0.00124999902527,7.79787289623e-07
1980,40,1603,1603,26,218,2,3,0.000623830318153,0.00124766063631,NaN,NaN,0.00501880486383,1.56544131748e-06
1980,40,1603,1603,26,220,2,2,0.000623830318153,0.00124766063631,-7.78328531736e-07,1.00000000005,0.00124999902527,7.79787289623e-07
1980,40,1603,1603,26,221,2,3,0.000623830318153,0.000623830318153,NaN,NaN,0.00124999902527,3.89893644812e-07
1980,40,1603,1603,26,222,2,2,0.000623830318153,0.000623830318153,-3.89164265702e-07,0.999999999625,0.000624609375609,3.89650265508e-07
1980,40,1603,1603,26,226,2,2,0.000623830318153,0.000623830318153,-3.89164265702e-07,0.999999999625,0.000624609375609,3.89650265508e-07
1980,40,1603,1603,26,227,2,2,0.000623830318153,0.000623830318153,-3.89164265702e-07,0.999999999625,0.000624609375609,3.89650265508e-07
1980,40,1603,1603,26,232,2,2,0.000623830318153,0.000623830318153,-3.89164265702e-07,0.999999999625,0.000624609375609,3.89650265508e-07
1980,40,1603,1603,26,233,2,2,0.000623830318153,0.000623830318153,-3.89164265702e-07,0.999999999625,0.000624609375609,3.89650265508e-07
1980,40,1603,1603,26,240,2,2,0.000623830318153,0.00187149095446,-1.16749279755e-06,1.00000000001,0.00187617041199,1.17041198502e-06
1980,40,1603,1603,26,244,2,2,0.000623830318153,0.000623830318153,-3.89164265702e-07,0.999999999625,0.000624609375609,3.89650265508e-07
1980,40,1603,1603,26,245,2,2,0.000623830318153,0.000623830318153,-3.89164265702e-07,0.999999999625,0.000624609375609,3.89650265508e-07
1980,40,1603,1603,27,15,2,2,0.000623830318153,0.000623830318153,-3.89164265702e-07,0.999999999625,0.000624609375609,3.89650265508e-07
1980,40,1603,1603,27,20,2,3,0.000623830318153,0.000623830318153,NaN,NaN,0.00124999902527,3.89893644812e-07
1980,40,1603,1603,27,22,2,2,0.000623830318153,0.00124766063631,-7.78328531736e-07,1.00000000005,0.00124999902527,7.79787289623e-07
1980,40,1603,1603,27,26,2,2,0.000623830318153,0.00374298190892,-2.3349855951e-06,1.00000000001,0.00375938967962,2.3452212599e-06
1980,40,1603,1603,27,33,2,2,0.000623830318153,0.000623830318153,-3.89164265702e-07,0.999999999625,0.000624609375609,3.89650265508e-07
1980,40,1603,1603,27,35,2,2,0.000623830318153,0.000623830318153,-3.89164265702e-07,0.999999999625,0.000624609375609,3.89650265508e-07
1980,40,1603,1603,27,46,2,3,0.000623830318153,0.000623830318153,NaN,NaN,0.00124999902527,3.89893644812e-07
1980,40,1603,1603,27,48,2,2,0.000623830318153,0.000623830318153,-3.89164265702e-07,0.999999999625,0.000624609375609,3.89650265508e-07
1980,40,1603,1603,27,49,2,2,0.000623830318153,0.000623830318153,-3.89164265702e-07,0.999999999625,0.000624609375609,3.89650265508e-07
1980,40,1603,1603,27,55,2,2,0.000623830318153,0.000623830318153,-3.89164265702e-07,0.999999999625,0.000624609375609,3.89650265508e-07
1980,40,1603,1603,27,60,2,2,0.000623830318153,0.000623830318153,-3.89164265702e-07,0.999999999625,0.000624609375609,3.89650265508e-07
1980,40,1603,1603,27,64,2,2,0.000623830318153,0.00249532127261,-1.55665706336e-06,0.999999999982,0.00250312500244,1.56152526665e-06
1980,40,1603,1603,27,73,2,2,0.000623830318153,0.000623830318153,-3.89164265702e-07,0.999999999625,0.000624609375609,3.89650265508e-07
1980,40,1603,1603,27,77,2,2,0.000623830318153,0.00374298190892,-2.3349855951e-06,1.00000000001,0.00375938967962,2.3452212599e-06
1980,40,1603,1603,27,94,2,2,0.000623830318153,0.000623830318153,-3.89164265702e-07,0.999999999625,0.000624609375609,3.89650265508e-07
1980,40,1603,1603,27,97,2,3,0.000623830318153,0.000623830318153,NaN,NaN,0.00124999902527,3.89893644812e-07
1980,40,1603,1603,27,101,2,2,0.000623830318153,0.00124766063631,-7.78328531736e-07,1.00000000005,0.00124999902527,7.79787289623e-07
1980,40,1603,1603,27,105,2,2,0.000623830318153,0.292576419214,-0.000182518040682,1.0,0.413838411862,0.000258164948136
1980,40,1603,1603,27,115,2,3,0.000623830318153,0.000623830318153,NaN,NaN,0.00124999902527,3.89893644812e-07
1980,40,1603,1603,27,123,2,3,0.000623830318153,0.000623830318153,NaN,NaN,0.00250312500244,7.80762633325e-07
1980,40,1603,1603,27,124,2,2,0.000623830318153,0.00187149095446,-1.16749279755e-06,1.00000000001,0.00187617041199,1.17041198502e-06
1980,40,1603,1603,27,130,2,2,0.000623830318153,0.000623830318153,-3.89164265702e-07,0.999999999625,0.000624609375609,3.89650265508e-07
1980,40,1603,1603,27,131,2,2,0.000623830318153,0.00124766063631,-7.78328531736e-07,1.00000000005,0.00124999902527,7.79787289623e-07
1980,40,1603,1603,27,140,2,3,0.000623830318153,0.00124766063631,NaN,NaN,0.00564969760196,1.76222632625e-06
1980,40,1603,1603,27,146,2,2,0.000623830318153,0.000623830318153,-3.89164265702e-07,0.999999999625,0.000624609375609,3.89650265508e-07
1980,40,1603,1603,27,149,2,2,0.000623830318153,0.000623830318153,-3.89164265702e-07,0.999999999625,0.000624609375609,3.89650265508e-07
1980,40,1603,1603,27,157,2,2,0.000623830318153,0.00124766063631,-7.78328531736e-07,1.00000000005,0.00124999902527,7.79787289623e-07
1980,40,1603,1603,27,159,2,2,0.000623830318153,0.00374298190892,-2.3349855951e-06,1.00000000001,0.00375938967962,2.3452212599e-06
1980,40,1603,1603,27,164,2,2,0.000623830318153,0.000623830318153,-3.89164265702e-07,0.999999999625,0.000624609375609,3.89650265508e-07
1980,40,1603,1603,27,167,2,2,0.000623830318153,0.00311915159077,-1.94582132917e-06,0.999999999968,0.00313086426698,1.95312805176e-06
1980,40,1603,1603,27,177,2,2,0.000623830318153,0.000623830318153,-3.89164265702e-07,0.999999999625,0.000624609375609,3.89650265508e-07
1980,40,1603,1602,27,186,2,2,0.000624219725343,0.000624219725343,-3.89650265498e-07,0.999999999974,0.000624999756164,3.90137176132e-07
1980,40,1603,1603,27,188,2,2,0.000623830318153,0.00623830318153,-3.89164265846e-06,0.999999999996,0.00628138242138,3.91851679437e-06
1980,40,1603,1603,27,192,2,3,0.000623830318153,0.000623830318153,NaN,NaN,0.00124999902527,3.89893644812e-07
1980,40,1603,1603,27,198,2,2,0.000623830318153,0.00311915159077,-1.94582132917e-06,0.999999999968,0.00313086426698,1.95312805176e-06
1980,40,1603,1603,27,200,2,2,0.000623830318153,0.00124766063631,-7.78328531736e-07,1.00000000005,0.00124999902527,7.79787289623e-07
1980,40,1603,1603,27,207,2,2,0.000623830318153,0.008109794136,-5.05913545601e-06,0.999999999998,0.00818120431222,5.10368328897e-06
1980,40,1603,1603,27,208,2,2,0.000623830318153,0.000623830318153,-3.89164265702e-07,0.999999999625,0.000624609375609,3.89650265508e-07
1980,40,1603,1603,27,211,2,2,0.000623830318153,0.000623830318153,-3.89164265702e-07,0.999999999625,0.000624609375609,3.89650265508e-07
1980,40,1603,1603,27,215,2,2,0.000623830318153,0.00124766063631,-7.78328531736e-07,1.00000000005,0.00124999902527,7.79787289623e-07
1980,40,1603,1603,27,218,2,3,0.000623830318153,0.00124766063631,NaN,NaN,0.00501880486383,1.56544131748e-06
1980,40,1603,1603,27,220,2,2,0.000623830318153,0.00124766063631,-7.78328531736e-07,1.00000000005,0.00124999902527,7.79787289623e-07
1980,40,1603,1603,27,221,2,3,0.000623830318153,0.000623830318153,NaN,NaN,0.00124999902527,3.89893644812e-07
1980,40,1603,1603,27,222,2,2,0.000623830318153,0.000623830318153,-3.89164265702e-07,0.999999999625,0.000624609375609,3.89650265508e-07
1980,40,1603,1603,27,226,2,2,0.000623830318153,0.000623830318153,-3.89164265702e-07,0.999999999625,0.000624609375609,3.89650265508e-07
1980,40,1603,1603,27,227,2,2,0.000623830318153,0.000623830318153,-3.89164265702e-07,0.999999999625,0.000624609375609,3.89650265508e-07
1980,40,1603,1603,27,232,2,2,0.000623830318153,0.000623830318153,-3.89164265702e-07,0.999999999625,0.000624609375609,3.89650265508e-07
1980,40,1603,1603,27,233,2,2,0.000623830318153,0.000623830318153,-3.89164265702e-07,0.999999999625,0.000624609375609,3.89650265508e-07
1980,40,1603,1603,27,240,2,2,0.000623830318153,0.00187149095446,-1.16749279755e-06,1.00000000001,0.00187617041199,1.17041198502e-06
1980,40,1603,1603,27,244,2,2,0.000623830318153,0.000623830318153,-3.89164265702e-07,0.999999999625,0.000624609375609,3.89650265508e-07
1980,40,1603,1603,27,245,2,2,0.000623830318153,0.000623830318153,-3.89164265702e-07,0.999999999625,0.000624609375609,3.89650265508e-07
1980,40,1603,1603,55,15,2,2,0.000623830318153,0.000623830318153,-3.89164265702e-07,0.999999999625,0.000624609375609,3.89650265508e-07
1980,40,1603,1603,55,20,2,3,0.000623830318153,0.000623830318153,NaN,NaN,0.00124999902527,3.89893644812e-07
1980,40,1603,1603,55,22,2,2,0.000623830318153,0.00124766063631,-7.78328531736e-07,1.00000000005,0.00124999902527,7.79787289623e-07
1980,40,1603,1603,55,26,2,2,0.000623830318153,0.00374298190892,-2.3349855951e-06,1.00000000001,0.00375938967962,2.3452212599e-06
1980,40,1603,1603,55,33,2,2,0.000623830318153,0.000623830318153,-3.89164265702e-07,0.999999999625,0.000624609375609,3.89650265508e-07
1980,40,1603,1603,55,35,2,2,0.000623830318153,0.000623830318153,-3.89164265702e-07,0.999999999625,0.000624609375609,3.89650265508e-07
1980,40,1603,1603,55,46,2,3,0.000623830318153,0.000623830318153,NaN,NaN,0.00124999902527,3.89893644812e-07
1980,40,1603,1603,55,48,2,2,0.000623830318153,0.000623830318153,-3.89164265702e-07,0.999999999625,0.000624609375609,3.89650265508e-07
1980,40,1603,1603,55,49,2,2,0.000623830318153,0.000623830318153,-3.89164265702e-07,0.999999999625,0.000624609375609,3.89650265508e-07
1980,40,1603,1603,55,55,2,2,0.000623830318153,0.000623830318153,-3.89164265702e-07,0.999999999625,0.000624609375609,3.89650265508e-07
1980,40,1603,1603,55,60,2,2,0.000623830318153,0.000623830318153,-3.89164265702e-07,0.999999999625,0.000624609375609,3.89650265508e-07
1980,40,1603,1603,55,64,2,2,0.000623830318153,0.00249532127261,-1.55665706336e-06,0.999999999982,0.00250312500244,1.56152526665e-06
1980,40,1603,1603,55,73,2,2,0.000623830318153,0.000623830318153,-3.89164265702e-07,0.999999999625,0.000624609375609,3.89650265508e-07
1980,40,1603,1603,55,77,2,2,0.000623830318153,0.00374298190892,-2.3349855951e-06,1.00000000001,0.00375938967962,2.3452212599e-06
1980,40,1603,1603,55,94,2,2,0.000623830318153,0.000623830318153,-3.89164265702e-07,0.999999999625,0.000624609375609,3.89650265508e-07
1980,40,1603,1603,55,97,2,3,0.000623830318153,0.000623830318153,NaN,NaN,0.00124999902527,3.89893644812e-07
1980,40,1603,1603,55,101,2,2,0.000623830318153,0.00124766063631,-7.78328531736e-07,1.00000000005,0.00124999902527,7.79787289623e-07
1980,40,1603,1603,55,105,2,2,0.000623830318153,0.292576419214,-0.000182518040682,1.0,0.413838411862,0.000258164948136
1980,40,1603,1603,55,115,2,3,0.000623830318153,0.000623830318153,NaN,NaN,0.00124999902527,3.89893644812e-07
1980,40,1603,1603,55,123,2,3,0.000623830318153,0.000623830318153,NaN,NaN,0.00250312500244,7.80762633325e-07
1980,40,1603,1603,55,124,2,2,0.000623830318153,0.00187149095446,-1.16749279755e-06,1.00000000001,0.00187617041199,1.17041198502e-06
1980,40,1603,1603,55,130,2,2,0.000623830318153,0.000623830318153,-3.89164265702e-07,0.999999999625,0.000624609375609,3.89650265508e-07
1980,40,1603,1603,55,131,2,2,0.000623830318153,0.00124766063631,-7.78328531736e-07,1.00000000005,0.00124999902527,7.79787289623e-07
1980,40,1603,1603,55,140,2,3,0.000623830318153,0.00124766063631,NaN,NaN,0.00564969760196,1.76222632625e-06
1980,40,1603,1603,55,146,2,2,0.000623830318153,0.000623830318153,-3.89164265702e-07,0.999999999625,0.000624609375609,3.89650265508e-07
1980,40,1603,1603,55,149,2,2,0.000623830318153,0.000623830318153,-3.89164265702e-07,0.999999999625,0.000624609375609,3.89650265508e-07
1980,40,1603,1603,55,157,2,2,0.000623830318153,0.00124766063631,-7.78328531736e-07,1.00000000005,0.00124999902527,7.79787289623e-07
1980,40,1603,1603,55,159,2,2,0.000623830318153,0.00374298190892,-2.3349855951e-06,1.00000000001,0.00375938967962,2.3452212599e-06
1980,40,1603,1603,55,164,2,2,0.000623830318153,0.000623830318153,-3.89164265702e-07,0.999999999625,0.000624609375609,3.89650265508e-07
1980,40,1603,1603,55,167,2,2,0.000623830318153,0.00311915159077,-1.94582132917e-06,0.999999999968,0.00313086426698,1.95312805176e-06
1980,40,1603,1603,55,177,2,2,0.000623830318153,0.000623830318153,-3.89164265702e-07,0.999999999625,0.000624609375609,3.89650265508e-07
1980,40,1603,1602,55,186,2,2,0.000624219725343,0.000624219725343,-3.89650265498e-07,0.999999999974,0.000624999756164,3.90137176132e-07
1980,40,1603,1603,55,188,2,2,0.000623830318153,0.00623830318153,-3.89164265846e-06,0.999999999996,0.00628138242138,3.91851679437e-06
1980,40,1603,1603,55,192,2,3,0.000623830318153,0.000623830318153,NaN,NaN,0.00124999902527,3.89893644812e-07
1980,40,1603,1603,55,198,2,2,0.000623830318153,0.00311915159077,-1.94582132917e-06,0.999999999968,0.00313086426698,1.95312805176e-06
1980,40,1603,1603,55,200,2,2,0.000623830318153,0.00124766063631,-7.78328531736e-07,1.00000000005,0.00124999902527,7.79787289623e-07
1980,40,1603,1603,55,207,2,2,0.000623830318153,0.008109794136,-5.05913545601e-06,0.999999999998,0.00818120431222,5.10368328897e-06
1980,40,1603,1603,55,208,2,2,0.000623830318153,0.000623830318153,-3.89164265702e-07,0.999999999625,0.000624609375609,3.89650265508e-07
1980,40,1603,1603,55,211,2,2,0.000623830318153,0.000623830318153,-3.89164265702e-07,0.999999999625,0.000624609375609,3.89650265508e-07
1980,40,1603,1603,55,215,2,2,0.000623830318153,0.00124766063631,-7.78328531736e-07,1.00000000005,0.00124999902527,7.79787289623e-07
1980,40,1603,1603,55,218,2,3,0.000623830318153,0.00124766063631,NaN,NaN,0.00501880486383,1.56544131748e-06
1980,40,1603,1603,55,220,2,2,0.000623830318153,0.00124766063631,-7.78328531736e-07,1.00000000005,0.00124999902527,7.79787289623e-07
1980,40,1603,1603,55,221,2,3,0.000623830318153,0.000623830318153,NaN,NaN,0.00124999902527,3.89893644812e-07
1980,40,1603,1603,55,222,2,2,0.000623830318153,0.000623830318153,-3.89164265702e-07,0.999999999625,0.000624609375609,3.89650265508e-07
1980,40,1603,1603,55,226,2,2,0.000623830318153,0.000623830318153,-3.89164265702e-07,0.999999999625,0.000624609375609,3.89650265508e-07
1980,40,1603,1603,55,227,2,2,0.000623830318153,0.000623830318153,-3.89164265702e-07,0.999999999625,0.000624609375609,3.89650265508e-07
1980,40,1603,1603,55,232,2,2,0.000623830318153,0.000623830318153,-3.89164265702e-07,0.999999999625,0.000624609375609,3.89650265508e-07
1980,40,1603,1603,55,233,2,2,0.000623830318153,0.000623830318153,-3.89164265702e-07,0.999999999625,0.000624609375609,3.89650265508e-07
1980,40,1603,1603,55,240,2,2,0.000623830318153,0.00187149095446,-1.16749279755e-06,1.00000000001,0.00187617041199,1.17041198502e-06
1980,40,1603,1603,55,244,2,2,0.000623830318153,0.000623830318153,-3.89164265702e-07,0.999999999625,0.000624609375609,3.89650265508e-07
1980,40,1603,1603,55,245,2,2,0.000623830318153,0.000623830318153,-3.89164265702e-07,0.999999999625,0.000624609375609,3.89650265508e-07
1980,40,1603,1603,56,15,2,2,0.00436681222707,0.000623830318153,-2.72414986091e-06,0.999999999992,0.00438870271809,2.73780581291e-06
1980,40,1603,1603,56,20,2,3,0.00436681222707,0.000623830318153,NaN,NaN,0.00878288788805,2.73951587275e-06
1980,40,1603,1603,56,22,2,2,0.00436681222707,0.00124766063631,-5.44829972182e-06,0.999999999992,0.00878288788805,5.47903174551e-06
1980,40,1603,1603,56,26,2,2,0.00436681222707,0.00374298190892,-1.63448991656e-05,0.999999999999,0.0264146590647,1.64782651682e-05
1980,40,1603,1603,56,33,2,2,0.00436681222707,0.000623830318153,-2.72414986091e-06,0.999999999992,0.00438870271809,2.73780581291e-06
1980,40,1603,1603,56,35,2,2,0.00436681222707,0.000623830318153,0.000621106168293,1.0,228.142322097,0.142322097378
1980,40,1603,1603,56,46,2,3,0.00436681222707,0.000623830318153,NaN,NaN,0.00878288788805,2.73951587275e-06
1980,40,1603,1603,56,48,2,2,0.00436681222707,0.000623830318153,-2.72414986091e-06,0.999999999992,0.00438870271809,2.73780581291e-06
1980,40,1603,1603,56,49,2,2,0.00436681222707,0.000623830318153,-2.72414986091e-06,0.999999999992,0.00438870271809,2.73780581291e-06
1980,40,1603,1603,56,55,2,2,0.00436681222707,0.000623830318153,-2.72414986091e-06,0.999999999992,0.00438870271809,2.73780581291e-06
1980,40,1603,1603,56,60,2,2,0.00436681222707,0.000623830318153,-2.72414986091e-06,0.999999999992,0.00438870271809,2.73780581291e-06
1980,40,1603,1603,56,64,2,2,0.00436681222707,0.00249532127261,-1.08965994438e-05,1.0,0.0175877467277,1.09717696367e-05
1980,40,1603,1603,56,73,2,2,0.00436681222707,0.000623830318153,-2.72414986091e-06,0.999999999992,0.00438870271809,2.73780581291e-06
1980,40,1603,1603,56,77,2,2,0.00436681222707,0.00374298190892,-1.63448991656e-05,0.999999999999,0.0264146590647,1.64782651682e-05
1980,40,1603,1603,56,94,2,2,0.00436681222707,0.000623830318153,-2.72414986091e-06,0.999999999992,0.00438870271809,2.73780581291e-06
1980,40,1603,1603,56,97,2,3,0.00436681222707,0.000623830318153,NaN,NaN,0.00878288788805,2.73951587275e-06
1980,40,1603,1603,56,101,2,2,0.00436681222707,0.00124766063631,-5.44829972182e-06,0.999999999992,0.00878288788805,5.47903174551e-06
1980,40,1603,1603,56,105,2,2,0.00436681222707,0.292576419214,-0.000653795966624,0.511727078891,0.761439253191,0.000475008891573
1980,40,1603,1603,56,115,2,3,0.00436681222707,0.000623830318153,NaN,NaN,0.00878288788805,2.73951587275e-06
1980,40,1603,1603,56,123,2,3,0.00436681222707,0.000623830318153,NaN,NaN,0.0175877467277,5.48588481836e-06
1980,40,1603,1603,56,124,2,2,0.00436681222707,0.00187149095446,-8.17244958284e-06,1.00000000001,0.0131825657895,8.22368421053e-06
1980,40,1603,1603,56,130,2,2,0.00436681222707,0.000623830318153,-2.72414986091e-06,0.999999999992,0.00438870271809,2.73780581291e-06
1980,40,1603,1603,56,131,2,2,0.00436681222707,0.00124766063631,-5.44829972182e-06,0.999999999992,0.00878288788805,5.47903174551e-06
1980,40,1603,1603,56,140,2,3,0.00436681222707,0.00124766063631,NaN,NaN,0.0396965594664,1.23819586608e-05
1980,40,1603,1603,56,146,2,2,0.00436681222707,0.000623830318153,-2.72414986091e-06,0.999999999992,0.00438870271809,2.73780581291e-06
1980,40,1603,1603,56,149,2,2,0.00436681222707,0.000623830318153,-2.72414986091e-06,0.999999999992,0.00438870271809,2.73780581291e-06
1980,40,1603,1603,56,157,2,2,0.00436681222707,0.00124766063631,-5.44829972182e-06,0.999999999992,0.00878288788805,5.47903174551e-06
1980,40,1603,1603,56,159,2,2,0.00436681222707,0.00374298190892,-1.63448991656e-05,0.999999999999,0.0264146590647,1.64782651682e-05
1980,40,1603,1603,56,164,2,2,0.00436681222707,0.000623830318153,-2.72414986091e-06,0.999999999992,0.00438870271809,2.73780581291e-06
1980,40,1603,1603,56,167,2,2,0.00436681222707,0.00311915159077,-1.36207493046e-05,0.999999999992,0.0219984410337,1.3723294469e-05
1980,40,1603,1603,56,177,2,2,0.00436681222707,0.000623830318153,-2.72414986091e-06,0.999999999992,0.00438870271809,2.73780581291e-06
1980,40,1603,1602,56,186,2,2,0.0043695380774,0.000624219725343,-2.72755185859e-06,1.00000000001,0.00439145596698,2.74123343757e-06
1980,40,1603,1603,56,188,2,2,0.00436681222707,0.00623830318153,-2.72414986093e-05,1.0,0.044134976487,2.75327364236e-05
1980,40,1603,1603,56,192,2,3,0.00436681222707,0.000623830318153,NaN,NaN,0.00878288788805,2.73951587275e-06
1980,40,1603,1603,56,198,2,2,0.00436681222707,0.00311915159077,-1.36207493046e-05,0.999999999992,0.0219984410337,1.3723294469e-05
1980,40,1603,1603,56,200,2,2,0.00436681222707,0.00124766063631,-5.44829972182e-06,0.999999999992,0.00878288788805,5.47903174551e-06
1980,40,1603,1603,56,207,2,2,0.00436681222707,0.008109794136,-3.54139481921e-05,0.999999999998,0.0574837250359,3.58600904778e-05
1980,40,1603,1603,56,208,2,2,0.00436681222707,0.000623830318153,-2.72414986091e-06,0.999999999992,0.00438870271809,2.73780581291e-06
1980,40,1603,1603,56,211,2,2,0.00436681222707,0.000623830318153,-2.72414986091e-06,0.999999999992,0.00438870271809,2.73780581291e-06
1980,40,1603,1603,56,215,2,2,0.00436681222707,0.00124766063631,-5.44829972182e-06,0.999999999992,0.00878288788805,5.47903174551e-06
1980,40,1603,1603,56,218,2,3,0.00436681222707,0.00124766063631,NaN,NaN,0.035263707859,1.09992850465e-05
1980,40,1603,1603,56,220,2,2,0.00436681222707,0.00124766063631,-5.44829972182e-06,0.999999999992,0.00878288788805,5.47903174551e-06
1980,40,1603,1603,56,221,2,3,0.00436681222707,0.000623830318153,NaN,NaN,0.00878288788805,2.73951587275e-06
1980,40,1603,1603,56,222,2,2,0.00436681222707,0.000623830318153,-2.72414986091e-06,0.999999999992,0.00438870271809,2.73780581291e-06
1980,40,1603,1603,56,226,2,2,0.00436681222707,0.000623830318153,-2.72414986091e-06,0.999999999992,0.00438870271809,2.73780581291e-06
1980,40,1603,1603,56,227,2,2,0.00436681222707,0.000623830318153,-2.72414986091e-06,0.999999999992,0.00438870271809,2.73780581291e-06
1980,40,1603,1603,56,232,2,2,0.00436681222707,0.000623830318153,-2.72414986091e-06,0.999999999992,0.00438870271809,2.73780581291e-06
1980,40,1603,1603,56,233,2,2,0.00436681222707,0.000623830318153,-2.72414986091e-06,0.999999999992,0.00438870271809,2.73780581291e-06
1980,40,1603,1603,56,240,2,2,0.00436681222707,0.00187149095446,-8.17244958284e-06,1.00000000001,0.0131825657895,8.22368421053e-06
1980,40,1603,1603,56,244,2,2,0.00436681222707,0.000623830318153,-2.72414986091e-06,0.999999999992,0.00438870271809,2.73780581291e-06
1980,40,1603,1603,56,245,2,2,0.00436681222707,0.000623830318153,-2.72414986091e-06,0.999999999992,0.00438870271809,2.73780581291e-06
1980,40,1603,1603,60,15,2,2,0.00124766063631,0.000623830318153,-7.78328531736e-07,1.00000000005,0.00124999902527,7.79787289623e-07
1980,40,1603,1603,60,20,2,3,0.00124766063631,0.000623830318153,NaN,NaN,0.00250155957336,7.80274352265e-07
1980,40,1603,1603,60,22,2,2,0.00124766063631,0.00124766063631,-1.55665706347e-06,1.00000000005,0.00250155957336,1.56054870453e-06
1980,40,1603,1603,60,26,2,2,0.00124766063631,0.00374298190892,-4.66997119031e-06,1.00000000003,0.00752347566115,4.69337221531e-06
1980,40,1603,1603,60,33,2,2,0.00124766063631,0.000623830318153,-7.78328531736e-07,1.00000000005,0.00124999902527,7.79787289623e-07
1980,40,1603,1603,60,35,2,2,0.00124766063631,0.000623830318153,-7.78328531736e-07,1.00000000005,0.00124999902527,7.79787289623e-07
1980,40,1603,1603,60,46,2,3,0.00124766063631,0.000623830318153,NaN,NaN,0.00250155957336,7.80274352265e-07
1980,40,1603,1603,60,48,2,2,0.00124766063631,0.000623830318153,-7.78328531736e-07,1.00000000005,0.00124999902527,7.79787289623e-07
1980,40,1603,1603,60,49,2,2,0.00124766063631,0.000623830318153,-7.78328531736e-07,1.00000000005,0.00124999902527,7.79787289623e-07
1980,40,1603,1603,60,55,2,2,0.00124766063631,0.000623830318153,-7.78328531736e-07,1.00000000005,0.00124999902527,7.79787289623e-07
1980,40,1603,1603,60,60,2,2,0.00124766063631,0.000623830318153,-7.78328531736e-07,1.00000000005,0.00124999902527,7.79787289623e-07
1980,40,1603,1603,60,64,2,2,0.00124766063631,0.00249532127261,-3.11331412683e-06,1.00000000002,0.00500937695679,3.1250012207e-06
1980,40,1603,1603,60,73,2,2,0.00124766063631,0.000623830318153,-7.78328531736e-07,1.00000000005,0.00124999902527,7.79787289623e-07
1980,40,1603,1603,60,77,2,2,0.00124766063631,0.00374298190892,-4.66997119031e-06,1.00000000003,0.00752347566115,4.69337221531e-06
1980,40,1603,1603,60,94,2,2,0.00124766063631,0.000623830318153,-7.78328531736e-07,1.00000000005,0.00124999902527,7.79787289623e-07
1980,40,1603,1603,60,97,2,3,0.00124766063631,0.000623830318153,NaN,NaN,0.00250155957336,7.80274352265e-07
1980,40,1603,1603,60,101,2,2,0.00124766063631,0.00124766063631,-1.55665706347e-06,1.00000000005,0.00250155957336,1.56054870453e-06
1980,40,1603,1603,60,105,2,2,0.00124766063631,0.292576419214,-0.000365036081365,1.0,0.828193798629,0.000516652400891
1980,40,1603,1603,60,115,2,3,0.00124766063631,0.000623830318153,NaN,NaN,0.00250155957336,7.80274352265e-07
1980,40,1603,1603,60,123,2,3,0.00124766063631,0.000623830318153,NaN,NaN,0.00500937695679,1.56250061035e-06
1980,40,1603,1603,60,124,2,2,0.00124766063631,0.00187149095446,-2.33498559521e-06,1.00000000005,0.00375468457214,2.34228607121e-06
1980,40,1603,1603,60,130,2,2,0.00124766063631,0.000623830318153,-7.78328531736e-07,1.00000000005,0.00124999902527,7.79787289623e-07
1980,40,1603,1603,60,131,2,2,0.00124766063631,0.00124766063631,-1.55665706347e-06,1.00000000005,0.00250155957336,1.56054870453e-06
1980,40,1603,1603,60,140,2,3,0.00124766063631,0.00124766063631,NaN,NaN,0.0113064529149,3.52665405953e-06
1980,40,1603,1603,60,146,2,2,0.00124766063631,0.000623830318153,-7.78328531736e-07,1.00000000005,0.00124999902527,7.79787289623e-07
1980,40,1603,1603,60,149,2,2,0.00124766063631,0.000623830318153,-7.78328531736e-07,1.00000000005,0.00124999902527,7.79787289623e-07
1980,40,1603,1603,60,157,2,2,0.00124766063631,0.00124766063631,-1.55665706347e-06,1.00000000005,0.00250155957336,1.56054870453e-06
1980,40,1603,1603,60,159,2,2,0.00124766063631,0.00374298190892,-4.66997119031e-06,1.00000000003,0.00752347566115,4.69337221531e-06
1980,40,1603,1603,60,164,2,2,0.00124766063631,0.000623830318153,-7.78328531736e-07,1.00000000005,0.00124999902527,7.79787289623e-07
1980,40,1603,1603,60,167,2,2,0.00124766063631,0.00311915159077,-3.89164265846e-06,0.999999999996,0.00626563966982,3.90869598866e-06
1980,40,1603,1603,60,177,2,2,0.00124766063631,0.000623830318153,-7.78328531736e-07,1.00000000005,0.00124999902527,7.79787289623e-07
1980,40,1603,1602,60,186,2,2,0.00124843945069,0.000624219725343,-7.79300530995e-07,0.999999999974,0.00125078076202,7.80762023735e-07
1980,40,1603,1603,60,188,2,2,0.00124766063631,0.00623830318153,-7.78328531692e-06,0.999999999996,0.0125706116665,7.84192867531e-06
1980,40,1603,1603,60,192,2,3,0.00124766063631,0.000623830318153,NaN,NaN,0.00250155957336,7.80274352265e-07
1980,40,1603,1603,60,198,2,2,0.00124766063631,0.00311915159077,-3.89164265846e-06,0.999999999996,0.00626563966982,3.90869598866e-06
1980,40,1603,1603,60,200,2,2,0.00124766063631,0.00124766063631,-1.55665706347e-06,1.00000000005,0.00250155957336,1.56054870453e-06
1980,40,1603,1603,60,207,2,2,0.00124766063631,0.008109794136,-1.01182709121e-05,1.00000000001,0.0163726287423,1.02137421973e-05
1980,40,1603,1603,60,208,2,2,0.00124766063631,0.000623830318153,-7.78328531736e-07,1.00000000005,0.00124999902527,7.79787289623e-07
1980,40,1603,1603,60,211,2,2,0.00124766063631,0.000623830318153,-7.78328531736e-07,1.00000000005,0.00124999902527,7.79787289623e-07
1980,40,1603,1603,60,215,2,2,0.00124766063631,0.00124766063631,-1.55665706347e-06,1.00000000005,0.00250155957336,1.56054870453e-06
1980,40,1603,1603,60,218,2,3,0.00124766063631,0.00124766063631,NaN,NaN,0.0100438793152,3.13283821436e-06
1980,40,1603,1603,60,220,2,2,0.00124766063631,0.00124766063631,-1.55665706347e-06,1.00000000005,0.00250155957336,1.56054870453e-06
1980,40,1603,1603,60,221,2,3,0.00124766063631,0.000623830318153,NaN,NaN,0.00250155957336,7.80274352265e-07
1980,40,1603,1603,60,222,2,2,0.00124766063631,0.000623830318153,-7.78328531736e-07,1.00000000005,0.00124999902527,7.79787289623e-07
1980,40,1603,1603,60,226,2,2,0.00124766063631,0.000623830318153,-7.78328531736e-07,1.00000000005,0.00124999902527,7.79787289623e-07
1980,40,1603,1603,60,227,2,2,0.00124766063631,0.000623830318153,-7.78328531736e-07,1.00000000005,0.00124999902527,7.79787289623e-07
1980,40,1603,1603,60,232,2,2,0.00124766063631,0.000623830318153,-7.78328531736e-07,1.00000000005,0.00124999902527,7.79787289623e-07
1980,40,1603,1603,60,233,2,2,0.00124766063631,0.000623830318153,-7.78328531736e-07,1.00000000005,0.00124999902527,7.79787289623e-07
1980,40,1603,1603,60,240,2,2,0.00124766063631,0.00187149095446,-2.33498559521e-06,1.00000000005,0.00375468457214,2.34228607121e-06
1980,40,1603,1603,60,244,2,2,0.00124766063631,0.000623830318153,-7.78328531736e-07,1.00000000005,0.00124999902527,7.79787289623e-07
1980,40,1603,1603,60,245,2,2,0.00124766063631,0.000623830318153,-7.78328531736e-07,1.00000000005,0.00124999902527,7.79787289623e-07
1980,40,1603,1603,62,15,3,2,0.000623830318153,0.000623830318153,NaN,NaN,0.00124999902527,3.89893644812e-07
1980,40,1603,1603,62,20,3,3,0.000623830318153,0.000623830318153,NaN,NaN,0.00250155957336,3.90137176132e-07
1980,40,1603,1603,62,22,3,2,0.000623830318153,0.00124766063631,NaN,NaN,0.00250155957336,7.80274352265e-07
1980,40,1603,1603,62,26,3,2,0.000623830318153,0.00374298190892,NaN,NaN,0.00752347566115,2.34668610766e-06
1980,40,1603,1603,62,33,3,2,0.000623830318153,0.000623830318153,NaN,NaN,0.00124999902527,3.89893644812e-07
1980,40,1603,1603,62,35,3,2,0.000623830318153,0.000623830318153,NaN,NaN,0.00124999902527,3.89893644812e-07
1980,40,1603,1603,62,46,3,3,0.000623830318153,0.000623830318153,NaN,NaN,0.00250155957336,3.90137176132e-07
1980,40,1603,1603,62,48,3,2,0.000623830318153,0.000623830318153,NaN,NaN,0.00124999902527,3.89893644812e-07
1980,40,1603,1603,62,49,3,2,0.000623830318153,0.000623830318153,NaN,NaN,0.00124999902527,3.89893644812e-07
1980,40,1603,1603,62,55,3,2,0.000623830318153,0.000623830318153,NaN,NaN,0.00124999902527,3.89893644812e-07
1980,40,1603,1603,62,60,3,2,0.000623830318153,0.000623830318153,NaN,NaN,0.00124999902527,3.89893644812e-07
1980,40,1603,1603,62,64,3,2,0.000623830318153,0.00249532127261,NaN,NaN,0.00500937695679,1.56250061035e-06
1980,40,1603,1603,62,73,3,2,0.000623830318153,0.000623830318153,NaN,NaN,0.00124999902527,3.89893644812e-07
1980,40,1603,1603,62,77,3,2,0.000623830318153,0.00374298190892,NaN,NaN,0.00752347566115,2.34668610766e-06
1980,40,1603,1603,62,94,3,2,0.000623830318153,0.000623830318153,NaN,NaN,0.00124999902527,3.89893644812e-07
1980,40,1603,1603,62,97,3,3,0.000623830318153,0.000623830318153,NaN,NaN,0.00250155957336,3.90137176132e-07
1980,40,1603,1603,62,101,3,2,0.000623830318153,0.00124766063631,NaN,NaN,0.00250155957336,7.80274352265e-07
1980,40,1603,1603,62,105,3,2,0.000623830318153,0.292576419214,NaN,NaN,0.828193798629,0.000258326200446
1980,40,1603,1603,62,115,3,3,0.000623830318153,0.000623830318153,NaN,NaN,0.00250155957336,3.90137176132e-07
1980,40,1603,1603,62,123,3,3,0.000623830318153,0.000623830318153,NaN,NaN,0.00500937695679,7.81250305176e-07
1980,40,1603,1603,62,124,3,2,0.000623830318153,0.00187149095446,NaN,NaN,0.00375468457214,1.1711430356e-06
1980,40,1603,1603,62,130,3,2,0.000623830318153,0.000623830318153,NaN,NaN,0.00124999902527,3.89893644812e-07
1980,40,1603,1603,62,131,3,2,0.000623830318153,0.00124766063631,NaN,NaN,0.00250155957336,7.80274352265e-07
1980,40,1603,1603,62,140,3,3,0.000623830318153,0.00124766063631,NaN,NaN,0.0113064529149,1.76332702977e-06
1980,40,1603,1603,62,146,3,2,0.000623830318153,0.000623830318153,NaN,NaN,0.00124999902527,3.89893644812e-07
1980,40,1603,1603,62,149,3,2,0.000623830318153,0.000623830318153,NaN,NaN,0.00124999902527,3.89893644812e-07
1980,40,1603,1603,62,157,3,2,0.000623830318153,0.00124766063631,NaN,NaN,0.00250155957336,7.80274352265e-07
1980,40,1603,1603,62,159,3,2,0.000623830318153,0.00374298190892,NaN,NaN,0.00752347566115,2.34668610766e-06
1980,40,1603,1603,62,164,3,2,0.000623830318153,0.000623830318153,NaN,NaN,0.00124999902527,3.89893644812e-07
1980,40,1603,1603,62,167,3,2,0.000623830318153,0.00311915159077,NaN,NaN,0.00626563966982,1.95434799433e-06
1980,40,1603,1603,62,177,3,2,0.000623830318153,0.000623830318153,NaN,NaN,0.00124999902527,3.89893644812e-07
1980,40,1603,1602,62,186,3,2,0.000624219725343,0.000624219725343,NaN,NaN,0.00125078076202,3.90381011868e-07
1980,40,1603,1603,62,188,3,2,0.000623830318153,0.00623830318153,NaN,NaN,0.0125706116665,3.92096433765e-06
1980,40,1603,1603,62,192,3,3,0.000623830318153,0.000623830318153,NaN,NaN,0.00250155957336,3.90137176132e-07
1980,40,1603,1603,62,198,3,2,0.000623830318153,0.00311915159077,NaN,NaN,0.00626563966982,1.95434799433e-06
1980,40,1603,1603,62,200,3,2,0.000623830318153,0.00124766063631,NaN,NaN,0.00250155957336,7.80274352265e-07
1980,40,1603,1603,62,207,3,2,0.000623830318153,0.008109794136,NaN,NaN,0.0163726287423,5.10687109865e-06
1980,40,1603,1603,62,208,3,2,0.000623830318153,0.000623830318153,NaN,NaN,0.00124999902527,3.89893644812e-07
1980,40,1603,1603,62,211,3,2,0.000623830318153,0.000623830318153,NaN,NaN,0.00124999902527,3.89893644812e-07
1980,40,1603,1603,62,215,3,2,0.000623830318153,0.00124766063631,NaN,NaN,0.00250155957336,7.80274352265e-07
1980,40,1603,1603,62,218,3,3,0.000623830318153,0.00124766063631,NaN,NaN,0.0100438793152,1.56641910718e-06
1980,40,1603,1603,62,220,3,2,0.000623830318153,0.00124766063631,NaN,NaN,0.00250155957336,7.80274352265e-07
1980,40,1603,1603,62,221,3,3,0.000623830318153,0.000623830318153,NaN,NaN,0.00250155957336,3.90137176132e-07
1980,40,1603,1603,62,222,3,2,0.000623830318153,0.000623830318153,NaN,NaN,0.00124999902527,3.89893644812e-07
1980,40,1603,1603,62,226,3,2,0.000623830318153,0.000623830318153,NaN,NaN,0.00124999902527,3.89893644812e-07
1980,40,1603,1603,62,227,3,2,0.000623830318153,0.000623830318153,NaN,NaN,0.00124999902527,3.89893644812e-07
1980,40,1603,1603,62,232,3,2,0.000623830318153,0.000623830318153,NaN,NaN,0.00124999902527,3.89893644812e-07
1980,40,1603,1603,62,233,3,2,0.000623830318153,0.000623830318153,NaN,NaN,0.00124999902527,3.89893644812e-07
1980,40,1603,1603,62,240,3,2,0.000623830318153,0.00187149095446,NaN,NaN,0.00375468457214,1.1711430356e-06
1980,40,1603,1603,62,244,3,2,0.000623830318153,0.000623830318153,NaN,NaN,0.00124999902527,3.89893644812e-07
1980,40,1603,1603,62,245,3,2,0.000623830318153,0.000623830318153,NaN,NaN,0.00124999902527,3.89893644812e-07
1980,40,1603,1603,63,15,2,2,0.000623830318153,0.000623830318153,-3.89164265702e-07,0.999999999625,0.000624609375609,3.89650265508e-07
1980,40,1603,1603,63,20,2,3,0.000623830318153,0.000623830318153,NaN,NaN,0.00124999902527,3.89893644812e-07
1980,40,1603,1603,63,22,2,2,0.000623830318153,0.00124766063631,-7.78328531736e-07,1.00000000005,0.00124999902527,7.79787289623e-07
1980,40,1603,1603,63,26,2,2,0.000623830318153,0.00374298190892,-2.3349855951e-06,1.00000000001,0.00375938967962,2.3452212599e-06
1980,40,1603,1603,63,33,2,2,0.000623830318153,0.000623830318153,-3.89164265702e-07,0.999999999625,0.000624609375609,3.89650265508e-07
1980,40,1603,1603,63,35,2,2,0.000623830318153,0.000623830318153,-3.89164265702e-07,0.999999999625,0.000624609375609,3.89650265508e-07
1980,40,1603,1603,63,46,2,3,0.000623830318153,0.000623830318153,NaN,NaN,0.00124999902527,3.89893644812e-07
1980,40,1603,1603,63,48,2,2,0.000623830318153,0.000623830318153,-3.89164265702e-07,0.999999999625,0.000624609375609,3.89650265508e-07
1980,40,1603,1603,63,49,2,2,0.000623830318153,0.000623830318153,-3.89164265702e-07,0.999999999625,0.000624609375609,3.89650265508e-07
1980,40,1603,1603,63,55,2,2,0.000623830318153,0.000623830318153,-3.89164265702e-07,0.999999999625,0.000624609375609,3.89650265508e-07
1980,40,1603,1603,63,60,2,2,0.000623830318153,0.000623830318153,-3.89164265702e-07,0.999999999625,0.000624609375609,3.89650265508e-07
1980,40,1603,1603,63,64,2,2,0.000623830318153,0.00249532127261,-1.55665706336e-06,0.999999999982,0.00250312500244,1.56152526665e-06
1980,40,1603,1603,63,73,2,2,0.000623830318153,0.000623830318153,-3.89164265702e-07,0.999999999625,0.000624609375609,3.89650265508e-07
1980,40,1603,1603,63,77,2,2,0.000623830318153,0.00374298190892,-2.3349855951e-06,1.00000000001,0.00375938967962,2.3452212599e-06
1980,40,1603,1603,63,94,2,2,0.000623830318153,0.000623830318153,-3.89164265702e-07,0.999999999625,0.000624609375609,3.89650265508e-07
1980,40,1603,1603,63,97,2,3,0.000623830318153,0.000623830318153,NaN,NaN,0.00124999902527,3.89893644812e-07
1980,40,1603,1603,63,101,2,2,0.000623830318153,0.00124766063631,-7.78328531736e-07,1.00000000005,0.00124999902527,7.79787289623e-07
1980,40,1603,1603,63,105,2,2,0.000623830318153,0.292576419214,0.000441312277471,1.0,2.41941975516,0.00150930739561
1980,40,1603,1603,63,115,2,3,0.000623830318153,0.000623830318153,NaN,NaN,0.00124999902527,3.89893644812e-07
1980,40,1603,1603,63,123,2,3,0.000623830318153,0.000623830318153,NaN,NaN,0.00250312500244,7.80762633325e-07
1980,40,1603,1603,63,124,2,2,0.000623830318153,0.00187149095446,-1.16749279755e-06,1.00000000001,0.00187617041199,1.17041198502e-06
1980,40,1603,1603,63,130,2,2,0.000623830318153,0.000623830318153,-3.89164265702e-07,0.999999999625,0.000624609375609,3.89650265508e-07
1980,40,1603,1603,63,131,2,2,0.000623830318153,0.00124766063631,-7.78328531736e-07,1.00000000005,0.00124999902527,7.79787289623e-07
1980,40,1603,1603,63,140,2,3,0.000623830318153,0.00124766063631,NaN,NaN,0.00564969760196,1.76222632625e-06
1980,40,1603,1603,63,146,2,2,0.000623830318153,0.000623830318153,-3.89164265702e-07,0.999999999625,0.000624609375609,3.89650265508e-07
1980,40,1603,1603,63,149,2,2,0.000623830318153,0.000623830318153,-3.89164265702e-07,0.999999999625,0.000624609375609,3.89650265508e-07
1980,40,1603,1603,63,157,2,2,0.000623830318153,0.00124766063631,-7.78328531736e-07,1.00000000005,0.00124999902527,7.79787289623e-07
1980,40,1603,1603,63,159,2,2,0.000623830318153,0.00374298190892,-2.3349855951e-06,1.00000000001,0.00375938967962,2.3452212599e-06
1980,40,1603,1603,63,164,2,2,0.000623830318153,0.000623830318153,-3.89164265702e-07,0.999999999625,0.000624609375609,3.89650265508e-07
1980,40,1603,1603,63,167,2,2,0.000623830318153,0.00311915159077,-1.94582132917e-06,0.999999999968,0.00313086426698,1.95312805176e-06
1980,40,1603,1603,63,177,2,2,0.000623830318153,0.000623830318153,-3.89164265702e-07,0.999999999625,0.000624609375609,3.89650265508e-07
1980,40,1603,1602,63,186,2,2,0.000624219725343,0.000624219725343,-3.89650265498e-07,0.999999999974,0.000624999756164,3.90137176132e-07
1980,40,1603,1603,63,188,2,2,0.000623830318153,0.00623830318153,-3.89164265846e-06,0.999999999996,0.00628138242138,3.91851679437e-06
1980,40,1603,1603,63,192,2,3,0.000623830318153,0.000623830318153,NaN,NaN,0.00124999902527,3.89893644812e-07
1980,40,1603,1603,63,198,2,2,0.000623830318153,0.00311915159077,-1.94582132917e-06,0.999999999968,0.00313086426698,1.95312805176e-06
1980,40,1603,1603,63,200,2,2,0.000623830318153,0.00124766063631,-7.78328531736e-07,1.00000000005,0.00124999902527,7.79787289623e-07
1980,40,1603,1603,63,207,2,2,0.000623830318153,0.008109794136,-5.05913545601e-06,0.999999999998,0.00818120431222,5.10368328897e-06
1980,40,1603,1603,63,208,2,2,0.000623830318153,0.000623830318153,-3.89164265702e-07,0.999999999625,0.000624609375609,3.89650265508e-07
1980,40,1603,1603,63,211,2,2,0.000623830318153,0.000623830318153,-3.89164265702e-07,0.999999999625,0.000624609375609,3.89650265508e-07
1980,40,1603,1603,63,215,2,2,0.000623830318153,0.00124766063631,-7.78328531736e-07,1.00000000005,0.00124999902527,7.79787289623e-07
1980,40,1603,1603,63,218,2,3,0.000623830318153,0.00124766063631,NaN,NaN,0.00501880486383,1.56544131748e-06
1980,40,1603,1603,63,220,2,2,0.000623830318153,0.00124766063631,-7.78328531736e-07,1.00000000005,0.00124999902527,7.79787289623e-07
1980,40,1603,1603,63,221,2,3,0.000623830318153,0.000623830318153,NaN,NaN,0.00124999902527,3.89893644812e-07
1980,40,1603,1603,63,222,2,2,0.000623830318153,0.000623830318153,-3.89164265702e-07,0.999999999625,0.000624609375609,3.89650265508e-07
1980,40,1603,1603,63,226,2,2,0.000623830318153,0.000623830318153,-3.89164265702e-07,0.999999999625,0.000624609375609,3.89650265508e-07
1980,40,1603,1603,63,227,2,2,0.000623830318153,0.000623830318153,-3.89164265702e-07,0.999999999625,0.000624609375609,3.89650265508e-07
1980,40,1603,1603,63,232,2,2,0.000623830318153,0.000623830318153,-3.89164265702e-07,0.999999999625,0.000624609375609,3.89650265508e-07
1980,40,1603,1603,63,233,2,2,0.000623830318153,0.000623830318153,-3.89164265702e-07,0.999999999625,0.000624609375609,3.89650265508e-07
1980,40,1603,1603,63,240,2,2,0.000623830318153,0.00187149095446,-1.16749279755e-06,1.00000000001,0.00187617041199,1.17041198502e-06
1980,40,1603,1603,63,244,2,2,0.000623830318153,0.000623830318153,-3.89164265702e-07,0.999999999625,0.000624609375609,3.89650265508e-07
1980,40,1603,1603,63,245,2,2,0.000623830318153,0.000623830318153,-3.89164265702e-07,0.999999999625,0.000624609375609,3.89650265508e-07
1980,40,1603,1603,64,15,2,2,0.00311915159077,0.000623830318153,-1.94582132917e-06,0.999999999968,0.00313086426698,1.95312805176e-06
1980,40,1603,1603,64,20,2,3,0.00311915159077,0.000623830318153,NaN,NaN,0.00626563966982,1.95434799433e-06
1980,40,1603,1603,64,22,2,2,0.00311915159077,0.00124766063631,-3.89164265846e-06,0.999999999996,0.00626563966982,3.90869598866e-06
1980,40,1603,1603,64,26,2,2,0.00311915159077,0.00374298190892,-1.16749279754e-05,0.999999999996,0.0188439995831,1.17554582552e-05
1980,40,1603,1603,64,33,2,2,0.00311915159077,0.000623830318153,-1.94582132917e-06,0.999999999968,0.00313086426698,1.95312805176e-06
1980,40,1603,1603,64,35,2,2,0.00311915159077,0.000623830318153,-1.94582132917e-06,0.999999999968,0.00313086426698,1.95312805176e-06
1980,40,1603,1603,64,46,2,3,0.00311915159077,0.000623830318153,NaN,NaN,0.00626563966982,1.95434799433e-06
1980,40,1603,1603,64,48,2,2,0.00311915159077,0.000623830318153,-1.94582132917e-06,0.999999999968,0.00313086426698,1.95312805176e-06
1980,40,1603,1603,64,49,2,2,0.00311915159077,0.000623830318153,-1.94582132917e-06,0.999999999968,0.00313086426698,1.95312805176e-06
1980,40,1603,1603,64,55,2,2,0.00311915159077,0.000623830318153,-1.94582132917e-06,0.999999999968,0.00313086426698,1.95312805176e-06
1980,40,1603,1603,64,60,2,2,0.00311915159077,0.000623830318153,-1.94582132917e-06,0.999999999968,0.00313086426698,1.95312805176e-06
1980,40,1603,1603,64,64,2,2,0.00311915159077,0.00249532127261,-7.78328531681e-06,0.999999999982,0.012546953235,7.82716982845e-06
1980,40,1603,1603,64,73,2,2,0.00311915159077,0.000623830318153,-1.94582132917e-06,0.999999999968,0.00313086426698,1.95312805176e-06
1980,40,1603,1603,64,77,2,2,0.00311915159077,0.00374298190892,-1.16749279754e-05,0.999999999996,0.0188439995831,1.17554582552e-05
1980,40,1603,1603,64,94,2,2,0.00311915159077,0.000623830318153,-1.94582132917e-06,0.999999999968,0.00313086426698,1.95312805176e-06
1980,40,1603,1603,64,97,2,3,0.00311915159077,0.000623830318153,NaN,NaN,0.00626563966982,1.95434799433e-06
1980,40,1603,1603,64,101,2,2,0.00311915159077,0.00124766063631,-3.89164265846e-06,0.999999999996,0.00626563966982,3.90869598866e-06
1980,40,1603,1603,64,105,2,2,0.00311915159077,0.292576419214,0.000335070432895,0.151851851852,0.279645057981,0.00017445106549
1980,40,1603,1603,64,115,2,3,0.00311915159077,0.000623830318153,NaN,NaN,0.00626563966982,1.95434799433e-06
1980,40,1603,1603,64,123,2,3,0.00311915159077,0.000623830318153,NaN,NaN,0.012546953235,3.91358491423e-06
1980,40,1603,1603,64,124,2,2,0.00311915159077,0.00187149095446,-5.83746398775e-06,1.00000000001,0.00940433354193,5.86670838548e-06
1980,40,1603,1603,64,130,2,2,0.00311915159077,0.000623830318153,-1.94582132917e-06,0.999999999968,0.00313086426698,1.95312805176e-06
1980,40,1603,1603,64,131,2,2,0.00311915159077,0.00124766063631,-3.89164265846e-06,0.999999999996,0.00626563966982,3.90869598866e-06
1980,40,1603,1603,64,140,2,3,0.00311915159077,0.00124766063631,NaN,NaN,0.0283191976168,8.83318702958e-06
1980,40,1603,1603,64,146,2,2,0.00311915159077,0.000623830318153,-1.94582132917e-06,0.999999999968,0.00313086426698,1.95312805176e-06
1980,40,1603,1603,64,149,2,2,0.00311915159077,0.000623830318153,-1.94582132917e-06,0.999999999968,0.00313086426698,1.95312805176e-06
1980,40,1603,1603,64,157,2,2,0.00311915159077,0.00124766063631,-3.89164265846e-06,0.999999999996,0.00626563966982,3.90869598866e-06
1980,40,1603,1603,64,159,2,2,0.00311915159077,0.00374298190892,0.000612155390178,0.196994364433,51.8069496049,0.0323187458546
1980,40,1603,1603,64,164,2,2,0.00311915159077,0.000623830318153,-1.94582132917e-06,0.999999999968,0.00313086426698,1.95312805176e-06
1980,40,1603,1603,64,167,2,2,0.00311915159077,0.00311915159077,-9.72910664609e-06,0.999999999991,0.0156935061192,9.79008491528e-06
1980,40,1603,1603,64,177,2,2,0.00311915159077,0.000623830318153,-1.94582132917e-06,0.999999999968,0.00313086426698,1.95312805176e-06
1980,40,1603,1602,64,186,2,2,0.00312109862672,0.000624219725343,-1.94825132749e-06,0.999999999974,0.00313282595372,1.95557175638e-06
1980,40,1603,1603,64,188,2,2,0.00311915159077,0.00623830318153,-1.94582132924e-05,1.0,0.0314855276566,1.96416267352e-05
1980,40,1603,1603,64,192,2,3,0.00311915159077,0.000623830318153,NaN,NaN,0.00626563966982,1.95434799433e-06
1980,40,1603,1603,64,198,2,2,0.00311915159077,0.00311915159077,-9.72910664609e-06,0.999999999991,0.0156935061192,9.79008491528e-06
1980,40,1603,1603,64,200,2,2,0.00311915159077,0.00124766063631,-3.89164265846e-06,0.999999999996,0.00626563966982,3.90869598866e-06
1980,40,1603,1603,64,207,2,2,0.00311915159077,0.008109794136,-2.529567728e-05,0.999999999998,0.0410084146063,2.55822923308e-05
1980,40,1603,1603,64,208,2,2,0.00311915159077,0.000623830318153,-1.94582132917e-06,0.999999999968,0.00313086426698,1.95312805176e-06
1980,40,1603,1603,64,211,2,2,0.00311915159077,0.000623830318153,-1.94582132917e-06,0.999999999968,0.00313086426698,1.95312805176e-06
1980,40,1603,1603,64,215,2,2,0.00311915159077,0.00124766063631,-3.89164265846e-06,0.999999999996,0.00626563966982,3.90869598866e-06
1980,40,1603,1603,64,218,2,3,0.00311915159077,0.00124766063631,NaN,NaN,0.0251568378969,7.84679909448e-06
1980,40,1603,1603,64,220,2,2,0.00311915159077,0.00124766063631,-3.89164265846e-06,0.999999999996,0.00626563966982,3.90869598866e-06
1980,40,1603,1603,64,221,2,3,0.00311915159077,0.000623830318153,NaN,NaN,0.00626563966982,1.95434799433e-06
1980,40,1603,1603,64,222,2,2,0.00311915159077,0.000623830318153,-1.94582132917e-06,0.999999999968,0.00313086426698,1.95312805176e-06
1980,40,1603,1603,64,226,2,2,0.00311915159077,0.000623830318153,-1.94582132917e-06,0.999999999968,0.00313086426698,1.95312805176e-06
1980,40,1603,1603,64,227,2,2,0.00311915159077,0.000623830318153,-1.94582132917e-06,0.999999999968,0.00313086426698,1.95312805176e-06
1980,40,1603,1603,64,232,2,2,0.00311915159077,0.000623830318153,-1.94582132917e-06,0.999999999968,0.00313086426698,1.95312805176e-06
1980,40,1603,1603,64,233,2,2,0.00311915159077,0.000623830318153,-1.94582132917e-06,0.999999999968,0.00313086426698,1.95312805176e-06
1980,40,1603,1603,64,240,2,2,0.00311915159077,0.00187149095446,-5.83746398775e-06,1.00000000001,0.00940433354193,5.86670838548e-06
1980,40,1603,1603,64,244,2,2,0.00311915159077,0.000623830318153,-1.94582132917e-06,0.999999999968,0.00313086426698,1.95312805176e-06
1980,40,1603,1603,64,245,2,2,0.00311915159077,0.000623830318153,-1.94582132917e-06,0.999999999968,0.00313086426698,1.95312805176e-06
1980,40,1603,1603,65,15,2,2,0.0131004366812,0.000623830318153,-8.17244958273e-06,0.999999999992,0.0132826223857,8.28610254881e-06
1980,40,1603,1603,65,20,2,3,0.0131004366812,0.000623830318153,NaN,NaN,0.0265818376789,8.29127812816e-06
1980,40,1603,1603,65,22,2,2,0.0131004366812,0.00124766063631,0.000607485418988,0.493362831858,36.7191168315,0.0229064983353
1980,40,1603,1603,65,26,2,2,0.0131004366812,0.00374298190892,-4.90346974967e-05,0.999999999999,0.0799452513285,4.98722715711e-05
1980,40,1603,1603,65,33,2,2,0.0131004366812,0.000623830318153,-8.17244958273e-06,0.999999999992,0.0132826223857,8.28610254881e-06
1980,40,1603,1603,65,35,2,2,0.0131004366812,0.000623830318153,-8.17244958273e-06,0.999999999992,0.0132826223857,8.28610254881e-06
1980,40,1603,1603,65,46,2,3,0.0131004366812,0.000623830318153,NaN,NaN,0.0265818376789,8.29127812816e-06
1980,40,1603,1603,65,48,2,2,0.0131004366812,0.000623830318153,-8.17244958273e-06,0.999999999992,0.0132826223857,8.28610254881e-06
1980,40,1603,1603,65,49,2,2,0.0131004366812,0.000623830318153,-8.17244958273e-06,0.999999999992,0.0132826223857,8.28610254881e-06
1980,40,1603,1603,65,55,2,2,0.0131004366812,0.000623830318153,-8.17244958273e-06,0.999999999992,0.0132826223857,8.28610254881e-06
1980,40,1603,1603,65,60,2,2,0.0131004366812,0.000623830318153,-8.17244958273e-06,0.999999999992,0.0132826223857,8.28610254881e-06
1980,40,1603,1603,65,64,2,2,0.0131004366812,0.00249532127261,-3.26897983312e-05,0.999999999999,0.0532301715121,3.32065948297e-05
1980,40,1603,1603,65,73,2,2,0.0131004366812,0.000623830318153,-8.17244958273e-06,0.999999999992,0.0132826223857,8.28610254881e-06
1980,40,1603,1603,65,77,2,2,0.0131004366812,0.00374298190892,-4.90346974967e-05,0.999999999999,0.0799452513285,4.98722715711e-05
1980,40,1603,1603,65,94,2,2,0.0131004366812,0.000623830318153,-8.17244958273e-06,0.999999999992,0.0132826223857,8.28610254881e-06
1980,40,1603,1603,65,97,2,3,0.0131004366812,0.000623830318153,NaN,NaN,0.0265818376789,8.29127812816e-06
1980,40,1603,1603,65,101,2,2,0.0131004366812,0.00124766063631,-1.63448991656e-05,0.999999999999,0.0265818376789,1.65825562563e-05
1980,40,1603,1603,65,105,2,2,0.0131004366812,0.292576419214,0.00801989719058,0.865373309818,38.5295150257,0.0240358796168
1980,40,1603,1603,65,115,2,3,0.0131004366812,0.000623830318153,NaN,NaN,0.0265818376789,8.29127812816e-06
1980,40,1603,1603,65,123,2,3,0.0131004366812,0.000623830318153,NaN,NaN,0.0532301715121,1.66032974149e-05
1980,40,1603,1603,65,124,2,2,0.0131004366812,0.00187149095446,-2.45173487484e-05,1.0,0.0398976769912,2.4889380531e-05
1980,40,1603,1603,65,130,2,2,0.0131004366812,0.000623830318153,-8.17244958273e-06,0.999999999992,0.0132826223857,8.28610254881e-06
1980,40,1603,1603,65,131,2,2,0.0131004366812,0.00124766063631,-1.63448991656e-05,0.999999999999,0.0265818376789,1.65825562563e-05
1980,40,1603,1603,65,140,2,3,0.0131004366812,0.00124766063631,NaN,NaN,0.120143569359,3.74746005485e-05
1980,40,1603,1603,65,146,2,2,0.0131004366812,0.000623830318153,-8.17244958273e-06,0.999999999992,0.0132826223857,8.28610254881e-06
1980,40,1603,1603,65,149,2,2,0.0131004366812,0.000623830318153,-8.17244958273e-06,0.999999999992,0.0132826223857,8.28610254881e-06
1980,40,1603,1603,65,157,2,2,0.0131004366812,0.00124766063631,-1.63448991656e-05,0.999999999999,0.0265818376789,1.65825562563e-05
1980,40,1603,1603,65,159,2,2,0.0131004366812,0.00374298190892,-4.90346974967e-05,0.999999999999,0.0799452513285,4.98722715711e-05
1980,40,1603,1603,65,164,2,2,0.0131004366812,0.000623830318153,-8.17244958273e-06,0.999999999992,0.0132826223857,8.28610254881e-06
1980,40,1603,1603,65,167,2,2,0.0131004366812,0.00311915159077,-4.08622479139e-05,0.999999999998,0.0665793525092,4.15342186583e-05
1980,40,1603,1603,65,177,2,2,0.0131004366812,0.000623830318153,-8.17244958273e-06,0.999999999992,0.0132826223857,8.28610254881e-06
1980,40,1603,1602,65,186,2,2,0.0131086142322,0.000624219725343,-8.18265557567e-06,1.0,0.0132910289703,8.29652245335e-06
1980,40,1603,1603,65,188,2,2,0.0131004366812,0.00623830318153,-8.1724495828e-05,1.0,0.133576654501,8.3329166875e-05
1980,40,1603,1603,65,192,2,3,0.0131004366812,0.000623830318153,NaN,NaN,0.0265818376789,8.29127812816e-06
1980,40,1603,1603,65,198,2,2,0.0131004366812,0.00311915159077,-4.08622479139e-05,0.999999999998,0.0665793525092,4.15342186583e-05
1980,40,1603,1603,65,200,2,2,0.0131004366812,0.00124766063631,-1.63448991656e-05,0.999999999999,0.0265818376789,1.65825562563e-05
1980,40,1603,1603,65,207,2,2,0.0131004366812,0.008109794136,-0.000106241844576,1.0,0.173977291701,0.000108532309234
1980,40,1603,1603,65,208,2,2,0.0131004366812,0.000623830318153,-8.17244958273e-06,0.999999999992,0.0132826223857,8.28610254881e-06
1980,40,1603,1603,65,211,2,2,0.0131004366812,0.000623830318153,-8.17244958273e-06,0.999999999992,0.0132826223857,8.28610254881e-06
1980,40,1603,1603,65,215,2,2,0.0131004366812,0.00124766063631,-1.63448991656e-05,0.999999999999,0.0265818376789,1.65825562563e-05
1980,40,1603,1603,65,218,2,3,0.0131004366812,0.00124766063631,NaN,NaN,0.10672732821,3.32898715566e-05
1980,40,1603,1603,65,220,2,2,0.0131004366812,0.00124766063631,-1.63448991656e-05,0.999999999999,0.0265818376789,1.65825562563e-05
1980,40,1603,1603,65,221,2,3,0.0131004366812,0.000623830318153,NaN,NaN,0.0265818376789,8.29127812816e-06
1980,40,1603,1603,65,222,2,2,0.0131004366812,0.000623830318153,-8.17244958273e-06,0.999999999992,0.0132826223857,8.28610254881e-06
1980,40,1603,1603,65,226,2,2,0.0131004366812,0.000623830318153,-8.17244958273e-06,0.999999999992,0.0132826223857,8.28610254881e-06
1980,40,1603,1603,65,227,2,2,0.0131004366812,0.000623830318153,-8.17244958273e-06,0.999999999992,0.0132826223857,8.28610254881e-06
1980,40,1603,1603,65,232,2,2,0.0131004366812,0.000623830318153,-8.17244958273e-06,0.999999999992,0.0132826223857,8.28610254881e-06
1980,40,1603,1603,65,233,2,2,0.0131004366812,0.000623830318153,-8.17244958273e-06,0.999999999992,0.0132826223857,8.28610254881e-06
1980,40,1603,1603,65,240,2,2,0.0131004366812,0.00187149095446,-2.45173487484e-05,1.0,0.0398976769912,2.4889380531e-05
1980,40,1603,1603,65,244,2,2,0.0131004366812,0.000623830318153,-8.17244958273e-06,0.999999999992,0.0132826223857,8.28610254881e-06
1980,40,1603,1603,65,245,2,2,0.0131004366812,0.000623830318153,-8.17244958273e-06,0.999999999992,0.0132826223857,8.28610254881e-06
1980,40,1603,1603,66,15,3,2,0.000623830318153,0.000623830318153,NaN,NaN,0.00124999902527,3.89893644812e-07
1980,40,1603,1603,66,20,3,3,0.000623830318153,0.000623830318153,NaN,NaN,0.00250155957336,3.90137176132e-07
1980,40,1603,1603,66,22,3,2,0.000623830318153,0.00124766063631,NaN,NaN,0.00250155957336,7.80274352265e-07
1980,40,1603,1603,66,26,3,2,0.000623830318153,0.00374298190892,NaN,NaN,0.00752347566115,2.34668610766e-06
1980,40,1603,1603,66,33,3,2,0.000623830318153,0.000623830318153,NaN,NaN,0.00124999902527,3.89893644812e-07
1980,40,1603,1603,66,35,3,2,0.000623830318153,0.000623830318153,NaN,NaN,0.00124999902527,3.89893644812e-07
1980,40,1603,1603,66,46,3,3,0.000623830318153,0.000623830318153,NaN,NaN,0.00250155957336,3.90137176132e-07
1980,40,1603,1603,66,48,3,2,0.000623830318153,0.000623830318153,NaN,NaN,0.00124999902527,3.89893644812e-07
1980,40,1603,1603,66,49,3,2,0.000623830318153,0.000623830318153,NaN,NaN,0.00124999902527,3.89893644812e-07
1980,40,1603,1603,66,55,3,2,0.000623830318153,0.000623830318153,NaN,NaN,0.00124999902527,3.89893644812e-07
1980,40,1603,1603,66,60,3,2,0.000623830318153,0.000623830318153,NaN,NaN,0.00124999902527,3.89893644812e-07
1980,40,1603,1603,66,64,3,2,0.000623830318153,0.00249532127261,NaN,NaN,0.00500937695679,1.56250061035e-06
1980,40,1603,1603,66,73,3,2,0.000623830318153,0.000623830318153,NaN,NaN,0.00124999902527,3.89893644812e-07
1980,40,1603,1603,66,77,3,2,0.000623830318153,0.00374298190892,NaN,NaN,0.00752347566115,2.34668610766e-06
1980,40,1603,1603,66,94,3,2,0.000623830318153,0.000623830318153,NaN,NaN,0.00124999902527,3.89893644812e-07
1980,40,1603,1603,66,97,3,3,0.000623830318153,0.000623830318153,NaN,NaN,0.00250155957336,3.90137176132e-07
1980,40,1603,1603,66,101,3,2,0.000623830318153,0.00124766063631,NaN,NaN,0.00250155957336,7.80274352265e-07
1980,40,1603,1603,66,105,3,2,0.000623830318153,0.292576419214,NaN,NaN,2.83201005176,0.000883346865802
1980,40,1603,1603,66,115,3,3,0.000623830318153,0.000623830318153,NaN,NaN,0.00250155957336,3.90137176132e-07
1980,40,1603,1603,66,123,3,3,0.000623830318153,0.000623830318153,NaN,NaN,0.00500937695679,7.81250305176e-07
1980,40,1603,1603,66,124,3,2,0.000623830318153,0.00187149095446,NaN,NaN,0.00375468457214,1.1711430356e-06
1980,40,1603,1603,66,130,3,2,0.000623830318153,0.000623830318153,NaN,NaN,0.00124999902527,3.89893644812e-07
1980,40,1603,1603,66,131,3,2,0.000623830318153,0.00124766063631,NaN,NaN,0.00250155957336,7.80274352265e-07
1980,40,1603,1603,66,140,3,3,0.000623830318153,0.00124766063631,NaN,NaN,0.0113064529149,1.76332702977e-06
1980,40,1603,1603,66,146,3,2,0.000623830318153,0.000623830318153,NaN,NaN,0.00124999902527,3.89893644812e-07
1980,40,1603,1603,66,149,3,2,0.000623830318153,0.000623830318153,NaN,NaN,0.00124999902527,3.89893644812e-07
1980,40,1603,1603,66,157,3,2,0.000623830318153,0.00124766063631,NaN,NaN,0.00250155957336,7.80274352265e-07
1980,40,1603,1603,66,159,3,2,0.000623830318153,0.00374298190892,NaN,NaN,0.00752347566115,2.34668610766e-06
1980,40,1603,1603,66,164,3,2,0.000623830318153,0.000623830318153,NaN,NaN,0.00124999902527,3.89893644812e-07
1980,40,1603,1603,66,167,3,2,0.000623830318153,0.00311915159077,NaN,NaN,0.00626563966982,1.95434799433e-06
1980,40,1603,1603,66,177,3,2,0.000623830318153,0.000623830318153,NaN,NaN,0.00124999902527,3.89893644812e-07
1980,40,1603,1602,66,186,3,2,0.000624219725343,0.000624219725343,NaN,NaN,0.00125078076202,3.90381011868e-07
1980,40,1603,1603,66,188,3,2,0.000623830318153,0.00623830318153,NaN,NaN,0.0125706116665,3.92096433765e-06
1980,40,1603,1603,66,192,3,3,0.000623830318153,0.000623830318153,NaN,NaN,0.00250155957336,3.90137176132e-07
1980,40,1603,1603,66,198,3,2,0.000623830318153,0.00311915159077,NaN,NaN,0.00626563966982,1.95434799433e-06
1980,40,1603,1603,66,200,3,2,0.000623830318153,0.00124766063631,NaN,NaN,0.00250155957336,7.80274352265e-07
1980,40,1603,1603,66,207,3,2,0.000623830318153,0.008109794136,NaN,NaN,0.0163726287423,5.10687109865e-06
1980,40,1603,1603,66,208,3,2,0.000623830318153,0.000623830318153,NaN,NaN,0.00124999902527,3.89893644812e-07
1980,40,1603,1603,66,211,3,2,0.000623830318153,0.000623830318153,NaN,NaN,0.00124999902527,3.89893644812e-07
1980,40,1603,1603,66,215,3,2,0.000623830318153,0.00124766063631,NaN,NaN,0.00250155957336,7.80274352265e-07
1980,40,1603,1603,66,218,3,3,0.000623830318153,0.00124766063631,NaN,NaN,0.0100438793152,1.56641910718e-06
1980,40,1603,1603,66,220,3,2,0.000623830318153,0.00124766063631,NaN,NaN,0.00250155957336,7.80274352265e-07
1980,40,1603,1603,66,221,3,3,0.000623830318153,0.000623830318153,NaN,NaN,0.00250155957336,3.90137176132e-07
1980,40,1603,1603,66,222,3,2,0.000623830318153,0.000623830318153,NaN,NaN,0.00124999902527,3.89893644812e-07
1980,40,1603,1603,66,226,3,2,0.000623830318153,0.000623830318153,NaN,NaN,0.00124999902527,3.89893644812e-07
1980,40,1603,1603,66,227,3,2,0.000623830318153,0.000623830318153,NaN,NaN,0.00124999902527,3.89893644812e-07
1980,40,1603,1603,66,232,3,2,0.000623830318153,0.000623830318153,NaN,NaN,0.00124999902527,3.89893644812e-07
1980,40,1603,1603,66,233,3,2,0.000623830318153,0.000623830318153,NaN,NaN,0.00124999902527,3.89893644812e-07
1980,40,1603,1603,66,240,3,2,0.000623830318153,0.00187149095446,NaN,NaN,0.00375468457214,1.1711430356e-06
1980,40,1603,1603,66,244,3,2,0.000623830318153,0.000623830318153,NaN,NaN,0.00124999902527,3.89893644812e-07
1980,40,1603,1603,66,245,3,2,0.000623830318153,0.000623830318153,NaN,NaN,0.00124999902527,3.89893644812e-07
1980,40,1603,1603,67,15,3,2,0.000623830318153,0.000623830318153,NaN,NaN,0.00250312500244,7.80762633325e-07
1980,40,1603,1603,67,20,3,3,0.000623830318153,0.000623830318153,NaN,NaN,0.00500937695679,7.81250305176e-07
1980,40,1603,1603,67,22,3,2,0.000623830318153,0.00124766063631,NaN,NaN,0.00500937695679,1.56250061035e-06
1980,40,1603,1603,67,26,3,2,0.000623830318153,0.00374298190892,NaN,NaN,0.0150657717742,4.69924259957e-06
1980,40,1603,1603,67,33,3,2,0.000623830318153,0.000623830318153,NaN,NaN,0.00250312500244,7.80762633325e-07
1980,40,1603,1603,67,35,3,2,0.000623830318153,0.000623830318153,NaN,NaN,0.00250312500244,7.80762633325e-07
1980,40,1603,1603,67,46,3,3,0.000623830318153,0.000623830318153,NaN,NaN,0.00500937695679,7.81250305176e-07
1980,40,1603,1603,67,48,3,2,0.000623830318153,0.000623830318153,NaN,NaN,0.00250312500244,7.80762633325e-07
1980,40,1603,1603,67,49,3,2,0.000623830318153,0.000623830318153,NaN,NaN,0.00250312500244,7.80762633325e-07
1980,40,1603,1603,67,55,3,2,0.000623830318153,0.000623830318153,NaN,NaN,0.00250312500244,7.80762633325e-07
1980,40,1603,1603,67,60,3,2,0.000623830318153,0.000623830318153,NaN,NaN,0.00250312500244,7.80762633325e-07
1980,40,1603,1603,67,64,3,2,0.000623830318153,0.00249532127261,NaN,NaN,0.010031285188,3.12890991516e-06
1980,40,1603,1603,67,73,3,2,0.000623830318153,0.000623830318153,NaN,NaN,0.00250312500244,7.80762633325e-07
1980,40,1603,1603,67,77,3,2,0.000623830318153,0.00374298190892,NaN,NaN,0.0150657717742,4.69924259957e-06
1980,40,1603,1603,67,94,3,2,0.000623830318153,0.000623830318153,NaN,NaN,0.00250312500244,7.80762633325e-07
1980,40,1603,1603,67,97,3,3,0.000623830318153,0.000623830318153,NaN,NaN,0.00500937695679,7.81250305176e-07
1980,40,1603,1603,67,101,3,2,0.000623830318153,0.00124766063631,NaN,NaN,0.00500937695679,1.56250061035e-06
1980,40,1603,1603,67,105,3,2,0.000623830318153,0.292576419214,NaN,NaN,1.65845937662,0.00051729862028
1980,40,1603,1603,67,115,3,3,0.000623830318153,0.000623830318153,NaN,NaN,0.00500937695679,7.81250305176e-07
1980,40,1603,1603,67,123,3,3,0.000623830318153,0.000623830318153,NaN,NaN,0.010031285188,1.56445495758e-06
1980,40,1603,1603,67,124,3,2,0.000623830318153,0.00187149095446,NaN,NaN,0.00751876172608,2.34521575985e-06
1980,40,1603,1603,67,130,3,2,0.000623830318153,0.000623830318153,NaN,NaN,0.00250312500244,7.80762633325e-07
1980,40,1603,1603,67,131,3,2,0.000623830318153,0.00124766063631,NaN,NaN,0.00500937695679,1.56250061035e-06
1980,40,1603,1603,67,140,3,3,0.000623830318153,0.00124766063631,NaN,NaN,0.0226411896394,3.53106513403e-06
1980,40,1603,1603,67,146,3,2,0.000623830318153,0.000623830318153,NaN,NaN,0.00250312500244,7.80762633325e-07
1980,40,1603,1603,67,149,3,2,0.000623830318153,0.000623830318153,NaN,NaN,0.00250312500244,7.80762633325e-07
1980,40,1603,1603,67,157,3,2,0.000623830318153,0.00124766063631,NaN,NaN,0.00500937695679,1.56250061035e-06
1980,40,1603,1603,67,159,3,2,0.000623830318153,0.00374298190892,NaN,NaN,0.0150657717742,4.69924259957e-06
1980,40,1603,1603,67,164,3,2,0.000623830318153,0.000623830318153,NaN,NaN,0.00250312500244,7.80762633325e-07
1980,40,1603,1603,67,167,3,2,0.000623830318153,0.00311915159077,NaN,NaN,0.012546953235,3.91358491423e-06
1980,40,1603,1603,67,177,3,2,0.000623830318153,0.000623830318153,NaN,NaN,0.00250312500244,7.80762633325e-07
1980,40,1603,1602,67,186,3,2,0.000624219725343,0.000624219725343,NaN,NaN,0.00250469238953,7.81739197732e-07
1980,40,1603,1603,67,188,3,2,0.000623830318153,0.00623830318153,NaN,NaN,0.0251726695161,7.85173721649e-06
1980,40,1603,1603,67,192,3,3,0.000623830318153,0.000623830318153,NaN,NaN,533.66771237,0.083229524699
1980,40,1603,1603,67,198,3,2,0.000623830318153,0.00311915159077,NaN,NaN,0.012546953235,3.91358491423e-06
1980,40,1603,1603,67,200,3,2,0.000623830318153,0.00124766063631,NaN,NaN,0.00500937695679,1.56250061035e-06
1980,40,1603,1603,67,207,3,2,0.000623830318153,0.008109794136,NaN,NaN,0.0327862146546,1.02265173595e-05
1980,40,1603,1603,67,208,3,2,0.000623830318153,0.000623830318153,NaN,NaN,0.00250312500244,7.80762633325e-07
1980,40,1603,1603,67,211,3,2,0.000623830318153,0.000623830318153,NaN,NaN,0.00250312500244,7.80762633325e-07
1980,40,1603,1603,67,215,3,2,0.000623830318153,0.00124766063631,NaN,NaN,0.00500937695679,1.56250061035e-06
1980,40,1603,1603,67,218,3,3,0.000623830318153,0.00124766063631,NaN,NaN,0.0201128840321,3.13675671119e-06
1980,40,1603,1603,67,220,3,2,0.000623830318153,0.00124766063631,NaN,NaN,0.00500937695679,1.56250061035e-06
1980,40,1603,1603,67,221,3,3,0.000623830318153,0.000623830318153,NaN,NaN,0.00500937695679,7.81250305176e-07
1980,40,1603,1603,67,222,3,2,0.000623830318153,0.000623830318153,NaN,NaN,0.00250312500244,7.80762633325e-07
1980,40,1603,1603,67,226,3,2,0.000623830318153,0.000623830318153,NaN,NaN,0.00250312500244,7.80762633325e-07
1980,40,1603,1603,67,227,3,2,0.000623830318153,0.000623830318153,NaN,NaN,0.00250312500244,7.80762633325e-07
1980,40,1603,1603,67,232,3,2,0.000623830318153,0.000623830318153,NaN,NaN,0.00250312500244,7.80762633325e-07
1980,40,1603,1603,67,233,3,2,0.000623830318153,0.000623830318153,NaN,NaN,0.00250312500244,7.80762633325e-07
1980,40,1603,1603,67,240,3,2,0.000623830318153,0.00187149095446,NaN,NaN,0.00751876172608,2.34521575985e-06
1980,40,1603,1603,67,244,3,2,0.000623830318153,0.000623830318153,NaN,NaN,0.00250312500244,7.80762633325e-07
1980,40,1603,1603,67,245,3,2,0.000623830318153,0.000623830318153,NaN,NaN,0.00250312500244,7.80762633325e-07
1980,40,1603,1603,68,15,2,2,0.000623830318153,0.000623830318153,-3.89164265702e-07,0.999999999625,0.000624609375609,3.89650265508e-07
1980,40,1603,1603,68,20,2,3,0.000623830318153,0.000623830318153,NaN,NaN,0.00124999902527,3.89893644812e-07
1980,40,1603,1603,68,22,2,2,0.000623830318153,0.00124766063631,-7.78328531736e-07,1.00000000005,0.00124999902527,7.79787289623e-07
1980,40,1603,1603,68,26,2,2,0.000623830318153,0.00374298190892,-2.3349855951e-06,1.00000000001,0.00375938967962,2.3452212599e-06
1980,40,1603,1603,68,33,2,2,0.000623830318153,0.000623830318153,-3.89164265702e-07,0.999999999625,0.000624609375609,3.89650265508e-07
1980,40,1603,1603,68,35,2,2,0.000623830318153,0.000623830318153,-3.89164265702e-07,0.999999999625,0.000624609375609,3.89650265508e-07
1980,40,1603,1603,68,46,2,3,0.000623830318153,0.000623830318153,NaN,NaN,0.00124999902527,3.89893644812e-07
1980,40,1603,1603,68,48,2,2,0.000623830318153,0.000623830318153,-3.89164265702e-07,0.999999999625,0.000624609375609,3.89650265508e-07
1980,40,1603,1603,68,49,2,2,0.000623830318153,0.000623830318153,-3.89164265702e-07,0.999999999625,0.000624609375609,3.89650265508e-07
1980,40,1603,1603,68,55,2,2,0.000623830318153,0.000623830318153,-3.89164265702e-07,0.999999999625,0.000624609375609,3.89650265508e-07
1980,40,1603,1603,68,60,2,2,0.000623830318153,0.000623830318153,-3.89164265702e-07,0.999999999625,0.000624609375609,3.89650265508e-07
1980,40,1603,1603,68,64,2,2,0.000623830318153,0.00249532127261,-1.55665706336e-06,0.999999999982,0.00250312500244,1.56152526665e-06
1980,40,1603,1603,68,73,2,2,0.000623830318153,0.000623830318153,-3.89164265702e-07,0.999999999625,0.000624609375609,3.89650265508e-07
1980,40,1603,1603,68,77,2,2,0.000623830318153,0.00374298190892,-2.3349855951e-06,1.00000000001,0.00375938967962,2.3452212599e-06
1980,40,1603,1603,68,94,2,2,0.000623830318153,0.000623830318153,-3.89164265702e-07,0.999999999625,0.000624609375609,3.89650265508e-07
1980,40,1603,1603,68,97,2,3,0.000623830318153,0.000623830318153,NaN,NaN,0.00124999902527,3.89893644812e-07
1980,40,1603,1603,68,101,2,2,0.000623830318153,0.00124766063631,-7.78328531736e-07,1.00000000005,0.00124999902527,7.79787289623e-07
1980,40,1603,1603,68,105,2,2,0.000623830318153,0.292576419214,-0.000182518040682,1.0,0.413838411862,0.000258164948136
1980,40,1603,1603,68,115,2,3,0.000623830318153,0.000623830318153,NaN,NaN,0.00124999902527,3.89893644812e-07
1980,40,1603,1603,68,123,2,3,0.000623830318153,0.000623830318153,NaN,NaN,0.00250312500244,7.80762633325e-07
1980,40,1603,1603,68,124,2,2,0.000623830318153,0.00187149095446,-1.16749279755e-06,1.00000000001,0.00187617041199,1.17041198502e-06
1980,40,1603,1603,68,130,2,2,0.000623830318153,0.000623830318153,-3.89164265702e-07,0.999999999625,0.000624609375609,3.89650265508e-07
1980,40,1603,1603,68,131,2,2,0.000623830318153,0.00124766063631,-7.78328531736e-07,1.00000000005,0.00124999902527,7.79787289623e-07
1980,40,1603,1603,68,140,2,3,0.000623830318153,0.00124766063631,NaN,NaN,0.00564969760196,1.76222632625e-06
1980,40,1603,1603,68,146,2,2,0.000623830318153,0.000623830318153,-3.89164265702e-07,0.999999999625,0.000624609375609,3.89650265508e-07
1980,40,1603,1603,68,149,2,2,0.000623830318153,0.000623830318153,-3.89164265702e-07,0.999999999625,0.000624609375609,3.89650265508e-07
1980,40,1603,1603,68,157,2,2,0.000623830318153,0.00124766063631,-7.78328531736e-07,1.00000000005,0.00124999902527,7.79787289623e-07
1980,40,1603,1603,68,159,2,2,0.000623830318153,0.00374298190892,-2.3349855951e-06,1.00000000001,0.00375938967962,2.3452212599e-06
1980,40,1603,1603,68,164,2,2,0.000623830318153,0.000623830318153,-3.89164265702e-07,0.999999999625,0.000624609375609,3.89650265508e-07
1980,40,1603,1603,68,167,2,2,0.000623830318153,0.00311915159077,-1.94582132917e-06,0.999999999968,0.00313086426698,1.95312805176e-06
1980,40,1603,1603,68,177,2,2,0.000623830318153,0.000623830318153,-3.89164265702e-07,0.999999999625,0.000624609375609,3.89650265508e-07
1980,40,1603,1602,68,186,2,2,0.000624219725343,0.000624219725343,-3.89650265498e-07,0.999999999974,0.000624999756164,3.90137176132e-07
1980,40,1603,1603,68,188,2,2,0.000623830318153,0.00623830318153,-3.89164265846e-06,0.999999999996,0.00628138242138,3.91851679437e-06
1980,40,1603,1603,68,192,2,3,0.000623830318153,0.000623830318153,NaN,NaN,0.00124999902527,3.89893644812e-07
1980,40,1603,1603,68,198,2,2,0.000623830318153,0.00311915159077,-1.94582132917e-06,0.999999999968,0.00313086426698,1.95312805176e-06
1980,40,1603,1603,68,200,2,2,0.000623830318153,0.00124766063631,-7.78328531736e-07,1.00000000005,0.00124999902527,7.79787289623e-07
1980,40,1603,1603,68,207,2,2,0.000623830318153,0.008109794136,-5.05913545601e-06,0.999999999998,0.00818120431222,5.10368328897e-06
1980,40,1603,1603,68,208,2,2,0.000623830318153,0.000623830318153,-3.89164265702e-07,0.999999999625,0.000624609375609,3.89650265508e-07
1980,40,1603,1603,68,211,2,2,0.000623830318153,0.000623830318153,-3.89164265702e-07,0.999999999625,0.000624609375609,3.89650265508e-07
1980,40,1603,1603,68,215,2,2,0.000623830318153,0.00124766063631,-7.78328531736e-07,1.00000000005,0.00124999902527,7.79787289623e-07
1980,40,1603,1603,68,218,2,3,0.000623830318153,0.00124766063631,NaN,NaN,0.00501880486383,1.56544131748e-06
1980,40,1603,1603,68,220,2,2,0.000623830318153,0.00124766063631,-7.78328531736e-07,1.00000000005,0.00124999902527,7.79787289623e-07
1980,40,1603,1603,68,221,2,3,0.000623830318153,0.000623830318153,NaN,NaN,0.00124999902527,3.89893644812e-07
1980,40,1603,1603,68,222,2,2,0.000623830318153,0.000623830318153,-3.89164265702e-07,0.999999999625,0.000624609375609,3.89650265508e-07
1980,40,1603,1603,68,226,2,2,0.000623830318153,0.000623830318153,-3.89164265702e-07,0.999999999625,0.000624609375609,3.89650265508e-07
1980,40,1603,1603,68,227,2,2,0.000623830318153,0.000623830318153,-3.89164265702e-07,0.999999999625,0.000624609375609,3.89650265508e-07
1980,40,1603,1603,68,232,2,2,0.000623830318153,0.000623830318153,-3.89164265702e-07,0.999999999625,0.000624609375609,3.89650265508e-07
1980,40,1603,1603,68,233,2,2,0.000623830318153,0.000623830318153,-3.89164265702e-07,0.999999999625,0.000624609375609,3.89650265508e-07
1980,40,1603,1603,68,240,2,2,0.000623830318153,0.00187149095446,-1.16749279755e-06,1.00000000001,0.00187617041199,1.17041198502e-06
1980,40,1603,1603,68,244,2,2,0.000623830318153,0.000623830318153,-3.89164265702e-07,0.999999999625,0.000624609375609,3.89650265508e-07
1980,40,1603,1603,68,245,2,2,0.000623830318153,0.000623830318153,-3.89164265702e-07,0.999999999625,0.000624609375609,3.89650265508e-07
1980,40,1603,1603,69,15,2,2,0.00311915159077,0.000623830318153,-1.94582132917e-06,0.999999999968,0.00313086426698,1.95312805176e-06
1980,40,1603,1603,69,20,2,3,0.00311915159077,0.000623830318153,NaN,NaN,0.00626563966982,1.95434799433e-06
1980,40,1603,1603,69,22,2,2,0.00311915159077,0.00124766063631,-3.89164265846e-06,0.999999999996,0.00626563966982,3.90869598866e-06
1980,40,1603,1603,69,26,2,2,0.00311915159077,0.00374298190892,-1.16749279754e-05,0.999999999996,0.0188439995831,1.17554582552e-05
1980,40,1603,1603,69,33,2,2,0.00311915159077,0.000623830318153,-1.94582132917e-06,0.999999999968,0.00313086426698,1.95312805176e-06
1980,40,1603,1603,69,35,2,2,0.00311915159077,0.000623830318153,-1.94582132917e-06,0.999999999968,0.00313086426698,1.95312805176e-06
1980,40,1603,1603,69,46,2,3,0.00311915159077,0.000623830318153,NaN,NaN,0.00626563966982,1.95434799433e-06
1980,40,1603,1603,69,48,2,2,0.00311915159077,0.000623830318153,-1.94582132917e-06,0.999999999968,0.00313086426698,1.95312805176e-06
1980,40,1603,1603,69,49,2,2,0.00311915159077,0.000623830318153,-1.94582132917e-06,0.999999999968,0.00313086426698,1.95312805176e-06
1980,40,1603,1603,69,55,2,2,0.00311915159077,0.000623830318153,-1.94582132917e-06,0.999999999968,0.00313086426698,1.95312805176e-06
1980,40,1603,1603,69,60,2,2,0.00311915159077,0.000623830318153,-1.94582132917e-06,0.999999999968,0.00313086426698,1.95312805176e-06
1980,40,1603,1603,69,64,2,2,0.00311915159077,0.00249532127261,-7.78328531681e-06,0.999999999982,0.012546953235,7.82716982845e-06
1980,40,1603,1603,69,73,2,2,0.00311915159077,0.000623830318153,-1.94582132917e-06,0.999999999968,0.00313086426698,1.95312805176e-06
1980,40,1603,1603,69,77,2,2,0.00311915159077,0.00374298190892,-1.16749279754e-05,0.999999999996,0.0188439995831,1.17554582552e-05
1980,40,1603,1603,69,94,2,2,0.00311915159077,0.000623830318153,-1.94582132917e-06,0.999999999968,0.00313086426698,1.95312805176e-06
1980,40,1603,1603,69,97,2,3,0.00311915159077,0.000623830318153,NaN,NaN,0.00626563966982,1.95434799433e-06
1980,40,1603,1603,69,101,2,2,0.00311915159077,0.00124766063631,-3.89164265846e-06,0.999999999996,0.00626563966982,3.90869598866e-06
1980,40,1603,1603,69,105,2,2,0.00311915159077,0.292576419214,-0.000912590203412,1.0,2.07437151377,0.00129405584141
1980,40,1603,1603,69,115,2,3,0.00311915159077,0.000623830318153,NaN,NaN,0.00626563966982,1.95434799433e-06
1980,40,1603,1603,69,123,2,3,0.00311915159077,0.000623830318153,NaN,NaN,0.012546953235,3.91358491423e-06
1980,40,1603,1603,69,124,2,2,0.00311915159077,0.00187149095446,-5.83746398775e-06,1.00000000001,0.00940433354193,5.86670838548e-06
1980,40,1603,1603,69,130,2,2,0.00311915159077,0.000623830318153,-1.94582132917e-06,0.999999999968,0.00313086426698,1.95312805176e-06
1980,40,1603,1603,69,131,2,2,0.00311915159077,0.00124766063631,-3.89164265846e-06,0.999999999996,0.00626563966982,3.90869598866e-06
1980,40,1603,1603,69,140,2,3,0.00311915159077,0.00124766063631,NaN,NaN,0.0283191976168,8.83318702958e-06
1980,40,1603,1603,69,146,2,2,0.00311915159077,0.000623830318153,-1.94582132917e-06,0.999999999968,0.00313086426698,1.95312805176e-06
1980,40,1603,1603,69,149,2,2,0.00311915159077,0.000623830318153,-1.94582132917e-06,0.999999999968,0.00313086426698,1.95312805176e-06
1980,40,1603,1603,69,157,2,2,0.00311915159077,0.00124766063631,-3.89164265846e-06,0.999999999996,0.00626563966982,3.90869598866e-06
1980,40,1603,1603,69,159,2,2,0.00311915159077,0.00374298190892,-1.16749279754e-05,0.999999999996,0.0188439995831,1.17554582552e-05
1980,40,1603,1603,69,164,2,2,0.00311915159077,0.000623830318153,-1.94582132917e-06,0.999999999968,0.00313086426698,1.95312805176e-06
1980,40,1603,1603,69,167,2,2,0.00311915159077,0.00311915159077,-9.72910664609e-06,0.999999999991,0.0156935061192,9.79008491528e-06
1980,40,1603,1603,69,177,2,2,0.00311915159077,0.000623830318153,-1.94582132917e-06,0.999999999968,0.00313086426698,1.95312805176e-06
1980,40,1603,1602,69,186,2,2,0.00312109862672,0.000624219725343,-1.94825132749e-06,0.999999999974,0.00313282595372,1.95557175638e-06
1980,40,1603,1603,69,188,2,2,0.00311915159077,0.00623830318153,-1.94582132924e-05,1.0,0.0314855276566,1.96416267352e-05
1980,40,1603,1603,69,192,2,3,0.00311915159077,0.000623830318153,NaN,NaN,0.00626563966982,1.95434799433e-06
1980,40,1603,1603,69,198,2,2,0.00311915159077,0.00311915159077,-9.72910664609e-06,0.999999999991,0.0156935061192,9.79008491528e-06
1980,40,1603,1603,69,200,2,2,0.00311915159077,0.00124766063631,-3.89164265846e-06,0.999999999996,0.00626563966982,3.90869598866e-06
1980,40,1603,1603,69,207,2,2,0.00311915159077,0.008109794136,-2.529567728e-05,0.999999999998,0.0410084146063,2.55822923308e-05
1980,40,1603,1603,69,208,2,2,0.00311915159077,0.000623830318153,-1.94582132917e-06,0.999999999968,0.00313086426698,1.95312805176e-06
1980,40,1603,1603,69,211,2,2,0.00311915159077,0.000623830318153,-1.94582132917e-06,0.999999999968,0.00313086426698,1.95312805176e-06
1980,40,1603,1603,69,215,2,2,0.00311915159077,0.00124766063631,-3.89164265846e-06,0.999999999996,0.00626563966982,3.90869598866e-06
1980,40,1603,1603,69,218,2,3,0.00311915159077,0.00124766063631,NaN,NaN,0.0251568378969,7.84679909448e-06
1980,40,1603,1603,69,220,2,2,0.00311915159077,0.00124766063631,-3.89164265846e-06,0.999999999996,0.00626563966982,3.90869598866e-06
1980,40,1603,1603,69,221,2,3,0.00311915159077,0.000623830318153,NaN,NaN,0.00626563966982,1.95434799433e-06
1980,40,1603,1603,69,222,2,2,0.00311915159077,0.000623830318153,-1.94582132917e-06,0.999999999968,0.00313086426698,1.95312805176e-06
1980,40,1603,1603,69,226,2,2,0.00311915159077,0.000623830318153,-1.94582132917e-06,0.999999999968,0.00313086426698,1.95312805176e-06
1980,40,1603,1603,69,227,2,2,0.00311915159077,0.000623830318153,-1.94582132917e-06,0.999999999968,0.00313086426698,1.95312805176e-06
1980,40,1603,1603,69,232,2,2,0.00311915159077,0.000623830318153,-1.94582132917e-06,0.999999999968,0.00313086426698,1.95312805176e-06
1980,40,1603,1603,69,233,2,2,0.00311915159077,0.000623830318153,-1.94582132917e-06,0.999999999968,0.00313086426698,1.95312805176e-06
1980,40,1603,1603,69,240,2,2,0.00311915159077,0.00187149095446,-5.83746398775e-06,1.00000000001,0.00940433354193,5.86670838548e-06
1980,40,1603,1603,69,244,2,2,0.00311915159077,0.000623830318153,-1.94582132917e-06,0.999999999968,0.00313086426698,1.95312805176e-06
1980,40,1603,1603,69,245,2,2,0.00311915159077,0.000623830318153,-1.94582132917e-06,0.999999999968,0.00313086426698,1.95312805176e-06
1980,40,1603,1603,73,15,2,2,0.00686213349969,0.000623830318153,-4.28080692416e-06,0.999999999963,0.00691386081469,4.31307599169e-06
1980,40,1603,1603,73,20,2,3,0.00686213349969,0.000623830318153,NaN,NaN,0.0138363585573,4.31576998045e-06
1980,40,1603,1603,73,22,2,2,0.00686213349969,0.00124766063631,-8.56161384866e-06,1.0,0.0138363585573,8.63153996089e-06
1980,40,1603,1603,73,26,2,2,0.00686213349969,0.00374298190892,-2.5684841546e-05,1.0,0.0416130433004,2.59594780414e-05
1980,40,1603,1603,73,33,2,2,0.00686213349969,0.000623830318153,-4.28080692416e-06,0.999999999963,0.00691386081469,4.31307599169e-06
1980,40,1603,1603,73,35,2,2,0.00686213349969,0.000623830318153,-4.28080692416e-06,0.999999999963,0.00691386081469,4.31307599169e-06
1980,40,1603,1603,73,46,2,3,0.00686213349969,0.000623830318153,NaN,NaN,0.0138363585573,4.31576998045e-06
1980,40,1603,1603,73,48,2,2,0.00686213349969,0.000623830318153,-4.28080692416e-06,0.999999999963,0.00691386081469,4.31307599169e-06
1980,40,1603,1603,73,49,2,2,0.00686213349969,0.000623830318153,-4.28080692416e-06,0.999999999963,0.00691386081469,4.31307599169e-06
1980,40,1603,1603,73,55,2,2,0.00686213349969,0.000623830318153,-4.28080692416e-06,0.999999999963,0.00691386081469,4.31307599169e-06
1980,40,1603,1603,73,60,2,2,0.00686213349969,0.000623830318153,-4.28080692416e-06,0.999999999963,0.00691386081469,4.31307599169e-06
1980,40,1603,1603,73,64,2,2,0.00686213349969,0.00249532127261,-1.71232276973e-05,1.0,0.0277073296438,1.72846722669e-05
1980,40,1603,1603,73,73,2,2,0.00686213349969,0.000623830318153,-4.28080692416e-06,0.999999999963,0.00691386081469,4.31307599169e-06
1980,40,1603,1603,73,77,2,2,0.00686213349969,0.00374298190892,-2.5684841546e-05,1.0,0.0416130433004,2.59594780414e-05
1980,40,1603,1603,73,94,2,2,0.00686213349969,0.000623830318153,-4.28080692416e-06,0.999999999963,0.00691386081469,4.31307599169e-06
1980,40,1603,1603,73,97,2,3,0.00686213349969,0.000623830318153,NaN,NaN,0.0138363585573,4.31576998045e-06
1980,40,1603,1603,73,101,2,2,0.00686213349969,0.00124766063631,-8.56161384866e-06,1.0,0.0138363585573,8.63153996089e-06
1980,40,1603,1603,73,105,2,2,0.00686213349969,0.292576419214,-0.00200769844751,1.0,4.58081689311,0.00285765245983
1980,40,1603,1603,73,115,2,3,0.00686213349969,0.000623830318153,NaN,NaN,0.0138363585573,4.31576998045e-06
1980,40,1603,1603,73,123,2,3,0.00686213349969,0.000623830318153,NaN,NaN,0.0277073296438,8.64233613345e-06
1980,40,1603,1603,73,124,2,2,0.00686213349969,0.00187149095446,-1.28424207729e-05,0.999999999997,0.0207675094221,1.29554020101e-05
1980,40,1603,1603,73,130,2,2,0.00686213349969,0.000623830318153,-4.28080692416e-06,0.999999999963,0.00691386081469,4.31307599169e-06
1980,40,1603,1603,73,131,2,2,0.00686213349969,0.00124766063631,-8.56161384866e-06,1.0,0.0138363585573,8.63153996089e-06
1980,40,1603,1603,73,140,2,3,0.00686213349969,0.00124766063631,NaN,NaN,0.0625370421745,1.9506251458e-05
1980,40,1603,1603,73,146,2,2,0.00686213349969,0.000623830318153,-4.28080692416e-06,0.999999999963,0.00691386081469,4.31307599169e-06
1980,40,1603,1603,73,149,2,2,0.00686213349969,0.000623830318153,-4.28080692416e-06,0.999999999963,0.00691386081469,4.31307599169e-06
1980,40,1603,1603,73,157,2,2,0.00686213349969,0.00124766063631,-8.56161384866e-06,1.0,0.0138363585573,8.63153996089e-06
1980,40,1603,1603,73,159,2,2,0.00686213349969,0.00374298190892,-2.5684841546e-05,1.0,0.0416130433004,2.59594780414e-05
1980,40,1603,1603,73,164,2,2,0.00686213349969,0.000623830318153,-4.28080692416e-06,0.999999999963,0.00691386081469,4.31307599169e-06
1980,40,1603,1603,73,167,2,2,0.00686213349969,0.00311915159077,0.00122625660169,0.395854271357,113.749055916,0.070960109742
1980,40,1603,1603,73,177,2,2,0.00686213349969,0.000623830318153,-4.28080692416e-06,0.999999999963,0.00691386081469,4.31307599169e-06
1980,40,1603,1602,73,186,2,2,0.00686641697878,0.000624219725343,-4.28615292059e-06,1.0,0.00691820911742,4.31848259514e-06
1980,40,1603,1603,73,188,2,2,0.00686213349969,0.00623830318153,-4.28080692432e-05,0.999999999999,0.0695292217522,4.33744365266e-05
1980,40,1603,1603,73,192,2,3,0.00686213349969,0.000623830318153,NaN,NaN,0.0138363585573,4.31576998045e-06
1980,40,1603,1603,73,198,2,2,0.00686213349969,0.00311915159077,-2.14040346215e-05,0.999999999994,0.0346558354979,2.16193608845e-05
1980,40,1603,1603,73,200,2,2,0.00686213349969,0.00124766063631,-8.56161384866e-06,1.0,0.0138363585573,8.63153996089e-06
1980,40,1603,1603,73,207,2,2,0.00686213349969,0.008109794136,-5.56504900162e-05,1.0,0.090558531652,5.6493157612e-05
1980,40,1603,1603,73,208,2,2,0.00686213349969,0.000623830318153,-4.28080692416e-06,0.999999999963,0.00691386081469,4.31307599169e-06
1980,40,1603,1603,73,211,2,2,0.00686213349969,0.000623830318153,-4.28080692416e-06,0.999999999963,0.00691386081469,4.31307599169e-06
1980,40,1603,1603,73,215,2,2,0.00686213349969,0.00124766063631,-8.56161384866e-06,1.0,0.0138363585573,8.63153996089e-06
1980,40,1603,1603,73,218,2,3,0.00686213349969,0.00124766063631,NaN,NaN,0.0555536302201,1.73280194074e-05
1980,40,1603,1603,73,220,2,2,0.00686213349969,0.00124766063631,-8.56161384866e-06,1.0,0.0138363585573,8.63153996089e-06
1980,40,1603,1603,73,221,2,3,0.00686213349969,0.000623830318153,NaN,NaN,0.0138363585573,4.31576998045e-06
1980,40,1603,1603,73,222,2,2,0.00686213349969,0.000623830318153,-4.28080692416e-06,0.999999999963,0.00691386081469,4.31307599169e-06
1980,40,1603,1603,73,226,2,2,0.00686213349969,0.000623830318153,-4.28080692416e-06,0.999999999963,0.00691386081469,4.31307599169e-06
1980,40,1603,1603,73,227,2,2,0.00686213349969,0.000623830318153,-4.28080692416e-06,0.999999999963,0.00691386081469,4.31307599169e-06
1980,40,1603,1603,73,232,2,2,0.00686213349969,0.000623830318153,-4.28080692416e-06,0.999999999963,0.00691386081469,4.31307599169e-06
1980,40,1603,1603,73,233,2,2,0.00686213349969,0.000623830318153,-4.28080692416e-06,0.999999999963,0.00691386081469,4.31307599169e-06
1980,40,1603,1603,73,240,2,2,0.00686213349969,0.00187149095446,-1.28424207729e-05,0.999999999997,0.0207675094221,1.29554020101e-05
1980,40,1603,1603,73,244,2,2,0.00686213349969,0.000623830318153,-4.28080692416e-06,0.999999999963,0.00691386081469,4.31307599169e-06
1980,40,1603,1603,73,245,2,2,0.00686213349969,0.000623830318153,-4.28080692416e-06,0.999999999963,0.00691386081469,4.31307599169e-06
1980,40,1603,1603,74,15,2,2,0.00499064254523,0.000623830318153,-3.11331412672e-06,0.999999999982,0.00501880486383,3.13088263495e-06
1980,40,1603,1603,74,20,2,3,0.00499064254523,0.000623830318153,NaN,NaN,0.0100438793152,3.13283821436e-06
1980,40,1603,1603,74,22,2,2,0.00499064254523,0.00124766063631,-6.22662825356e-06,1.0,0.0100438793152,6.26567642872e-06
1980,40,1603,1603,74,26,2,2,0.00499064254523,0.00374298190892,-1.86798847607e-05,1.0,0.030207108548,1.8844110136e-05
1980,40,1603,1603,74,33,2,2,0.00499064254523,0.000623830318153,-3.11331412672e-06,0.999999999982,0.00501880486383,3.13088263495e-06
1980,40,1603,1603,74,35,2,2,0.00499064254523,0.000623830318153,-3.11331412672e-06,0.999999999982,0.00501880486383,3.13088263495e-06
1980,40,1603,1603,74,46,2,3,0.00499064254523,0.000623830318153,NaN,NaN,0.0100438793152,3.13283821436e-06
1980,40,1603,1603,74,48,2,2,0.00499064254523,0.000623830318153,-3.11331412672e-06,0.999999999982,0.00501880486383,3.13088263495e-06
1980,40,1603,1603,74,49,2,2,0.00499064254523,0.000623830318153,-3.11331412672e-06,0.999999999982,0.00501880486383,3.13088263495e-06
1980,40,1603,1603,74,55,2,2,0.00499064254523,0.000623830318153,-3.11331412672e-06,0.999999999982,0.00501880486383,3.13088263495e-06
1980,40,1603,1603,74,60,2,2,0.00499064254523,0.000623830318153,-3.11331412672e-06,0.999999999982,0.00501880486383,3.13088263495e-06
1980,40,1603,1603,74,64,2,2,0.00499064254523,0.00249532127261,-1.2453256507e-05,0.999999999991,0.0201128840321,1.25470268448e-05
1980,40,1603,1603,74,73,2,2,0.00499064254523,0.000623830318153,-3.11331412672e-06,0.999999999982,0.00501880486383,3.13088263495e-06
1980,40,1603,1603,74,77,2,2,0.00499064254523,0.00374298190892,-1.86798847607e-05,1.0,0.030207108548,1.8844110136e-05
1980,40,1603,1603,74,94,2,2,0.00499064254523,0.000623830318153,-3.11331412672e-06,0.999999999982,0.00501880486383,3.13088263495e-06
1980,40,1603,1603,74,97,2,3,0.00499064254523,0.000623830318153,NaN,NaN,0.0100438793152,3.13283821436e-06
1980,40,1603,1603,74,101,2,2,0.00499064254523,0.00124766063631,-6.22662825356e-06,1.0,0.0100438793152,6.26567642872e-06
1980,40,1603,1603,74,105,2,2,0.00499064254523,0.292576419214,-0.000836314007306,0.57276119403,1.09086192023,0.000680512738756
1980,40,1603,1603,74,115,2,3,0.00499064254523,0.000623830318153,NaN,NaN,0.0100438793152,3.13283821436e-06
1980,40,1603,1603,74,123,2,3,0.00499064254523,0.000623830318153,NaN,NaN,0.0201128840321,6.27351342238e-06
1980,40,1603,1603,74,124,2,2,0.00499064254523,0.00187149095446,-9.33994238039e-06,1.00000000001,0.0150752351097,9.40438871473e-06
1980,40,1603,1603,74,130,2,2,0.00499064254523,0.000623830318153,-3.11331412672e-06,0.999999999982,0.00501880486383,3.13088263495e-06
1980,40,1603,1603,74,131,2,2,0.00499064254523,0.00124766063631,-6.22662825356e-06,1.0,0.0100438793152,6.26567642872e-06
1980,40,1603,1603,74,140,2,3,0.00499064254523,0.00124766063631,NaN,NaN,0.0453959401045,1.41596818791e-05
1980,40,1603,1603,74,146,2,2,0.00499064254523,0.000623830318153,-3.11331412672e-06,0.999999999982,0.00501880486383,3.13088263495e-06
1980,40,1603,1603,74,149,2,2,0.00499064254523,0.000623830318153,-3.11331412672e-06,0.999999999982,0.00501880486383,3.13088263495e-06
1980,40,1603,1603,74,157,2,2,0.00499064254523,0.00124766063631,-6.22662825356e-06,1.0,0.0100438793152,6.26567642872e-06
1980,40,1603,1603,74,159,2,2,0.00499064254523,0.00374298190892,-1.86798847607e-05,1.0,0.030207108548,1.8844110136e-05
1980,40,1603,1603,74,164,2,2,0.00499064254523,0.000623830318153,-3.11331412672e-06,0.999999999982,0.00501880486383,3.13088263495e-06
1980,40,1603,1603,74,167,2,2,0.00499064254523,0.00311915159077,-1.55665706338e-05,0.999999999996,0.0251568378969,1.5693598189e-05
1980,40,1603,1603,74,177,2,2,0.00499064254523,0.000623830318153,-3.11331412672e-06,0.999999999982,0.00501880486383,3.13088263495e-06
1980,40,1603,1602,74,186,2,2,0.00499375780275,0.000624219725343,-3.11720212409e-06,1.00000000001,0.00502195538077,3.13480360847e-06
1980,40,1603,1603,74,188,2,2,0.00499064254523,0.00623830318153,-3.11331412678e-05,1.0,0.0504715969357,3.14857123741e-05
1980,40,1603,1603,74,192,2,3,0.00499064254523,0.000623830318153,NaN,NaN,0.0100438793152,3.13283821436e-06
1980,40,1603,1603,74,198,2,2,0.00499064254523,0.00311915159077,-1.55665706338e-05,0.999999999996,0.0251568378969,1.5693598189e-05
1980,40,1603,1603,74,200,2,2,0.00499064254523,0.00124766063631,-6.22662825356e-06,1.0,0.0100438793152,6.26567642872e-06
1980,40,1603,1603,74,207,2,2,0.00499064254523,0.008109794136,-4.04730836482e-05,1.0,0.065736874273,4.10086551921e-05
1980,40,1603,1603,74,208,2,2,0.00499064254523,0.000623830318153,-3.11331412672e-06,0.999999999982,0.00501880486383,3.13088263495e-06
1980,40,1603,1603,74,211,2,2,0.00499064254523,0.000623830318153,-3.11331412672e-06,0.999999999982,0.00501880486383,3.13088263495e-06
1980,40,1603,1603,74,215,2,2,0.00499064254523,0.00124766063631,-6.22662825356e-06,1.0,0.0100438793152,6.26567642872e-06
1980,40,1603,1603,74,218,2,3,0.00499064254523,0.00124766063631,NaN,NaN,0.0403266477334,1.25784927428e-05
1980,40,1603,1603,74,220,2,2,0.00499064254523,0.00124766063631,-6.22662825356e-06,1.0,0.0100438793152,6.26567642872e-06
1980,40,1603,1603,74,221,2,3,0.00499064254523,0.000623830318153,NaN,NaN,0.0100438793152,3.13283821436e-06
1980,40,1603,1603,74,222,2,2,0.00499064254523,0.000623830318153,-3.11331412672e-06,0.999999999982,0.00501880486383,3.13088263495e-06
1980,40,1603,1603,74,226,2,2,0.00499064254523,0.000623830318153,-3.11331412672e-06,0.999999999982,0.00501880486383,3.13088263495e-06
1980,40,1603,1603,74,227,2,2,0.00499064254523,0.000623830318153,-3.11331412672e-06,0.999999999982,0.00501880486383,3.13088263495e-06
1980,40,1603,1603,74,232,2,2,0.00499064254523,0.000623830318153,-3.11331412672e-06,0.999999999982,0.00501880486383,3.13088263495e-06
1980,40,1603,1603,74,233,2,2,0.00499064254523,0.000623830318153,-3.11331412672e-06,0.999999999982,0.00501880486383,3.13088263495e-06
1980,40,1603,1603,74,240,2,2,0.00499064254523,0.00187149095446,-9.33994238039e-06,1.00000000001,0.0150752351097,9.40438871473e-06
1980,40,1603,1603,74,244,2,2,0.00499064254523,0.000623830318153,-3.11331412672e-06,0.999999999982,0.00501880486383,3.13088263495e-06
1980,40,1603,1603,74,245,2,2,0.00499064254523,0.000623830318153,-3.11331412672e-06,0.999999999982,0.00501880486383,3.13088263495e-06
1980,40,1603,1603,75,15,2,2,0.000623830318153,0.000623830318153,-3.89164265702e-07,0.999999999625,0.000624609375609,3.89650265508e-07
1980,40,1603,1603,75,20,2,3,0.000623830318153,0.000623830318153,NaN,NaN,0.00124999902527,3.89893644812e-07
1980,40,1603,1603,75,22,2,2,0.000623830318153,0.00124766063631,-7.78328531736e-07,1.00000000005,0.00124999902527,7.79787289623e-07
1980,40,1603,1603,75,26,2,2,0.000623830318153,0.00374298190892,-2.3349855951e-06,1.00000000001,0.00375938967962,2.3452212599e-06
1980,40,1603,1603,75,33,2,2,0.000623830318153,0.000623830318153,-3.89164265702e-07,0.999999999625,0.000624609375609,3.89650265508e-07
1980,40,1603,1603,75,35,2,2,0.000623830318153,0.000623830318153,-3.89164265702e-07,0.999999999625,0.000624609375609,3.89650265508e-07
1980,40,1603,1603,75,46,2,3,0.000623830318153,0.000623830318153,NaN,NaN,0.00124999902527,3.89893644812e-07
1980,40,1603,1603,75,48,2,2,0.000623830318153,0.000623830318153,-3.89164265702e-07,0.999999999625,0.000624609375609,3.89650265508e-07
1980,40,1603,1603,75,49,2,2,0.000623830318153,0.000623830318153,-3.89164265702e-07,0.999999999625,0.000624609375609,3.89650265508e-07
1980,40,1603,1603,75,55,2,2,0.000623830318153,0.000623830318153,-3.89164265702e-07,0.999999999625,0.000624609375609,3.89650265508e-07
1980,40,1603,1603,75,60,2,2,0.000623830318153,0.000623830318153,-3.89164265702e-07,0.999999999625,0.000624609375609,3.89650265508e-07
1980,40,1603,1603,75,64,2,2,0.000623830318153,0.00249532127261,-1.55665706336e-06,0.999999999982,0.00250312500244,1.56152526665e-06
1980,40,1603,1603,75,73,2,2,0.000623830318153,0.000623830318153,-3.89164265702e-07,0.999999999625,0.000624609375609,3.89650265508e-07
1980,40,1603,1603,75,77,2,2,0.000623830318153,0.00374298190892,-2.3349855951e-06,1.00000000001,0.00375938967962,2.3452212599e-06
1980,40,1603,1603,75,94,2,2,0.000623830318153,0.000623830318153,-3.89164265702e-07,0.999999999625,0.000624609375609,3.89650265508e-07
1980,40,1603,1603,75,97,2,3,0.000623830318153,0.000623830318153,NaN,NaN,0.00124999902527,3.89893644812e-07
1980,40,1603,1603,75,101,2,2,0.000623830318153,0.00124766063631,-7.78328531736e-07,1.00000000005,0.00124999902527,7.79787289623e-07
1980,40,1603,1603,75,105,2,2,0.000623830318153,0.292576419214,-0.000182518040682,1.0,0.413838411862,0.000258164948136
1980,40,1603,1603,75,115,2,3,0.000623830318153,0.000623830318153,NaN,NaN,0.00124999902527,3.89893644812e-07
1980,40,1603,1603,75,123,2,3,0.000623830318153,0.000623830318153,NaN,NaN,0.00250312500244,7.80762633325e-07
1980,40,1603,1603,75,124,2,2,0.000623830318153,0.00187149095446,-1.16749279755e-06,1.00000000001,0.00187617041199,1.17041198502e-06
1980,40,1603,1603,75,130,2,2,0.000623830318153,0.000623830318153,-3.89164265702e-07,0.999999999625,0.000624609375609,3.89650265508e-07
1980,40,1603,1603,75,131,2,2,0.000623830318153,0.00124766063631,-7.78328531736e-07,1.00000000005,0.00124999902527,7.79787289623e-07
1980,40,1603,1603,75,140,2,3,0.000623830318153,0.00124766063631,NaN,NaN,0.00564969760196,1.76222632625e-06
1980,40,1603,1603,75,146,2,2,0.000623830318153,0.000623830318153,-3.89164265702e-07,0.999999999625,0.000624609375609,3.89650265508e-07
1980,40,1603,1603,75,149,2,2,0.000623830318153,0.000623830318153,-3.89164265702e-07,0.999999999625,0.000624609375609,3.89650265508e-07
1980,40,1603,1603,75,157,2,2,0.000623830318153,0.00124766063631,-7.78328531736e-07,1.00000000005,0.00124999902527,7.79787289623e-07
1980,40,1603,1603,75,159,2,2,0.000623830318153,0.00374298190892,-2.3349855951e-06,1.00000000001,0.00375938967962,2.3452212599e-06
1980,40,1603,1603,75,164,2,2,0.000623830318153,0.000623830318153,-3.89164265702e-07,0.999999999625,0.000624609375609,3.89650265508e-07
1980,40,1603,1603,75,167,2,2,0.000623830318153,0.00311915159077,-1.94582132917e-06,0.999999999968,0.00313086426698,1.95312805176e-06
1980,40,1603,1603,75,177,2,2,0.000623830318153,0.000623830318153,-3.89164265702e-07,0.999999999625,0.000624609375609,3.89650265508e-07
1980,40,1603,1602,75,186,2,2,0.000624219725343,0.000624219725343,-3.89650265498e-07,0.999999999974,0.000624999756164,3.90137176132e-07
1980,40,1603,1603,75,188,2,2,0.000623830318153,0.00623830318153,-3.89164265846e-06,0.999999999996,0.00628138242138,3.91851679437e-06
1980,40,1603,1603,75,192,2,3,0.000623830318153,0.000623830318153,NaN,NaN,0.00124999902527,3.89893644812e-07
1980,40,1603,1603,75,198,2,2,0.000623830318153,0.00311915159077,-1.94582132917e-06,0.999999999968,0.00313086426698,1.95312805176e-06
1980,40,1603,1603,75,200,2,2,0.000623830318153,0.00124766063631,-7.78328531736e-07,1.00000000005,0.00124999902527,7.79787289623e-07
1980,40,1603,1603,75,207,2,2,0.000623830318153,0.008109794136,-5.05913545601e-06,0.999999999998,0.00818120431222,5.10368328897e-06
1980,40,1603,1603,75,208,2,2,0.000623830318153,0.000623830318153,-3.89164265702e-07,0.999999999625,0.000624609375609,3.89650265508e-07
1980,40,1603,1603,75,211,2,2,0.000623830318153,0.000623830318153,-3.89164265702e-07,0.999999999625,0.000624609375609,3.89650265508e-07
1980,40,1603,1603,75,215,2,2,0.000623830318153,0.00124766063631,-7.78328531736e-07,1.00000000005,0.00124999902527,7.79787289623e-07
1980,40,1603,1603,75,218,2,3,0.000623830318153,0.00124766063631,NaN,NaN,0.00501880486383,1.56544131748e-06
1980,40,1603,1603,75,220,2,2,0.000623830318153,0.00124766063631,-7.78328531736e-07,1.00000000005,0.00124999902527,7.79787289623e-07
1980,40,1603,1603,75,221,2,3,0.000623830318153,0.000623830318153,NaN,NaN,0.00124999902527,3.89893644812e-07
1980,40,1603,1603,75,222,2,2,0.000623830318153,0.000623830318153,-3.89164265702e-07,0.999999999625,0.000624609375609,3.89650265508e-07
1980,40,1603,1603,75,226,2,2,0.000623830318153,0.000623830318153,-3.89164265702e-07,0.999999999625,0.000624609375609,3.89650265508e-07
1980,40,1603,1603,75,227,2,2,0.000623830318153,0.000623830318153,-3.89164265702e-07,0.999999999625,0.000624609375609,3.89650265508e-07
1980,40,1603,1603,75,232,2,2,0.000623830318153,0.000623830318153,-3.89164265702e-07,0.999999999625,0.000624609375609,3.89650265508e-07
1980,40,1603,1603,75,233,2,2,0.000623830318153,0.000623830318153,-3.89164265702e-07,0.999999999625,0.000624609375609,3.89650265508e-07
1980,40,1603,1603,75,240,2,2,0.000623830318153,0.00187149095446,-1.16749279755e-06,1.00000000001,0.00187617041199,1.17041198502e-06
1980,40,1603,1603,75,244,2,2,0.000623830318153,0.000623830318153,-3.89164265702e-07,0.999999999625,0.000624609375609,3.89650265508e-07
1980,40,1603,1603,75,245,2,2,0.000623830318153,0.000623830318153,-3.89164265702e-07,0.999999999625,0.000624609375609,3.89650265508e-07
1980,40,1603,1603,77,15,3,2,0.00124766063631,0.000623830318153,NaN,NaN,0.00313086426698,9.76564025881e-07
1980,40,1603,1603,77,20,3,3,0.00124766063631,0.000623830318153,NaN,NaN,0.00626563966982,9.77173997165e-07
1980,40,1603,1603,77,22,3,2,0.00124766063631,0.00124766063631,NaN,NaN,0.00626563966982,1.95434799433e-06
1980,40,1603,1603,77,26,3,2,0.00124766063631,0.00374298190892,NaN,NaN,0.0188439995831,5.8777291276e-06
1980,40,1603,1603,77,33,3,2,0.00124766063631,0.000623830318153,NaN,NaN,0.00313086426698,9.76564025881e-07
1980,40,1603,1603,77,35,3,2,0.00124766063631,0.000623830318153,NaN,NaN,0.00313086426698,9.76564025881e-07
1980,40,1603,1603,77,46,3,3,0.00124766063631,0.000623830318153,NaN,NaN,0.00626563966982,9.77173997165e-07
1980,40,1603,1603,77,48,3,2,0.00124766063631,0.000623830318153,NaN,NaN,0.00313086426698,9.76564025881e-07
1980,40,1603,1603,77,49,3,2,0.00124766063631,0.000623830318153,NaN,NaN,0.00313086426698,9.76564025881e-07
1980,40,1603,1603,77,55,3,2,0.00124766063631,0.000623830318153,NaN,NaN,0.00313086426698,9.76564025881e-07
1980,40,1603,1603,77,60,3,2,0.00124766063631,0.000623830318153,NaN,NaN,0.00313086426698,9.76564025881e-07
1980,40,1603,1603,77,64,3,2,0.00124766063631,0.00249532127261,NaN,NaN,0.012546953235,3.91358491423e-06
1980,40,1603,1603,77,73,3,2,0.00124766063631,0.000623830318153,NaN,NaN,0.00313086426698,9.76564025881e-07
1980,40,1603,1603,77,77,3,2,0.00124766063631,0.00374298190892,NaN,NaN,0.0188439995831,5.8777291276e-06
1980,40,1603,1603,77,94,3,2,0.00124766063631,0.000623830318153,NaN,NaN,0.00313086426698,9.76564025881e-07
1980,40,1603,1603,77,97,3,3,0.00124766063631,0.000623830318153,NaN,NaN,0.00626563966982,9.77173997165e-07
1980,40,1603,1603,77,101,3,2,0.00124766063631,0.00124766063631,NaN,NaN,0.00626563966982,1.95434799433e-06
1980,40,1603,1603,77,105,3,2,0.00124766063631,0.292576419214,NaN,NaN,1.65713389433,0.000516885182263
1980,40,1603,1603,77,115,3,3,0.00124766063631,0.000623830318153,NaN,NaN,0.00626563966982,9.77173997165e-07
1980,40,1603,1603,77,123,3,3,0.00124766063631,0.000623830318153,NaN,NaN,0.012546953235,1.95679245711e-06
1980,40,1603,1603,77,124,3,2,0.00124766063631,0.00187149095446,NaN,NaN,0.00940433354193,2.93335419274e-06
1980,40,1603,1603,77,130,3,2,0.00124766063631,0.000623830318153,NaN,NaN,0.00313086426698,9.76564025881e-07
1980,40,1603,1603,77,131,3,2,0.00124766063631,0.00124766063631,NaN,NaN,0.00626563966982,1.95434799433e-06
1980,40,1603,1603,77,140,3,3,0.00124766063631,0.00124766063631,NaN,NaN,0.0283191976168,4.41659351479e-06
1980,40,1603,1603,77,146,3,2,0.00124766063631,0.000623830318153,NaN,NaN,0.00313086426698,9.76564025881e-07
1980,40,1603,1603,77,149,3,2,0.00124766063631,0.000623830318153,NaN,NaN,0.00313086426698,9.76564025881e-07
1980,40,1603,1603,77,157,3,2,0.00124766063631,0.00124766063631,NaN,NaN,0.00626563966982,1.95434799433e-06
1980,40,1603,1603,77,159,3,2,0.00124766063631,0.00374298190892,NaN,NaN,0.0188439995831,5.8777291276e-06
1980,40,1603,1603,77,164,3,2,0.00124766063631,0.000623830318153,NaN,NaN,0.00313086426698,9.76564025881e-07
1980,40,1603,1603,77,167,3,2,0.00124766063631,0.00311915159077,NaN,NaN,0.0156935061192,4.89504245764e-06
1980,40,1603,1603,77,177,3,2,0.00124766063631,0.000623830318153,NaN,NaN,0.00313086426698,9.76564025881e-07
1980,40,1603,1602,77,186,3,2,0.00124843945069,0.000624219725343,NaN,NaN,0.00313282595372,9.77785878191e-07
1980,40,1603,1603,77,188,3,2,0.00124766063631,0.00623830318153,NaN,NaN,0.0314855276566,9.82081336762e-06
1980,40,1603,1603,77,192,3,3,0.00124766063631,0.000623830318153,NaN,NaN,0.00626563966982,9.77173997165e-07
1980,40,1603,1603,77,198,3,2,0.00124766063631,0.00311915159077,NaN,NaN,0.0156935061192,4.89504245764e-06
1980,40,1603,1603,77,200,3,2,0.00124766063631,0.00124766063631,NaN,NaN,0.00626563966982,1.95434799433e-06
1980,40,1603,1603,77,207,3,2,0.00124766063631,0.008109794136,NaN,NaN,0.0410084146063,1.27911461654e-05
1980,40,1603,1603,77,208,3,2,0.00124766063631,0.000623830318153,NaN,NaN,0.00313086426698,9.76564025881e-07
1980,40,1603,1603,77,211,3,2,0.00124766063631,0.000623830318153,NaN,NaN,0.00313086426698,9.76564025881e-07
1980,40,1603,1603,77,215,3,2,0.00124766063631,0.00124766063631,NaN,NaN,0.00626563966982,1.95434799433e-06
1980,40,1603,1603,77,218,3,3,0.00124766063631,0.00124766063631,NaN,NaN,0.0251568378969,3.92339954724e-06
1980,40,1603,1603,77,220,3,2,0.00124766063631,0.00124766063631,NaN,NaN,0.00626563966982,1.95434799433e-06
1980,40,1603,1603,77,221,3,3,0.00124766063631,0.000623830318153,NaN,NaN,0.00626563966982,9.77173997165e-07
1980,40,1603,1603,77,222,3,2,0.00124766063631,0.000623830318153,NaN,NaN,0.00313086426698,9.76564025881e-07
1980,40,1603,1603,77,226,3,2,0.00124766063631,0.000623830318153,NaN,NaN,0.00313086426698,9.76564025881e-07
1980,40,1603,1603,77,227,3,2,0.00124766063631,0.000623830318153,NaN,NaN,0.00313086426698,9.76564025881e-07
1980,40,1603,1603,77,232,3,2,0.00124766063631,0.000623830318153,NaN,NaN,0.00313086426698,9.76564025881e-07
1980,40,1603,1603,77,233,3,2,0.00124766063631,0.000623830318153,NaN,NaN,0.00313086426698,9.76564025881e-07
1980,40,1603,1603,77,240,3,2,0.00124766063631,0.00187149095446,NaN,NaN,0.00940433354193,2.93335419274e-06
1980,40,1603,1603,77,244,3,2,0.00124766063631,0.000623830318153,NaN,NaN,0.00313086426698,9.76564025881e-07
1980,40,1603,1603,77,245,3,2,0.00124766063631,0.000623830318153,NaN,NaN,0.00313086426698,9.76564025881e-07
1980,40,1603,1603,78,15,2,2,0.000623830318153,0.000623830318153,-3.89164265702e-07,0.999999999625,0.000624609375609,3.89650265508e-07
1980,40,1603,1603,78,20,2,3,0.000623830318153,0.000623830318153,NaN,NaN,0.00124999902527,3.89893644812e-07
1980,40,1603,1603,78,22,2,2,0.000623830318153,0.00124766063631,-7.78328531736e-07,1.00000000005,0.00124999902527,7.79787289623e-07
1980,40,1603,1603,78,26,2,2,0.000623830318153,0.00374298190892,-2.3349855951e-06,1.00000000001,0.00375938967962,2.3452212599e-06
1980,40,1603,1603,78,33,2,2,0.000623830318153,0.000623830318153,-3.89164265702e-07,0.999999999625,0.000624609375609,3.89650265508e-07
1980,40,1603,1603,78,35,2,2,0.000623830318153,0.000623830318153,-3.89164265702e-07,0.999999999625,0.000624609375609,3.89650265508e-07
1980,40,1603,1603,78,46,2,3,0.000623830318153,0.000623830318153,NaN,NaN,0.00124999902527,3.89893644812e-07
1980,40,1603,1603,78,48,2,2,0.000623830318153,0.000623830318153,-3.89164265702e-07,0.999999999625,0.000624609375609,3.89650265508e-07
1980,40,1603,1603,78,49,2,2,0.000623830318153,0.000623830318153,-3.89164265702e-07,0.999999999625,0.000624609375609,3.89650265508e-07
1980,40,1603,1603,78,55,2,2,0.000623830318153,0.000623830318153,-3.89164265702e-07,0.999999999625,0.000624609375609,3.89650265508e-07
1980,40,1603,1603,78,60,2,2,0.000623830318153,0.000623830318153,-3.89164265702e-07,0.999999999625,0.000624609375609,3.89650265508e-07
1980,40,1603,1603,78,64,2,2,0.000623830318153,0.00249532127261,-1.55665706336e-06,0.999999999982,0.00250312500244,1.56152526665e-06
1980,40,1603,1603,78,73,2,2,0.000623830318153,0.000623830318153,-3.89164265702e-07,0.999999999625,0.000624609375609,3.89650265508e-07
1980,40,1603,1603,78,77,2,2,0.000623830318153,0.00374298190892,-2.3349855951e-06,1.00000000001,0.00375938967962,2.3452212599e-06
1980,40,1603,1603,78,94,2,2,0.000623830318153,0.000623830318153,-3.89164265702e-07,0.999999999625,0.000624609375609,3.89650265508e-07
1980,40,1603,1603,78,97,2,3,0.000623830318153,0.000623830318153,NaN,NaN,0.00124999902527,3.89893644812e-07
1980,40,1603,1603,78,101,2,2,0.000623830318153,0.00124766063631,-7.78328531736e-07,1.00000000005,0.00124999902527,7.79787289623e-07
1980,40,1603,1603,78,105,2,2,0.000623830318153,0.292576419214,-0.000182518040682,1.0,0.413838411862,0.000258164948136
1980,40,1603,1603,78,115,2,3,0.000623830318153,0.000623830318153,NaN,NaN,0.00124999902527,3.89893644812e-07
1980,40,1603,1603,78,123,2,3,0.000623830318153,0.000623830318153,NaN,NaN,0.00250312500244,7.80762633325e-07
1980,40,1603,1603,78,124,2,2,0.000623830318153,0.00187149095446,-1.16749279755e-06,1.00000000001,0.00187617041199,1.17041198502e-06
1980,40,1603,1603,78,130,2,2,0.000623830318153,0.000623830318153,-3.89164265702e-07,0.999999999625,0.000624609375609,3.89650265508e-07
1980,40,1603,1603,78,131,2,2,0.000623830318153,0.00124766063631,-7.78328531736e-07,1.00000000005,0.00124999902527,7.79787289623e-07
1980,40,1603,1603,78,140,2,3,0.000623830318153,0.00124766063631,NaN,NaN,0.00564969760196,1.76222632625e-06
1980,40,1603,1603,78,146,2,2,0.000623830318153,0.000623830318153,-3.89164265702e-07,0.999999999625,0.000624609375609,3.89650265508e-07
1980,40,1603,1603,78,149,2,2,0.000623830318153,0.000623830318153,-3.89164265702e-07,0.999999999625,0.000624609375609,3.89650265508e-07
1980,40,1603,1603,78,157,2,2,0.000623830318153,0.00124766063631,-7.78328531736e-07,1.00000000005,0.00124999902527,7.79787289623e-07
1980,40,1603,1603,78,159,2,2,0.000623830318153,0.00374298190892,-2.3349855951e-06,1.00000000001,0.00375938967962,2.3452212599e-06
1980,40,1603,1603,78,164,2,2,0.000623830318153,0.000623830318153,-3.89164265702e-07,0.999999999625,0.000624609375609,3.89650265508e-07
1980,40,1603,1603,78,167,2,2,0.000623830318153,0.00311915159077,-1.94582132917e-06,0.999999999968,0.00313086426698,1.95312805176e-06
1980,40,1603,1603,78,177,2,2,0.000623830318153,0.000623830318153,-3.89164265702e-07,0.999999999625,0.000624609375609,3.89650265508e-07
1980,40,1603,1602,78,186,2,2,0.000624219725343,0.000624219725343,-3.89650265498e-07,0.999999999974,0.000624999756164,3.90137176132e-07
1980,40,1603,1603,78,188,2,2,0.000623830318153,0.00623830318153,-3.89164265846e-06,0.999999999996,0.00628138242138,3.91851679437e-06
1980,40,1603,1603,78,192,2,3,0.000623830318153,0.000623830318153,NaN,NaN,0.00124999902527,3.89893644812e-07
1980,40,1603,1603,78,198,2,2,0.000623830318153,0.00311915159077,-1.94582132917e-06,0.999999999968,0.00313086426698,1.95312805176e-06
1980,40,1603,1603,78,200,2,2,0.000623830318153,0.00124766063631,-7.78328531736e-07,1.00000000005,0.00124999902527,7.79787289623e-07
1980,40,1603,1603,78,207,2,2,0.000623830318153,0.008109794136,-5.05913545601e-06,0.999999999998,0.00818120431222,5.10368328897e-06
1980,40,1603,1603,78,208,2,2,0.000623830318153,0.000623830318153,-3.89164265702e-07,0.999999999625,0.000624609375609,3.89650265508e-07
1980,40,1603,1603,78,211,2,2,0.000623830318153,0.000623830318153,-3.89164265702e-07,0.999999999625,0.000624609375609,3.89650265508e-07
1980,40,1603,1603,78,215,2,2,0.000623830318153,0.00124766063631,-7.78328531736e-07,1.00000000005,0.00124999902527,7.79787289623e-07
1980,40,1603,1603,78,218,2,3,0.000623830318153,0.00124766063631,NaN,NaN,0.00501880486383,1.56544131748e-06
1980,40,1603,1603,78,220,2,2,0.000623830318153,0.00124766063631,-7.78328531736e-07,1.00000000005,0.00124999902527,7.79787289623e-07
1980,40,1603,1603,78,221,2,3,0.000623830318153,0.000623830318153,NaN,NaN,0.00124999902527,3.89893644812e-07
1980,40,1603,1603,78,222,2,2,0.000623830318153,0.000623830318153,-3.89164265702e-07,0.999999999625,0.000624609375609,3.89650265508e-07
1980,40,1603,1603,78,226,2,2,0.000623830318153,0.000623830318153,-3.89164265702e-07,0.999999999625,0.000624609375609,3.89650265508e-07
1980,40,1603,1603,78,227,2,2,0.000623830318153,0.000623830318153,-3.89164265702e-07,0.999999999625,0.000624609375609,3.89650265508e-07
1980,40,1603,1603,78,232,2,2,0.000623830318153,0.000623830318153,-3.89164265702e-07,0.999999999625,0.000624609375609,3.89650265508e-07
1980,40,1603,1603,78,233,2,2,0.000623830318153,0.000623830318153,-3.89164265702e-07,0.999999999625,0.000624609375609,3.89650265508e-07
1980,40,1603,1603,78,240,2,2,0.000623830318153,0.00187149095446,-1.16749279755e-06,1.00000000001,0.00187617041199,1.17041198502e-06
1980,40,1603,1603,78,244,2,2,0.000623830318153,0.000623830318153,-3.89164265702e-07,0.999999999625,0.000624609375609,3.89650265508e-07
1980,40,1603,1603,78,245,2,2,0.000623830318153,0.000623830318153,-3.89164265702e-07,0.999999999625,0.000624609375609,3.89650265508e-07
1980,40,1603,1603,80,15,2,2,0.00124766063631,0.000623830318153,-7.78328531736e-07,1.00000000005,0.00124999902527,7.79787289623e-07
1980,40,1603,1603,80,20,2,3,0.00124766063631,0.000623830318153,NaN,NaN,0.00250155957336,7.80274352265e-07
1980,40,1603,1603,80,22,2,2,0.00124766063631,0.00124766063631,-1.55665706347e-06,1.00000000005,0.00250155957336,1.56054870453e-06
1980,40,1603,1603,80,26,2,2,0.00124766063631,0.00374298190892,-4.66997119031e-06,1.00000000003,0.00752347566115,4.69337221531e-06
1980,40,1603,1603,80,33,2,2,0.00124766063631,0.000623830318153,-7.78328531736e-07,1.00000000005,0.00124999902527,7.79787289623e-07
1980,40,1603,1603,80,35,2,2,0.00124766063631,0.000623830318153,-7.78328531736e-07,1.00000000005,0.00124999902527,7.79787289623e-07
1980,40,1603,1603,80,46,2,3,0.00124766063631,0.000623830318153,NaN,NaN,0.00250155957336,7.80274352265e-07
1980,40,1603,1603,80,48,2,2,0.00124766063631,0.000623830318153,-7.78328531736e-07,1.00000000005,0.00124999902527,7.79787289623e-07
1980,40,1603,1603,80,49,2,2,0.00124766063631,0.000623830318153,-7.78328531736e-07,1.00000000005,0.00124999902527,7.79787289623e-07
1980,40,1603,1603,80,55,2,2,0.00124766063631,0.000623830318153,-7.78328531736e-07,1.00000000005,0.00124999902527,7.79787289623e-07
1980,40,1603,1603,80,60,2,2,0.00124766063631,0.000623830318153,-7.78328531736e-07,1.00000000005,0.00124999902527,7.79787289623e-07
1980,40,1603,1603,80,64,2,2,0.00124766063631,0.00249532127261,-3.11331412683e-06,1.00000000002,0.00500937695679,3.1250012207e-06
1980,40,1603,1603,80,73,2,2,0.00124766063631,0.000623830318153,-7.78328531736e-07,1.00000000005,0.00124999902527,7.79787289623e-07
1980,40,1603,1603,80,77,2,2,0.00124766063631,0.00374298190892,-4.66997119031e-06,1.00000000003,0.00752347566115,4.69337221531e-06
1980,40,1603,1603,80,94,2,2,0.00124766063631,0.000623830318153,-7.78328531736e-07,1.00000000005,0.00124999902527,7.79787289623e-07
1980,40,1603,1603,80,97,2,3,0.00124766063631,0.000623830318153,NaN,NaN,0.00250155957336,7.80274352265e-07
1980,40,1603,1603,80,101,2,2,0.00124766063631,0.00124766063631,-1.55665706347e-06,1.00000000005,0.00250155957336,1.56054870453e-06
1980,40,1603,1603,80,105,2,2,0.00124766063631,0.292576419214,-0.000365036081365,1.0,0.828193798629,0.000516652400891
1980,40,1603,1603,80,115,2,3,0.00124766063631,0.000623830318153,NaN,NaN,0.00250155957336,7.80274352265e-07
1980,40,1603,1603,80,123,2,3,0.00124766063631,0.000623830318153,NaN,NaN,0.00500937695679,1.56250061035e-06
1980,40,1603,1603,80,124,2,2,0.00124766063631,0.00187149095446,-2.33498559521e-06,1.00000000005,0.00375468457214,2.34228607121e-06
1980,40,1603,1603,80,130,2,2,0.00124766063631,0.000623830318153,-7.78328531736e-07,1.00000000005,0.00124999902527,7.79787289623e-07
1980,40,1603,1603,80,131,2,2,0.00124766063631,0.00124766063631,-1.55665706347e-06,1.00000000005,0.00250155957336,1.56054870453e-06
1980,40,1603,1603,80,140,2,3,0.00124766063631,0.00124766063631,NaN,NaN,0.0113064529149,3.52665405953e-06
1980,40,1603,1603,80,146,2,2,0.00124766063631,0.000623830318153,-7.78328531736e-07,1.00000000005,0.00124999902527,7.79787289623e-07
1980,40,1603,1603,80,149,2,2,0.00124766063631,0.000623830318153,-7.78328531736e-07,1.00000000005,0.00124999902527,7.79787289623e-07
1980,40,1603,1603,80,157,2,2,0.00124766063631,0.00124766063631,-1.55665706347e-06,1.00000000005,0.00250155957336,1.56054870453e-06
1980,40,1603,1603,80,159,2,2,0.00124766063631,0.00374298190892,-4.66997119031e-06,1.00000000003,0.00752347566115,4.69337221531e-06
1980,40,1603,1603,80,164,2,2,0.00124766063631,0.000623830318153,-7.78328531736e-07,1.00000000005,0.00124999902527,7.79787289623e-07
1980,40,1603,1603,80,167,2,2,0.00124766063631,0.00311915159077,-3.89164265846e-06,0.999999999996,0.00626563966982,3.90869598866e-06
1980,40,1603,1603,80,177,2,2,0.00124766063631,0.000623830318153,-7.78328531736e-07,1.00000000005,0.00124999902527,7.79787289623e-07
1980,40,1603,1602,80,186,2,2,0.00124843945069,0.000624219725343,-7.79300530995e-07,0.999999999974,0.00125078076202,7.80762023735e-07
1980,40,1603,1603,80,188,2,2,0.00124766063631,0.00623830318153,-7.78328531692e-06,0.999999999996,0.0125706116665,7.84192867531e-06
1980,40,1603,1603,80,192,2,3,0.00124766063631,0.000623830318153,NaN,NaN,0.00250155957336,7.80274352265e-07
1980,40,1603,1603,80,198,2,2,0.00124766063631,0.00311915159077,-3.89164265846e-06,0.999999999996,0.00626563966982,3.90869598866e-06
1980,40,1603,1603,80,200,2,2,0.00124766063631,0.00124766063631,-1.55665706347e-06,1.00000000005,0.00250155957336,1.56054870453e-06
1980,40,1603,1603,80,207,2,2,0.00124766063631,0.008109794136,-1.01182709121e-05,1.00000000001,0.0163726287423,1.02137421973e-05
1980,40,1603,1603,80,208,2,2,0.00124766063631,0.000623830318153,-7.78328531736e-07,1.00000000005,0.00124999902527,7.79787289623e-07
1980,40,1603,1603,80,211,2,2,0.00124766063631,0.000623830318153,-7.78328531736e-07,1.00000000005,0.00124999902527,7.79787289623e-07
1980,40,1603,1603,80,215,2,2,0.00124766063631,0.00124766063631,-1.55665706347e-06,1.00000000005,0.00250155957336,1.56054870453e-06
1980,40,1603,1603,80,218,2,3,0.00124766063631,0.00124766063631,NaN,NaN,0.0100438793152,3.13283821436e-06
1980,40,1603,1603,80,220,2,2,0.00124766063631,0.00124766063631,-1.55665706347e-06,1.00000000005,0.00250155957336,1.56054870453e-06
1980,40,1603,1603,80,221,2,3,0.00124766063631,0.000623830318153,NaN,NaN,0.00250155957336,7.80274352265e-07
1980,40,1603,1603,80,222,2,2,0.00124766063631,0.000623830318153,-7.78328531736e-07,1.00000000005,0.00124999902527,7.79787289623e-07
1980,40,1603,1603,80,226,2,2,0.00124766063631,0.000623830318153,-7.78328531736e-07,1.00000000005,0.00124999902527,7.79787289623e-07
1980,40,1603,1603,80,227,2,2,0.00124766063631,0.000623830318153,-7.78328531736e-07,1.00000000005,0.00124999902527,7.79787289623e-07
1980,40,1603,1603,80,232,2,2,0.00124766063631,0.000623830318153,-7.78328531736e-07,1.00000000005,0.00124999902527,7.79787289623e-07
1980,40,1603,1603,80,233,2,2,0.00124766063631,0.000623830318153,-7.78328531736e-07,1.00000000005,0.00124999902527,7.79787289623e-07
1980,40,1603,1603,80,240,2,2,0.00124766063631,0.00187149095446,-2.33498559521e-06,1.00000000005,0.00375468457214,2.34228607121e-06
1980,40,1603,1603,80,244,2,2,0.00124766063631,0.000623830318153,-7.78328531736e-07,1.00000000005,0.00124999902527,7.79787289623e-07
1980,40,1603,1603,80,245,2,2,0.00124766063631,0.000623830318153,-7.78328531736e-07,1.00000000005,0.00124999902527,7.79787289623e-07
1980,40,1603,1603,82,15,2,2,0.000623830318153,0.000623830318153,-3.89164265702e-07,0.999999999625,0.000624609375609,3.89650265508e-07
1980,40,1603,1603,82,20,2,3,0.000623830318153,0.000623830318153,NaN,NaN,0.00124999902527,3.89893644812e-07
1980,40,1603,1603,82,22,2,2,0.000623830318153,0.00124766063631,-7.78328531736e-07,1.00000000005,0.00124999902527,7.79787289623e-07
1980,40,1603,1603,82,26,2,2,0.000623830318153,0.00374298190892,-2.3349855951e-06,1.00000000001,0.00375938967962,2.3452212599e-06
1980,40,1603,1603,82,33,2,2,0.000623830318153,0.000623830318153,-3.89164265702e-07,0.999999999625,0.000624609375609,3.89650265508e-07
1980,40,1603,1603,82,35,2,2,0.000623830318153,0.000623830318153,-3.89164265702e-07,0.999999999625,0.000624609375609,3.89650265508e-07
1980,40,1603,1603,82,46,2,3,0.000623830318153,0.000623830318153,NaN,NaN,0.00124999902527,3.89893644812e-07
1980,40,1603,1603,82,48,2,2,0.000623830318153,0.000623830318153,-3.89164265702e-07,0.999999999625,0.000624609375609,3.89650265508e-07
1980,40,1603,1603,82,49,2,2,0.000623830318153,0.000623830318153,-3.89164265702e-07,0.999999999625,0.000624609375609,3.89650265508e-07
1980,40,1603,1603,82,55,2,2,0.000623830318153,0.000623830318153,-3.89164265702e-07,0.999999999625,0.000624609375609,3.89650265508e-07
1980,40,1603,1603,82,60,2,2,0.000623830318153,0.000623830318153,-3.89164265702e-07,0.999999999625,0.000624609375609,3.89650265508e-07
1980,40,1603,1603,82,64,2,2,0.000623830318153,0.00249532127261,-1.55665706336e-06,0.999999999982,0.00250312500244,1.56152526665e-06
1980,40,1603,1603,82,73,2,2,0.000623830318153,0.000623830318153,-3.89164265702e-07,0.999999999625,0.000624609375609,3.89650265508e-07
1980,40,1603,1603,82,77,2,2,0.000623830318153,0.00374298190892,-2.3349855951e-06,1.00000000001,0.00375938967962,2.3452212599e-06
1980,40,1603,1603,82,94,2,2,0.000623830318153,0.000623830318153,-3.89164265702e-07,0.999999999625,0.000624609375609,3.89650265508e-07
1980,40,1603,1603,82,97,2,3,0.000623830318153,0.000623830318153,NaN,NaN,0.00124999902527,3.89893644812e-07
1980,40,1603,1603,82,101,2,2,0.000623830318153,0.00124766063631,-7.78328531736e-07,1.00000000005,0.00124999902527,7.79787289623e-07
1980,40,1603,1603,82,105,2,2,0.000623830318153,0.292576419214,-0.000182518040682,1.0,0.413838411862,0.000258164948136
1980,40,1603,1603,82,115,2,3,0.000623830318153,0.000623830318153,NaN,NaN,0.00124999902527,3.89893644812e-07
1980,40,1603,1603,82,123,2,3,0.000623830318153,0.000623830318153,NaN,NaN,0.00250312500244,7.80762633325e-07
1980,40,1603,1603,82,124,2,2,0.000623830318153,0.00187149095446,-1.16749279755e-06,1.00000000001,0.00187617041199,1.17041198502e-06
1980,40,1603,1603,82,130,2,2,0.000623830318153,0.000623830318153,-3.89164265702e-07,0.999999999625,0.000624609375609,3.89650265508e-07
1980,40,1603,1603,82,131,2,2,0.000623830318153,0.00124766063631,-7.78328531736e-07,1.00000000005,0.00124999902527,7.79787289623e-07
1980,40,1603,1603,82,140,2,3,0.000623830318153,0.00124766063631,NaN,NaN,0.00564969760196,1.76222632625e-06
1980,40,1603,1603,82,146,2,2,0.000623830318153,0.000623830318153,-3.89164265702e-07,0.999999999625,0.000624609375609,3.89650265508e-07
1980,40,1603,1603,82,149,2,2,0.000623830318153,0.000623830318153,-3.89164265702e-07,0.999999999625,0.000624609375609,3.89650265508e-07
1980,40,1603,1603,82,157,2,2,0.000623830318153,0.00124766063631,-7.78328531736e-07,1.00000000005,0.00124999902527,7.79787289623e-07
1980,40,1603,1603,82,159,2,2,0.000623830318153,0.00374298190892,-2.3349855951e-06,1.00000000001,0.00375938967962,2.3452212599e-06
1980,40,1603,1603,82,164,2,2,0.000623830318153,0.000623830318153,-3.89164265702e-07,0.999999999625,0.000624609375609,3.89650265508e-07
1980,40,1603,1603,82,167,2,2,0.000623830318153,0.00311915159077,-1.94582132917e-06,0.999999999968,0.00313086426698,1.95312805176e-06
1980,40,1603,1603,82,177,2,2,0.000623830318153,0.000623830318153,-3.89164265702e-07,0.999999999625,0.000624609375609,3.89650265508e-07
1980,40,1603,1602,82,186,2,2,0.000624219725343,0.000624219725343,-3.89650265498e-07,0.999999999974,0.000624999756164,3.90137176132e-07
1980,40,1603,1603,82,188,2,2,0.000623830318153,0.00623830318153,-3.89164265846e-06,0.999999999996,0.00628138242138,3.91851679437e-06
1980,40,1603,1603,82,192,2,3,0.000623830318153,0.000623830318153,NaN,NaN,0.00124999902527,3.89893644812e-07
1980,40,1603,1603,82,198,2,2,0.000623830318153,0.00311915159077,-1.94582132917e-06,0.999999999968,0.00313086426698,1.95312805176e-06
1980,40,1603,1603,82,200,2,2,0.000623830318153,0.00124766063631,-7.78328531736e-07,1.00000000005,0.00124999902527,7.79787289623e-07
1980,40,1603,1603,82,207,2,2,0.000623830318153,0.008109794136,-5.05913545601e-06,0.999999999998,0.00818120431222,5.10368328897e-06
1980,40,1603,1603,82,208,2,2,0.000623830318153,0.000623830318153,-3.89164265702e-07,0.999999999625,0.000624609375609,3.89650265508e-07
1980,40,1603,1603,82,211,2,2,0.000623830318153,0.000623830318153,-3.89164265702e-07,0.999999999625,0.000624609375609,3.89650265508e-07
1980,40,1603,1603,82,215,2,2,0.000623830318153,0.00124766063631,-7.78328531736e-07,1.00000000005,0.00124999902527,7.79787289623e-07
1980,40,1603,1603,82,218,2,3,0.000623830318153,0.00124766063631,NaN,NaN,266.33281315,0.0830732417811
1980,40,1603,1603,82,220,2,2,0.000623830318153,0.00124766063631,-7.78328531736e-07,1.00000000005,0.00124999902527,7.79787289623e-07
1980,40,1603,1603,82,221,2,3,0.000623830318153,0.000623830318153,NaN,NaN,0.00124999902527,3.89893644812e-07
1980,40,1603,1603,82,222,2,2,0.000623830318153,0.000623830318153,-3.89164265702e-07,0.999999999625,0.000624609375609,3.89650265508e-07
1980,40,1603,1603,82,226,2,2,0.000623830318153,0.000623830318153,-3.89164265702e-07,0.999999999625,0.000624609375609,3.89650265508e-07
1980,40,1603,1603,82,227,2,2,0.000623830318153,0.000623830318153,-3.89164265702e-07,0.999999999625,0.000624609375609,3.89650265508e-07
1980,40,1603,1603,82,232,2,2,0.000623830318153,0.000623830318153,-3.89164265702e-07,0.999999999625,0.000624609375609,3.89650265508e-07
1980,40,1603,1603,82,233,2,2,0.000623830318153,0.000623830318153,-3.89164265702e-07,0.999999999625,0.000624609375609,3.89650265508e-07
1980,40,1603,1603,82,240,2,2,0.000623830318153,0.00187149095446,-1.16749279755e-06,1.00000000001,0.00187617041199,1.17041198502e-06
1980,40,1603,1603,82,244,2,2,0.000623830318153,0.000623830318153,-3.89164265702e-07,0.999999999625,0.000624609375609,3.89650265508e-07
1980,40,1603,1603,82,245,2,2,0.000623830318153,0.000623830318153,-3.89164265702e-07,0.999999999625,0.000624609375609,3.89650265508e-07
1980,40,1603,1603,83,15,3,2,0.000623830318153,0.000623830318153,NaN,NaN,0.00754713427826,2.35406558898e-06
1980,40,1603,1603,83,20,3,3,0.000623830318153,0.000623830318153,NaN,NaN,0.0151036965818,2.35553596099e-06
1980,40,1603,1603,83,22,3,2,0.000623830318153,0.00124766063631,NaN,NaN,0.0151036965818,4.71107192197e-06
1980,40,1603,1603,83,26,3,2,0.000623830318153,0.00374298190892,NaN,NaN,0.0454245802646,1.41686151792e-05
1980,40,1603,1603,83,33,3,2,0.000623830318153,0.000623830318153,NaN,NaN,0.00754713427826,2.35406558898e-06
1980,40,1603,1603,83,35,3,2,0.000623830318153,0.000623830318153,NaN,NaN,0.00754713427826,2.35406558898e-06
1980,40,1603,1603,83,46,3,3,0.000623830318153,0.000623830318153,NaN,NaN,0.0151036965818,2.35553596099e-06
1980,40,1603,1603,83,48,3,2,0.000623830318153,0.000623830318153,NaN,NaN,0.00754713427826,2.35406558898e-06
1980,40,1603,1603,83,49,3,2,0.000623830318153,0.000623830318153,NaN,NaN,0.00754713427826,2.35406558898e-06
1980,40,1603,1603,83,55,3,2,0.000623830318153,0.000623830318153,NaN,NaN,0.00754713427826,2.35406558898e-06
1980,40,1603,1603,83,60,3,2,0.000623830318153,0.000623830318153,NaN,NaN,0.00754713427826,2.35406558898e-06
1980,40,1603,1603,83,64,3,2,0.000623830318153,0.00249532127261,NaN,NaN,0.0302451760194,9.4339288894e-06
1980,40,1603,1603,83,73,3,2,0.000623830318153,0.000623830318153,NaN,NaN,0.00754713427826,2.35406558898e-06
1980,40,1603,1603,83,77,3,2,0.000623830318153,0.00374298190892,NaN,NaN,0.0454245802646,1.41686151792e-05
1980,40,1603,1603,83,94,3,2,0.000623830318153,0.000623830318153,NaN,NaN,0.00754713427826,2.35406558898e-06
1980,40,1603,1603,83,97,3,3,0.000623830318153,0.000623830318153,NaN,NaN,0.0151036965818,2.35553596099e-06
1980,40,1603,1603,83,101,3,2,0.000623830318153,0.00124766063631,NaN,NaN,0.0151036965818,4.71107192197e-06
1980,40,1603,1603,83,105,3,2,0.000623830318153,0.292576419214,NaN,NaN,5.00039574458,0.00155969923412
1980,40,1603,1603,83,115,3,3,0.000623830318153,0.000623830318153,NaN,NaN,0.0151036965818,2.35553596099e-06
1980,40,1603,1603,83,123,3,3,0.000623830318153,0.000623830318153,NaN,NaN,0.0302451760194,4.7169644447e-06
1980,40,1603,1603,83,124,3,2,0.000623830318153,0.00187149095446,NaN,NaN,0.0226697045883,7.07102451288e-06
1980,40,1603,1603,83,130,3,2,0.000623830318153,0.000623830318153,NaN,NaN,0.00754713427826,2.35406558898e-06
1980,40,1603,1603,83,131,3,2,0.000623830318153,0.00124766063631,NaN,NaN,0.0151036965818,4.71107192197e-06
1980,40,1603,1603,83,140,3,3,0.000623830318153,0.00124766063631,NaN,NaN,1017.53740331,0.15869267051
1980,40,1603,1603,83,146,3,2,0.000623830318153,0.000623830318153,NaN,NaN,0.00754713427826,2.35406558898e-06
1980,40,1603,1603,83,149,3,2,0.000623830318153,0.000623830318153,NaN,NaN,0.00754713427826,2.35406558898e-06
1980,40,1603,1603,83,157,3,2,0.000623830318153,0.00124766063631,NaN,NaN,0.0151036965818,4.71107192197e-06
1980,40,1603,1603,83,159,3,2,0.000623830318153,0.00374298190892,NaN,NaN,0.0454245802646,1.41686151792e-05
1980,40,1603,1603,83,164,3,2,0.000623830318153,0.000623830318153,NaN,NaN,0.00754713427826,2.35406558898e-06
1980,40,1603,1603,83,167,3,2,0.000623830318153,0.00311915159077,NaN,NaN,0.0378301286413,1.1799790593e-05
1980,40,1603,1603,83,177,3,2,0.000623830318153,0.000623830318153,NaN,NaN,0.00754713427826,2.35406558898e-06
1980,40,1603,1602,83,186,3,2,0.000624219725343,0.000624219725343,NaN,NaN,0.00755188384618,2.35701743014e-06
1980,40,1603,1603,83,188,3,2,0.000623830318153,0.00623830318153,NaN,NaN,0.0758977345497,2.36736539456e-05
1980,40,1603,1603,83,192,3,3,0.000623830318153,0.000623830318153,NaN,NaN,0.0151036965818,2.35553596099e-06
1980,40,1603,1603,83,198,3,2,0.000623830318153,0.00311915159077,NaN,NaN,0.0378301286413,1.1799790593e-05
1980,40,1603,1603,83,200,3,2,0.000623830318153,0.00124766063631,NaN,NaN,0.0151036965818,4.71107192197e-06
1980,40,1603,1603,83,207,3,2,0.000623830318153,0.008109794136,NaN,NaN,0.0988532191691,3.08338175824e-05
1980,40,1603,1603,83,208,3,2,0.000623830318153,0.000623830318153,NaN,NaN,0.00754713427826,2.35406558898e-06
1980,40,1603,1603,83,211,3,2,0.000623830318153,0.000623830318153,NaN,NaN,0.00754713427826,2.35406558898e-06
1980,40,1603,1603,83,215,3,2,0.000623830318153,0.00124766063631,NaN,NaN,0.0151036965818,4.71107192197e-06
1980,40,1603,1603,83,218,3,3,0.000623830318153,0.00124766063631,NaN,NaN,0.0606420519813,9.45758764524e-06
1980,40,1603,1603,83,220,3,2,0.000623830318153,0.00124766063631,NaN,NaN,0.0151036965818,4.71107192197e-06
1980,40,1603,1603,83,221,3,3,0.000623830318153,0.000623830318153,NaN,NaN,0.0151036965818,2.35553596099e-06
1980,40,1603,1603,83,222,3,2,0.000623830318153,0.000623830318153,NaN,NaN,0.00754713427826,2.35406558898e-06
1980,40,1603,1603,83,226,3,2,0.000623830318153,0.000623830318153,NaN,NaN,0.00754713427826,2.35406558898e-06
1980,40,1603,1603,83,227,3,2,0.000623830318153,0.000623830318153,NaN,NaN,0.00754713427826,2.35406558898e-06
1980,40,1603,1603,83,232,3,2,0.000623830318153,0.000623830318153,NaN,NaN,0.00754713427826,2.35406558898e-06
1980,40,1603,1603,83,233,3,2,0.000623830318153,0.000623830318153,NaN,NaN,0.00754713427826,2.35406558898e-06
1980,40,1603,1603,83,240,3,2,0.000623830318153,0.00187149095446,NaN,NaN,0.0226697045883,7.07102451288e-06
1980,40,1603,1603,83,244,3,2,0.000623830318153,0.000623830318153,NaN,NaN,0.00754713427826,2.35406558898e-06
1980,40,1603,1603,83,245,3,2,0.000623830318153,0.000623830318153,NaN,NaN,0.00754713427826,2.35406558898e-06
1980,40,1603,1603,92,15,3,2,0.000623830318153,0.000623830318153,NaN,NaN,0.00124999902527,3.89893644812e-07
1980,40,1603,1603,92,20,3,3,0.000623830318153,0.000623830318153,NaN,NaN,0.00250155957336,3.90137176132e-07
1980,40,1603,1603,92,22,3,2,0.000623830318153,0.00124766063631,NaN,NaN,0.00250155957336,7.80274352265e-07
1980,40,1603,1603,92,26,3,2,0.000623830318153,0.00374298190892,NaN,NaN,0.00752347566115,2.34668610766e-06
1980,40,1603,1603,92,33,3,2,0.000623830318153,0.000623830318153,NaN,NaN,0.00124999902527,3.89893644812e-07
1980,40,1603,1603,92,35,3,2,0.000623830318153,0.000623830318153,NaN,NaN,0.00124999902527,3.89893644812e-07
1980,40,1603,1603,92,46,3,3,0.000623830318153,0.000623830318153,NaN,NaN,0.00250155957336,3.90137176132e-07
1980,40,1603,1603,92,48,3,2,0.000623830318153,0.000623830318153,NaN,NaN,0.00124999902527,3.89893644812e-07
1980,40,1603,1603,92,49,3,2,0.000623830318153,0.000623830318153,NaN,NaN,0.00124999902527,3.89893644812e-07
1980,40,1603,1603,92,55,3,2,0.000623830318153,0.000623830318153,NaN,NaN,0.00124999902527,3.89893644812e-07
1980,40,1603,1603,92,60,3,2,0.000623830318153,0.000623830318153,NaN,NaN,0.00124999902527,3.89893644812e-07
1980,40,1603,1603,92,64,3,2,0.000623830318153,0.00249532127261,NaN,NaN,0.00500937695679,1.56250061035e-06
1980,40,1603,1603,92,73,3,2,0.000623830318153,0.000623830318153,NaN,NaN,0.00124999902527,3.89893644812e-07
1980,40,1603,1603,92,77,3,2,0.000623830318153,0.00374298190892,NaN,NaN,0.00752347566115,2.34668610766e-06
1980,40,1603,1603,92,94,3,2,0.000623830318153,0.000623830318153,NaN,NaN,0.00124999902527,3.89893644812e-07
1980,40,1603,1603,92,97,3,3,0.000623830318153,0.000623830318153,NaN,NaN,0.00250155957336,3.90137176132e-07
1980,40,1603,1603,92,101,3,2,0.000623830318153,0.00124766063631,NaN,NaN,0.00250155957336,7.80274352265e-07
1980,40,1603,1603,92,105,3,2,0.000623830318153,0.292576419214,NaN,NaN,2.83201005176,0.000883346865802
1980,40,1603,1603,92,115,3,3,0.000623830318153,0.000623830318153,NaN,NaN,0.00250155957336,3.90137176132e-07
1980,40,1603,1603,92,123,3,3,0.000623830318153,0.000623830318153,NaN,NaN,0.00500937695679,7.81250305176e-07
1980,40,1603,1603,92,124,3,2,0.000623830318153,0.00187149095446,NaN,NaN,0.00375468457214,1.1711430356e-06
1980,40,1603,1603,92,130,3,2,0.000623830318153,0.000623830318153,NaN,NaN,0.00124999902527,3.89893644812e-07
1980,40,1603,1603,92,131,3,2,0.000623830318153,0.00124766063631,NaN,NaN,0.00250155957336,7.80274352265e-07
1980,40,1603,1603,92,140,3,3,0.000623830318153,0.00124766063631,NaN,NaN,0.0113064529149,1.76332702977e-06
1980,40,1603,1603,92,146,3,2,0.000623830318153,0.000623830318153,NaN,NaN,0.00124999902527,3.89893644812e-07
1980,40,1603,1603,92,149,3,2,0.000623830318153,0.000623830318153,NaN,NaN,0.00124999902527,3.89893644812e-07
1980,40,1603,1603,92,157,3,2,0.000623830318153,0.00124766063631,NaN,NaN,0.00250155957336,7.80274352265e-07
1980,40,1603,1603,92,159,3,2,0.000623830318153,0.00374298190892,NaN,NaN,0.00752347566115,2.34668610766e-06
1980,40,1603,1603,92,164,3,2,0.000623830318153,0.000623830318153,NaN,NaN,0.00124999902527,3.89893644812e-07
1980,40,1603,1603,92,167,3,2,0.000623830318153,0.00311915159077,NaN,NaN,0.00626563966982,1.95434799433e-06
1980,40,1603,1603,92,177,3,2,0.000623830318153,0.000623830318153,NaN,NaN,0.00124999902527,3.89893644812e-07
1980,40,1603,1602,92,186,3,2,0.000624219725343,0.000624219725343,NaN,NaN,0.00125078076202,3.90381011868e-07
1980,40,1603,1603,92,188,3,2,0.000623830318153,0.00623830318153,NaN,NaN,0.0125706116665,3.92096433765e-06
1980,40,1603,1603,92,192,3,3,0.000623830318153,0.000623830318153,NaN,NaN,0.00250155957336,3.90137176132e-07
1980,40,1603,1603,92,198,3,2,0.000623830318153,0.00311915159077,NaN,NaN,0.00626563966982,1.95434799433e-06
1980,40,1603,1603,92,200,3,2,0.000623830318153,0.00124766063631,NaN,NaN,0.00250155957336,7.80274352265e-07
1980,40,1603,1603,92,207,3,2,0.000623830318153,0.008109794136,NaN,NaN,0.0163726287423,5.10687109865e-06
1980,40,1603,1603,92,208,3,2,0.000623830318153,0.000623830318153,NaN,NaN,0.00124999902527,3.89893644812e-07
1980,40,1603,1603,92,211,3,2,0.000623830318153,0.000623830318153,NaN,NaN,0.00124999902527,3.89893644812e-07
1980,40,1603,1603,92,215,3,2,0.000623830318153,0.00124766063631,NaN,NaN,0.00250155957336,7.80274352265e-07
1980,40,1603,1603,92,218,3,3,0.000623830318153,0.00124766063631,NaN,NaN,0.0100438793152,1.56641910718e-06
1980,40,1603,1603,92,220,3,2,0.000623830318153,0.00124766063631,NaN,NaN,0.00250155957336,7.80274352265e-07
1980,40,1603,1603,92,221,3,3,0.000623830318153,0.000623830318153,NaN,NaN,0.00250155957336,3.90137176132e-07
1980,40,1603,1603,92,222,3,2,0.000623830318153,0.000623830318153,NaN,NaN,0.00124999902527,3.89893644812e-07
1980,40,1603,1603,92,226,3,2,0.000623830318153,0.000623830318153,NaN,NaN,0.00124999902527,3.89893644812e-07
1980,40,1603,1603,92,227,3,2,0.000623830318153,0.000623830318153,NaN,NaN,0.00124999902527,3.89893644812e-07
1980,40,1603,1603,92,232,3,2,0.000623830318153,0.000623830318153,NaN,NaN,0.00124999902527,3.89893644812e-07
1980,40,1603,1603,92,233,3,2,0.000623830318153,0.000623830318153,NaN,NaN,0.00124999902527,3.89893644812e-07
1980,40,1603,1603,92,240,3,2,0.000623830318153,0.00187149095446,NaN,NaN,0.00375468457214,1.1711430356e-06
1980,40,1603,1603,92,244,3,2,0.000623830318153,0.000623830318153,NaN,NaN,0.00124999902527,3.89893644812e-07
1980,40,1603,1603,92,245,3,2,0.000623830318153,0.000623830318153,NaN,NaN,0.00124999902527,3.89893644812e-07
1980,40,1603,1603,96,15,3,2,0.000623830318153,0.000623830318153,NaN,NaN,0.00375938967962,1.17261062995e-06
1980,40,1603,1603,96,20,3,3,0.000623830318153,0.000623830318153,NaN,NaN,0.00752347566115,1.17334305383e-06
1980,40,1603,1603,96,22,3,2,0.000623830318153,0.00124766063631,NaN,NaN,0.00752347566115,2.34668610766e-06
1980,40,1603,1603,96,26,3,2,0.000623830318153,0.00374298190892,NaN,NaN,0.0226269590485,7.05769153104e-06
1980,40,1603,1603,96,33,3,2,0.000623830318153,0.000623830318153,NaN,NaN,0.00375938967962,1.17261062995e-06
1980,40,1603,1603,96,35,3,2,0.000623830318153,0.000623830318153,NaN,NaN,0.00375938967962,1.17261062995e-06
1980,40,1603,1603,96,46,3,3,0.000623830318153,0.000623830318153,NaN,NaN,0.00752347566115,1.17334305383e-06
1980,40,1603,1603,96,48,3,2,0.000623830318153,0.000623830318153,NaN,NaN,0.00375938967962,1.17261062995e-06
1980,40,1603,1603,96,49,3,2,0.000623830318153,0.000623830318153,NaN,NaN,0.00375938967962,1.17261062995e-06
1980,40,1603,1603,96,55,3,2,0.000623830318153,0.000623830318153,NaN,NaN,0.00375938967962,1.17261062995e-06
1980,40,1603,1603,96,60,3,2,0.000623830318153,0.000623830318153,NaN,NaN,0.00375938967962,1.17261062995e-06
1980,40,1603,1603,96,64,3,2,0.000623830318153,0.00249532127261,NaN,NaN,0.0150657717742,4.69924259957e-06
1980,40,1603,1603,96,73,3,2,0.000623830318153,0.000623830318153,NaN,NaN,0.00375938967962,1.17261062995e-06
1980,40,1603,1603,96,77,3,2,0.000623830318153,0.00374298190892,NaN,NaN,0.0226269590485,7.05769153104e-06
1980,40,1603,1603,96,94,3,2,0.000623830318153,0.000623830318153,NaN,NaN,0.00375938967962,1.17261062995e-06
1980,40,1603,1603,96,97,3,3,0.000623830318153,0.000623830318153,NaN,NaN,0.00752347566115,1.17334305383e-06
1980,40,1603,1603,96,101,3,2,0.000623830318153,0.00124766063631,NaN,NaN,0.00752347566115,2.34668610766e-06
1980,40,1603,1603,96,105,3,2,0.000623830318153,0.292576419214,NaN,NaN,4.71625508442,0.0014710714549
1980,40,1603,1603,96,115,3,3,0.000623830318153,0.000623830318153,NaN,NaN,0.00752347566115,1.17334305383e-06
1980,40,1603,1603,96,123,3,3,0.000623830318153,0.000623830318153,NaN,NaN,0.0150657717742,2.34962129979e-06
1980,40,1603,1603,96,124,3,2,0.000623830318153,0.00187149095446,NaN,NaN,0.0112922667502,3.52222917971e-06
1980,40,1603,1603,96,130,3,2,0.000623830318153,0.000623830318153,NaN,NaN,0.00375938967962,1.17261062995e-06
1980,40,1603,1603,96,131,3,2,0.000623830318153,0.00124766063631,NaN,NaN,0.00752347566115,2.34668610766e-06
1980,40,1603,1603,96,140,3,3,0.000623830318153,0.00124766063631,NaN,NaN,0.0340043164371,5.30323088539e-06
1980,40,1603,1603,96,146,3,2,0.000623830318153,0.000623830318153,NaN,NaN,0.00375938967962,1.17261062995e-06
1980,40,1603,1603,96,149,3,2,0.000623830318153,0.000623830318153,NaN,NaN,0.00375938967962,1.17261062995e-06
1980,40,1603,1603,96,157,3,2,0.000623830318153,0.00124766063631,NaN,NaN,0.00752347566115,2.34668610766e-06
1980,40,1603,1603,96,159,3,2,0.000623830318153,0.00374298190892,NaN,NaN,0.0226269590485,7.05769153104e-06
1980,40,1603,1603,96,164,3,2,0.000623830318153,0.000623830318153,NaN,NaN,0.00375938967962,1.17261062995e-06
1980,40,1603,1603,96,167,3,2,0.000623830318153,0.00311915159077,NaN,NaN,0.0188439995831,5.8777291276e-06
1980,40,1603,1603,96,177,3,2,0.000623830318153,0.000623830318153,NaN,NaN,0.00375938967962,1.17261062995e-06
1980,40,1603,1602,96,186,3,2,0.000624219725343,0.000624219725343,NaN,NaN,0.0037617466527,1.17407823118e-06
1980,40,1603,1603,96,188,3,2,0.000623830318153,0.00623830318153,NaN,NaN,0.0378062916933,1.17923554876e-05
1980,40,1603,1603,96,192,3,3,0.000623830318153,0.000623830318153,NaN,NaN,0.00752347566115,1.17334305383e-06
1980,40,1603,1603,96,198,3,2,0.000623830318153,0.00311915159077,NaN,NaN,0.0188439995831,5.8777291276e-06
1980,40,1603,1603,96,200,3,2,0.000623830318153,0.00124766063631,NaN,NaN,0.00752347566115,2.34668610766e-06
1980,40,1603,1603,96,207,3,2,0.000623830318153,0.008109794136,NaN,NaN,0.0492409116149,1.53589867795e-05
1980,40,1603,1603,96,208,3,2,0.000623830318153,0.000623830318153,NaN,NaN,0.00375938967962,1.17261062995e-06
1980,40,1603,1603,96,211,3,2,0.000623830318153,0.000623830318153,NaN,NaN,0.00375938967962,1.17261062995e-06
1980,40,1603,1603,96,215,3,2,0.000623830318153,0.00124766063631,NaN,NaN,0.00752347566115,2.34668610766e-06
1980,40,1603,1603,96,218,3,3,0.000623830318153,0.00124766063631,NaN,NaN,0.030207108548,4.71102753399e-06
1980,40,1603,1603,96,220,3,2,0.000623830318153,0.00124766063631,NaN,NaN,0.00752347566115,2.34668610766e-06
1980,40,1603,1603,96,221,3,3,0.000623830318153,0.000623830318153,NaN,NaN,0.00752347566115,1.17334305383e-06
1980,40,1603,1603,96,222,3,2,0.000623830318153,0.000623830318153,NaN,NaN,0.00375938967962,1.17261062995e-06
1980,40,1603,1603,96,226,3,2,0.000623830318153,0.000623830318153,NaN,NaN,0.00375938967962,1.17261062995e-06
1980,40,1603,1603,96,227,3,2,0.000623830318153,0.000623830318153,NaN,NaN,0.00375938967962,1.17261062995e-06
1980,40,1603,1603,96,232,3,2,0.000623830318153,0.000623830318153,NaN,NaN,0.00375938967962,1.17261062995e-06
1980,40,1603,1603,96,233,3,2,0.000623830318153,0.000623830318153,NaN,NaN,0.00375938967962,1.17261062995e-06
1980,40,1603,1603,96,240,3,2,0.000623830318153,0.00187149095446,NaN,NaN,0.0112922667502,3.52222917971e-06
1980,40,1603,1603,96,244,3,2,0.000623830318153,0.000623830318153,NaN,NaN,0.00375938967962,1.17261062995e-06
1980,40,1603,1603,96,245,3,2,0.000623830318153,0.000623830318153,NaN,NaN,0.00375938967962,1.17261062995e-06
1980,40,1603,1603,103,15,2,2,0.0124766063631,0.000623830318153,-7.78328531692e-06,0.999999999996,0.0126421253282,7.88654106561e-06
1980,40,1603,1603,103,20,2,3,0.0124766063631,0.000623830318153,NaN,NaN,0.0253000434425,7.89146707502e-06
1980,40,1603,1603,103,22,2,2,0.0124766063631,0.00124766063631,-1.5566570634e-05,1.0,0.0253000434425,1.578293415e-05
1980,40,1603,1603,103,26,2,2,0.0124766063631,0.00374298190892,-4.66997119017e-05,1.0,0.0760902371036,4.74673968207e-05
1980,40,1603,1603,103,33,2,2,0.0124766063631,0.000623830318153,-7.78328531692e-06,0.999999999996,0.0126421253282,7.88654106561e-06
1980,40,1603,1603,103,35,2,2,0.0124766063631,0.000623830318153,-7.78328531692e-06,0.999999999996,0.0126421253282,7.88654106561e-06
1980,40,1603,1603,103,46,2,3,0.0124766063631,0.000623830318153,NaN,NaN,0.0253000434425,7.89146707502e-06
1980,40,1603,1603,103,48,2,2,0.0124766063631,0.000623830318153,-7.78328531692e-06,0.999999999996,0.0126421253282,7.88654106561e-06
1980,40,1603,1603,103,49,2,2,0.0124766063631,0.000623830318153,-7.78328531692e-06,0.999999999996,0.0126421253282,7.88654106561e-06
1980,40,1603,1603,103,55,2,2,0.0124766063631,0.000623830318153,-7.78328531692e-06,0.999999999996,0.0126421253282,7.88654106561e-06
1980,40,1603,1603,103,60,2,2,0.0124766063631,0.000623830318153,-7.78328531692e-06,0.999999999996,0.0126421253282,7.88654106561e-06
1980,40,1603,1603,103,64,2,2,0.0124766063631,0.00249532127261,-3.11331412678e-05,1.0,0.0506633765497,3.16053503117e-05
1980,40,1603,1603,103,73,2,2,0.0124766063631,0.000623830318153,-7.78328531692e-06,0.999999999996,0.0126421253282,7.88654106561e-06
1980,40,1603,1603,103,77,2,2,0.0124766063631,0.00374298190892,-4.66997119017e-05,1.0,0.0760902371036,4.74673968207e-05
1980,40,1603,1603,103,94,2,2,0.0124766063631,0.000623830318153,-7.78328531692e-06,0.999999999996,0.0126421253282,7.88654106561e-06
1980,40,1603,1603,103,97,2,3,0.0124766063631,0.000623830318153,NaN,NaN,0.0253000434425,7.89146707502e-06
1980,40,1603,1603,103,101,2,2,0.0124766063631,0.00124766063631,-1.5566570634e-05,1.0,0.0253000434425,1.578293415e-05
1980,40,1603,1603,103,105,2,2,0.0124766063631,0.292576419214,-0.00365036081365,1.0,8.37611037021,0.00522527159714
1980,40,1603,1603,103,115,2,3,0.0124766063631,0.000623830318153,NaN,NaN,0.0253000434425,7.89146707502e-06
1980,40,1603,1603,103,123,2,3,0.0124766063631,0.000623830318153,NaN,NaN,0.0506633765497,1.58026751559e-05
1980,40,1603,1603,103,124,2,2,0.0124766063631,0.00187149095446,-2.33498559509e-05,1.0,0.0379737839545,2.36891977258e-05
1980,40,1603,1603,103,130,2,2,0.0124766063631,0.000623830318153,-7.78328531692e-06,0.999999999996,0.0126421253282,7.88654106561e-06
1980,40,1603,1603,103,131,2,2,0.0124766063631,0.00124766063631,-1.5566570634e-05,1.0,0.0253000434425,1.578293415e-05
1980,40,1603,1603,103,140,2,3,0.0124766063631,0.00124766063631,NaN,NaN,0.114350164982,3.56675499009e-05
1980,40,1603,1603,103,146,2,2,0.0124766063631,0.000623830318153,-7.78328531692e-06,0.999999999996,0.0126421253282,7.88654106561e-06
1980,40,1603,1603,103,149,2,2,0.0124766063631,0.000623830318153,-7.78328531692e-06,0.999999999996,0.0126421253282,7.88654106561e-06
1980,40,1603,1603,103,157,2,2,0.0124766063631,0.00124766063631,-1.5566570634e-05,1.0,0.0253000434425,1.578293415e-05
1980,40,1603,1603,103,159,2,2,0.0124766063631,0.00374298190892,-4.66997119017e-05,1.0,0.0760902371036,4.74673968207e-05
1980,40,1603,1603,103,164,2,2,0.0124766063631,0.000623830318153,-7.78328531692e-06,0.999999999996,0.0126421253282,7.88654106561e-06
1980,40,1603,1603,103,167,2,2,0.0124766063631,0.00311915159077,-3.89164265847e-05,0.999999999999,0.0633688509879,3.95314104728e-05
1980,40,1603,1603,103,177,2,2,0.0124766063631,0.000623830318153,-7.78328531692e-06,0.999999999996,0.0126421253282,7.88654106561e-06
1980,40,1603,1602,103,186,2,2,0.0124843945069,0.000624219725343,-7.79300531017e-06,1.0,0.012650121487,7.89645536015e-06
1980,40,1603,1603,103,188,2,2,0.0124766063631,0.00623830318153,-7.78328531695e-05,1.0,0.127135497651,7.9310977948e-05
1980,40,1603,1603,103,192,2,3,0.0124766063631,0.000623830318153,NaN,NaN,0.0253000434425,7.89146707502e-06
1980,40,1603,1603,103,198,2,2,0.0124766063631,0.00311915159077,-3.89164265847e-05,0.999999999999,0.0633688509879,3.95314104728e-05
1980,40,1603,1603,103,200,2,2,0.0124766063631,0.00124766063631,-1.5566570634e-05,1.0,0.0253000434425,1.578293415e-05
1980,40,1603,1603,103,207,2,2,0.0124766063631,0.008109794136,-0.00010118270912,1.0,0.165587988732,0.000103298807693
1980,40,1603,1603,103,208,2,2,0.0124766063631,0.000623830318153,-7.78328531692e-06,0.999999999996,0.0126421253282,7.88654106561e-06
1980,40,1603,1603,103,211,2,2,0.0124766063631,0.000623830318153,-7.78328531692e-06,0.999999999996,0.0126421253282,7.88654106561e-06
1980,40,1603,1603,103,215,2,2,0.0124766063631,0.00124766063631,-1.5566570634e-05,1.0,0.0253000434425,1.578293415e-05
1980,40,1603,1603,103,218,2,3,0.0124766063631,0.00124766063631,NaN,NaN,0.101580864079,3.16846113783e-05
1980,40,1603,1603,103,220,2,2,0.0124766063631,0.00124766063631,-1.5566570634e-05,1.0,0.0253000434425,1.578293415e-05
1980,40,1603,1603,103,221,2,3,0.0124766063631,0.000623830318153,NaN,NaN,79.2108307624,0.0247070588778
1980,40,1603,1603,103,222,2,2,0.0124766063631,0.000623830318153,-7.78328531692e-06,0.999999999996,0.0126421253282,7.88654106561e-06
1980,40,1603,1603,103,226,2,2,0.0124766063631,0.000623830318153,-7.78328531692e-06,0.999999999996,0.0126421253282,7.88654106561e-06
1980,40,1603,1603,103,227,2,2,0.0124766063631,0.000623830318153,-7.78328531692e-06,0.999999999996,0.0126421253282,7.88654106561e-06
1980,40,1603,1603,103,232,2,2,0.0124766063631,0.000623830318153,-7.78328531692e-06,0.999999999996,0.0126421253282,7.88654106561e-06
1980,40,1603,1603,103,233,2,2,0.0124766063631,0.000623830318153,-7.78328531692e-06,0.999999999996,0.0126421253282,7.88654106561e-06
1980,40,1603,1603,103,240,2,2,0.0124766063631,0.00187149095446,-2.33498559509e-05,1.0,0.0379737839545,2.36891977258e-05
1980,40,1603,1603,103,244,2,2,0.0124766063631,0.000623830318153,-7.78328531692e-06,0.999999999996,0.0126421253282,7.88654106561e-06
1980,40,1603,1603,103,245,2,2,0.0124766063631,0.000623830318153,-7.78328531692e-06,0.999999999996,0.0126421253282,7.88654106561e-06
1980,40,1603,1603,104,15,3,2,0.000623830318153,0.000623830318153,NaN,NaN,0.00438870271809,1.36890290645e-06
1980,40,1603,1603,104,20,3,3,0.000623830318153,0.000623830318153,NaN,NaN,0.00878288788805,1.36975793638e-06
1980,40,1603,1603,104,22,3,2,0.000623830318153,0.00124766063631,NaN,NaN,0.00878288788805,2.73951587275e-06
1980,40,1603,1603,104,26,3,2,0.000623830318153,0.00374298190892,NaN,NaN,0.0264146590647,8.23913258412e-06
1980,40,1603,1603,104,33,3,2,0.000623830318153,0.000623830318153,NaN,NaN,0.00438870271809,1.36890290645e-06
1980,40,1603,1603,104,35,3,2,0.000623830318153,0.000623830318153,NaN,NaN,0.00438870271809,1.36890290645e-06
1980,40,1603,1603,104,46,3,3,0.000623830318153,0.000623830318153,NaN,NaN,0.00878288788805,1.36975793638e-06
1980,40,1603,1603,104,48,3,2,0.000623830318153,0.000623830318153,NaN,NaN,0.00438870271809,1.36890290645e-06
1980,40,1603,1603,104,49,3,2,0.000623830318153,0.000623830318153,NaN,NaN,0.00438870271809,1.36890290645e-06
1980,40,1603,1603,104,55,3,2,0.000623830318153,0.000623830318153,NaN,NaN,0.00438870271809,1.36890290645e-06
1980,40,1603,1603,104,60,3,2,0.000623830318153,0.000623830318153,NaN,NaN,0.00438870271809,1.36890290645e-06
1980,40,1603,1603,104,64,3,2,0.000623830318153,0.00249532127261,NaN,NaN,0.0175877467277,5.48588481836e-06
1980,40,1603,1603,104,73,3,2,0.000623830318153,0.000623830318153,NaN,NaN,0.00438870271809,1.36890290645e-06
1980,40,1603,1603,104,77,3,2,0.000623830318153,0.00374298190892,NaN,NaN,0.0264146590647,8.23913258412e-06
1980,40,1603,1603,104,94,3,2,0.000623830318153,0.000623830318153,NaN,NaN,0.00438870271809,1.36890290645e-06
1980,40,1603,1603,104,97,3,3,0.000623830318153,0.000623830318153,NaN,NaN,0.00878288788805,1.36975793638e-06
1980,40,1603,1603,104,101,3,2,0.000623830318153,0.00124766063631,NaN,NaN,0.00878288788805,2.73951587275e-06
1980,40,1603,1603,104,105,3,2,0.000623830318153,0.292576419214,NaN,NaN,2.46880814529,0.000770058685369
1980,40,1603,1603,104,115,3,3,0.000623830318153,0.000623830318153,NaN,NaN,0.00878288788805,1.36975793638e-06
1980,40,1603,1603,104,123,3,3,0.000623830318153,0.000623830318153,NaN,NaN,0.0175877467277,2.74294240918e-06
1980,40,1603,1603,104,124,3,2,0.000623830318153,0.00187149095446,NaN,NaN,0.0131825657895,4.11184210526e-06
1980,40,1603,1603,104,130,3,2,0.000623830318153,0.000623830318153,NaN,NaN,0.00438870271809,1.36890290645e-06
1980,40,1603,1603,104,131,3,2,0.000623830318153,0.00124766063631,NaN,NaN,0.00878288788805,2.73951587275e-06
1980,40,1603,1603,104,140,3,3,0.000623830318153,0.00124766063631,NaN,NaN,0.0396965594664,6.19097933038e-06
1980,40,1603,1603,104,146,3,2,0.000623830318153,0.000623830318153,NaN,NaN,0.00438870271809,1.36890290645e-06
1980,40,1603,1603,104,149,3,2,0.000623830318153,0.000623830318153,NaN,NaN,0.00438870271809,1.36890290645e-06
1980,40,1603,1603,104,157,3,2,0.000623830318153,0.00124766063631,NaN,NaN,0.00878288788805,2.73951587275e-06
1980,40,1603,1603,104,159,3,2,0.000623830318153,0.00374298190892,NaN,NaN,0.0264146590647,8.23913258412e-06
1980,40,1603,1603,104,164,3,2,0.000623830318153,0.000623830318153,NaN,NaN,0.00438870271809,1.36890290645e-06
1980,40,1603,1603,104,167,3,2,0.000623830318153,0.00311915159077,NaN,NaN,0.0219984410337,6.86164723448e-06
1980,40,1603,1603,104,177,3,2,0.000623830318153,0.000623830318153,NaN,NaN,0.00438870271809,1.36890290645e-06
1980,40,1603,1602,104,186,3,2,0.000624219725343,0.000624219725343,NaN,NaN,0.00439145596698,1.37061671878e-06
1980,40,1603,1603,104,188,3,2,0.000623830318153,0.00623830318153,NaN,NaN,0.044134976487,1.37663682118e-05
1980,40,1603,1603,104,192,3,3,0.000623830318153,0.000623830318153,NaN,NaN,0.00878288788805,1.36975793638e-06
1980,40,1603,1603,104,198,3,2,0.000623830318153,0.00311915159077,NaN,NaN,0.0219984410337,6.86164723448e-06
1980,40,1603,1603,104,200,3,2,0.000623830318153,0.00124766063631,NaN,NaN,0.00878288788805,2.73951587275e-06
1980,40,1603,1603,104,207,3,2,0.000623830318153,0.008109794136,NaN,NaN,0.0574837250359,1.79300452389e-05
1980,40,1603,1603,104,208,3,2,0.000623830318153,0.000623830318153,NaN,NaN,0.00438870271809,1.36890290645e-06
1980,40,1603,1603,104,211,3,2,0.000623830318153,0.000623830318153,NaN,NaN,0.00438870271809,1.36890290645e-06
1980,40,1603,1603,104,215,3,2,0.000623830318153,0.00124766063631,NaN,NaN,0.00878288788805,2.73951587275e-06
1980,40,1603,1603,104,218,3,3,0.000623830318153,0.00124766063631,NaN,NaN,0.035263707859,5.49964252324e-06
1980,40,1603,1603,104,220,3,2,0.000623830318153,0.00124766063631,NaN,NaN,0.00878288788805,2.73951587275e-06
1980,40,1603,1603,104,221,3,3,0.000623830318153,0.000623830318153,NaN,NaN,0.00878288788805,1.36975793638e-06
1980,40,1603,1603,104,222,3,2,0.000623830318153,0.000623830318153,NaN,NaN,0.00438870271809,1.36890290645e-06
1980,40,1603,1603,104,226,3,2,0.000623830318153,0.000623830318153,NaN,NaN,0.00438870271809,1.36890290645e-06
1980,40,1603,1603,104,227,3,2,0.000623830318153,0.000623830318153,NaN,NaN,0.00438870271809,1.36890290645e-06
1980,40,1603,1603,104,232,3,2,0.000623830318153,0.000623830318153,NaN,NaN,0.00438870271809,1.36890290645e-06
1980,40,1603,1603,104,233,3,2,0.000623830318153,0.000623830318153,NaN,NaN,0.00438870271809,1.36890290645e-06
1980,40,1603,1603,104,240,3,2,0.000623830318153,0.00187149095446,NaN,NaN,0.0131825657895,4.11184210526e-06
1980,40,1603,1603,104,244,3,2,0.000623830318153,0.000623830318153,NaN,NaN,0.00438870271809,1.36890290645e-06
1980,40,1603,1603,104,245,3,2,0.000623830318153,0.000623830318153,NaN,NaN,0.00438870271809,1.36890290645e-06
1980,40,1603,1603,107,15,2,2,0.00436681222707,0.000623830318153,-2.72414986091e-06,0.999999999992,0.00438870271809,2.73780581291e-06
1980,40,1603,1603,107,20,2,3,0.00436681222707,0.000623830318153,NaN,NaN,0.00878288788805,2.73951587275e-06
1980,40,1603,1603,107,22,2,2,0.00436681222707,0.00124766063631,-5.44829972182e-06,0.999999999992,0.00878288788805,5.47903174551e-06
1980,40,1603,1603,107,26,2,2,0.00436681222707,0.00374298190892,-1.63448991656e-05,0.999999999999,0.0264146590647,1.64782651682e-05
1980,40,1603,1603,107,33,2,2,0.00436681222707,0.000623830318153,-2.72414986091e-06,0.999999999992,0.00438870271809,2.73780581291e-06
1980,40,1603,1603,107,35,2,2,0.00436681222707,0.000623830318153,-2.72414986091e-06,0.999999999992,0.00438870271809,2.73780581291e-06
1980,40,1603,1603,107,46,2,3,0.00436681222707,0.000623830318153,NaN,NaN,0.00878288788805,2.73951587275e-06
1980,40,1603,1603,107,48,2,2,0.00436681222707,0.000623830318153,-2.72414986091e-06,0.999999999992,0.00438870271809,2.73780581291e-06
1980,40,1603,1603,107,49,2,2,0.00436681222707,0.000623830318153,-2.72414986091e-06,0.999999999992,0.00438870271809,2.73780581291e-06
1980,40,1603,1603,107,55,2,2,0.00436681222707,0.000623830318153,-2.72414986091e-06,0.999999999992,0.00438870271809,2.73780581291e-06
1980,40,1603,1603,107,60,2,2,0.00436681222707,0.000623830318153,-2.72414986091e-06,0.999999999992,0.00438870271809,2.73780581291e-06
1980,40,1603,1603,107,64,2,2,0.00436681222707,0.00249532127261,-1.08965994438e-05,1.0,0.0175877467277,1.09717696367e-05
1980,40,1603,1603,107,73,2,2,0.00436681222707,0.000623830318153,-2.72414986091e-06,0.999999999992,0.00438870271809,2.73780581291e-06
1980,40,1603,1603,107,77,2,2,0.00436681222707,0.00374298190892,-1.63448991656e-05,0.999999999999,0.0264146590647,1.64782651682e-05
1980,40,1603,1603,107,94,2,2,0.00436681222707,0.000623830318153,-2.72414986091e-06,0.999999999992,0.00438870271809,2.73780581291e-06
1980,40,1603,1603,107,97,2,3,0.00436681222707,0.000623830318153,NaN,NaN,0.00878288788805,2.73951587275e-06
1980,40,1603,1603,107,101,2,2,0.00436681222707,0.00124766063631,-5.44829972182e-06,0.999999999992,0.00878288788805,5.47903174551e-06
1980,40,1603,1603,107,105,2,2,0.00436681222707,0.292576419214,0.0030891859423,1.0,16.999607227,0.0106048703849
1980,40,1603,1603,107,115,2,3,0.00436681222707,0.000623830318153,NaN,NaN,0.00878288788805,2.73951587275e-06
1980,40,1603,1603,107,123,2,3,0.00436681222707,0.000623830318153,NaN,NaN,0.0175877467277,5.48588481836e-06
1980,40,1603,1603,107,124,2,2,0.00436681222707,0.00187149095446,-8.17244958284e-06,1.00000000001,0.0131825657895,8.22368421053e-06
1980,40,1603,1603,107,130,2,2,0.00436681222707,0.000623830318153,-2.72414986091e-06,0.999999999992,0.00438870271809,2.73780581291e-06
1980,40,1603,1603,107,131,2,2,0.00436681222707,0.00124766063631,-5.44829972182e-06,0.999999999992,0.00878288788805,5.47903174551e-06
1980,40,1603,1603,107,140,2,3,0.00436681222707,0.00124766063631,NaN,NaN,0.0396965594664,1.23819586608e-05
1980,40,1603,1603,107,146,2,2,0.00436681222707,0.000623830318153,-2.72414986091e-06,0.999999999992,0.00438870271809,2.73780581291e-06
1980,40,1603,1603,107,149,2,2,0.00436681222707,0.000623830318153,-2.72414986091e-06,0.999999999992,0.00438870271809,2.73780581291e-06
1980,40,1603,1603,107,157,2,2,0.00436681222707,0.00124766063631,-5.44829972182e-06,0.999999999992,0.00878288788805,5.47903174551e-06
1980,40,1603,1603,107,159,2,2,0.00436681222707,0.00374298190892,-1.63448991656e-05,0.999999999999,0.0264146590647,1.64782651682e-05
1980,40,1603,1603,107,164,2,2,0.00436681222707,0.000623830318153,-2.72414986091e-06,0.999999999992,0.00438870271809,2.73780581291e-06
1980,40,1603,1603,107,167,2,2,0.00436681222707,0.00311915159077,-1.36207493046e-05,0.999999999992,0.0219984410337,1.3723294469e-05
1980,40,1603,1603,107,177,2,2,0.00436681222707,0.000623830318153,-2.72414986091e-06,0.999999999992,0.00438870271809,2.73780581291e-06
1980,40,1603,1602,107,186,2,2,0.0043695380774,0.000624219725343,-2.72755185859e-06,1.00000000001,0.00439145596698,2.74123343757e-06
1980,40,1603,1603,107,188,2,2,0.00436681222707,0.00623830318153,-2.72414986093e-05,1.0,0.044134976487,2.75327364236e-05
1980,40,1603,1603,107,192,2,3,0.00436681222707,0.000623830318153,NaN,NaN,0.00878288788805,2.73951587275e-06
1980,40,1603,1603,107,198,2,2,0.00436681222707,0.00311915159077,-1.36207493046e-05,0.999999999992,0.0219984410337,1.3723294469e-05
1980,40,1603,1603,107,200,2,2,0.00436681222707,0.00124766063631,-5.44829972182e-06,0.999999999992,0.00878288788805,5.47903174551e-06
1980,40,1603,1603,107,207,2,2,0.00436681222707,0.008109794136,-3.54139481921e-05,0.999999999998,0.0574837250359,3.58600904778e-05
1980,40,1603,1603,107,208,2,2,0.00436681222707,0.000623830318153,-2.72414986091e-06,0.999999999992,0.00438870271809,2.73780581291e-06
1980,40,1603,1603,107,211,2,2,0.00436681222707,0.000623830318153,-2.72414986091e-06,0.999999999992,0.00438870271809,2.73780581291e-06
1980,40,1603,1603,107,215,2,2,0.00436681222707,0.00124766063631,-5.44829972182e-06,0.999999999992,0.00878288788805,5.47903174551e-06
1980,40,1603,1603,107,218,2,3,0.00436681222707,0.00124766063631,NaN,NaN,0.035263707859,1.09992850465e-05
1980,40,1603,1603,107,220,2,2,0.00436681222707,0.00124766063631,-5.44829972182e-06,0.999999999992,0.00878288788805,5.47903174551e-06
1980,40,1603,1603,107,221,2,3,0.00436681222707,0.000623830318153,NaN,NaN,0.00878288788805,2.73951587275e-06
1980,40,1603,1603,107,222,2,2,0.00436681222707,0.000623830318153,-2.72414986091e-06,0.999999999992,0.00438870271809,2.73780581291e-06
1980,40,1603,1603,107,226,2,2,0.00436681222707,0.000623830318153,-2.72414986091e-06,0.999999999992,0.00438870271809,2.73780581291e-06
1980,40,1603,1603,107,227,2,2,0.00436681222707,0.000623830318153,-2.72414986091e-06,0.999999999992,0.00438870271809,2.73780581291e-06
1980,40,1603,1603,107,232,2,2,0.00436681222707,0.000623830318153,-2.72414986091e-06,0.999999999992,0.00438870271809,2.73780581291e-06
1980,40,1603,1603,107,233,2,2,0.00436681222707,0.000623830318153,-2.72414986091e-06,0.999999999992,0.00438870271809,2.73780581291e-06
1980,40,1603,1603,107,240,2,2,0.00436681222707,0.00187149095446,-8.17244958284e-06,1.00000000001,0.0131825657895,8.22368421053e-06
1980,40,1603,1603,107,244,2,2,0.00436681222707,0.000623830318153,-2.72414986091e-06,0.999999999992,0.00438870271809,2.73780581291e-06
1980,40,1603,1603,107,245,2,2,0.00436681222707,0.000623830318153,-2.72414986091e-06,0.999999999992,0.00438870271809,2.73780581291e-06
1980,40,1603,1603,109,15,4,2,0.000623830318153,0.000623830318153,NaN,NaN,0.0113635558076,2.36297687827e-06
1980,40,1603,1603,109,20,4,3,0.000623830318153,0.000623830318153,NaN,NaN,0.0227413071877,2.36445281636e-06
1980,40,1603,1603,109,22,4,2,0.000623830318153,0.00124766063631,NaN,NaN,0.0227413071877,4.72890563272e-06
1980,40,1603,1603,109,26,4,2,0.000623830318153,0.00374298190892,NaN,NaN,0.0683948017675,1.42222503156e-05
1980,40,1603,1603,109,33,4,2,0.000623830318153,0.000623830318153,NaN,NaN,0.0113635558076,2.36297687827e-06
1980,40,1603,1603,109,35,4,2,0.000623830318153,0.000623830318153,NaN,NaN,0.0113635558076,2.36297687827e-06
1980,40,1603,1603,109,46,4,3,0.000623830318153,0.000623830318153,NaN,NaN,0.0227413071877,2.36445281636e-06
1980,40,1603,1603,109,48,4,2,0.000623830318153,0.000623830318153,NaN,NaN,0.0113635558076,2.36297687827e-06
1980,40,1603,1603,109,49,4,2,0.000623830318153,0.000623830318153,NaN,NaN,0.0113635558076,2.36297687827e-06
1980,40,1603,1603,109,55,4,2,0.000623830318153,0.000623830318153,NaN,NaN,0.0113635558076,2.36297687827e-06
1980,40,1603,1603,109,60,4,2,0.000623830318153,0.000623830318153,NaN,NaN,0.0113635558076,2.36297687827e-06
1980,40,1603,1603,109,64,4,2,0.000623830318153,0.00249532127261,NaN,NaN,0.045539503199,9.46964092305e-06
1980,40,1603,1603,109,73,4,2,0.000623830318153,0.000623830318153,NaN,NaN,0.0113635558076,2.36297687827e-06
1980,40,1603,1603,109,77,4,2,0.000623830318153,0.00374298190892,NaN,NaN,0.0683948017675,1.42222503156e-05
1980,40,1603,1603,109,94,4,2,0.000623830318153,0.000623830318153,NaN,NaN,0.0113635558076,2.36297687827e-06
1980,40,1603,1603,109,97,4,3,0.000623830318153,0.000623830318153,NaN,NaN,0.0227413071877,2.36445281636e-06
1980,40,1603,1603,109,101,4,2,0.000623830318153,0.00124766063631,NaN,NaN,0.0227413071877,4.72890563272e-06
1980,40,1603,1603,109,105,4,2,0.000623830318153,0.292576419214,NaN,NaN,7.5289870312,0.00156560345835
1980,40,1603,1603,109,115,4,3,0.000623830318153,0.000623830318153,NaN,NaN,0.0227413071877,2.36445281636e-06
1980,40,1603,1603,109,123,4,3,0.000623830318153,0.000623830318153,NaN,NaN,0.045539503199,4.73482046153e-06
1980,40,1603,1603,109,124,4,2,0.000623830318153,0.00187149095446,NaN,NaN,0.0341332807571,7.09779179811e-06
1980,40,1603,1603,109,130,4,2,0.000623830318153,0.000623830318153,NaN,NaN,0.0113635558076,2.36297687827e-06
1980,40,1603,1603,109,131,4,2,0.000623830318153,0.00124766063631,NaN,NaN,0.0227413071877,4.72890563272e-06
1980,40,1603,1603,109,140,4,3,0.000623830318153,0.00124766063631,NaN,NaN,0.102785287098,1.06867630586e-05
1980,40,1603,1603,109,146,4,2,0.000623830318153,0.000623830318153,NaN,NaN,0.0113635558076,2.36297687827e-06
1980,40,1603,1603,109,149,4,2,0.000623830318153,0.000623830318153,NaN,NaN,0.0113635558076,2.36297687827e-06
1980,40,1603,1603,109,157,4,2,0.000623830318153,0.00124766063631,NaN,NaN,0.0227413071877,4.72890563272e-06
1980,40,1603,1603,109,159,4,2,0.000623830318153,0.00374298190892,NaN,NaN,0.0683948017675,1.42222503156e-05
1980,40,1603,1603,109,164,4,2,0.000623830318153,0.000623830318153,NaN,NaN,0.0113635558076,2.36297687827e-06
1980,40,1603,1603,109,167,4,2,0.000623830318153,0.00311915159077,NaN,NaN,0.0569600012634,1.18444585701e-05
1980,40,1603,1603,109,177,4,2,0.000623830318153,0.000623830318153,NaN,NaN,0.0113635558076,2.36297687827e-06
1980,40,1603,1602,109,186,4,2,0.000624219725343,0.000624219725343,NaN,NaN,0.0113707342002,2.36594552647e-06
1980,40,1603,1603,109,188,4,2,0.000623830318153,0.00623830318153,NaN,NaN,0.114277566879,2.37632703013e-05
1980,40,1603,1603,109,192,4,3,0.000623830318153,0.000623830318153,NaN,NaN,0.0227413071877,2.36445281636e-06
1980,40,1603,1603,109,198,4,2,0.000623830318153,0.00311915159077,NaN,NaN,0.0569600012634,1.18444585701e-05
1980,40,1603,1603,109,200,4,2,0.000623830318153,0.00124766063631,NaN,NaN,0.0227413071877,4.72890563272e-06
1980,40,1603,1603,109,207,4,2,0.000623830318153,0.008109794136,NaN,NaN,0.148841140408,3.09505386584e-05
1980,40,1603,1603,109,208,4,2,0.000623830318153,0.000623830318153,NaN,NaN,0.0113635558076,2.36297687827e-06
1980,40,1603,1603,109,211,4,2,0.000623830318153,0.000623830318153,NaN,NaN,0.0113635558076,2.36297687827e-06
1980,40,1603,1603,109,215,4,2,0.000623830318153,0.00124766063631,NaN,NaN,0.0227413071877,4.72890563272e-06
1980,40,1603,1603,109,218,4,3,0.000623830318153,0.00124766063631,NaN,NaN,0.0913074176992,9.49338923885e-06
1980,40,1603,1603,109,220,4,2,0.000623830318153,0.00124766063631,NaN,NaN,0.0227413071877,4.72890563272e-06
1980,40,1603,1603,109,221,4,3,0.000623830318153,0.000623830318153,NaN,NaN,0.0227413071877,2.36445281636e-06
1980,40,1603,1603,109,222,4,2,0.000623830318153,0.000623830318153,NaN,NaN,0.0113635558076,2.36297687827e-06
1980,40,1603,1603,109,226,4,2,0.000623830318153,0.000623830318153,NaN,NaN,0.0113635558076,2.36297687827e-06
1980,40,1603,1603,109,227,4,2,0.000623830318153,0.000623830318153,NaN,NaN,0.0113635558076,2.36297687827e-06
1980,40,1603,1603,109,232,4,2,0.000623830318153,0.000623830318153,NaN,NaN,0.0113635558076,2.36297687827e-06
1980,40,1603,1603,109,233,4,2,0.000623830318153,0.000623830318153,NaN,NaN,0.0113635558076,2.36297687827e-06
1980,40,1603,1603,109,240,4,2,0.000623830318153,0.00187149095446,NaN,NaN,0.0341332807571,7.09779179811e-06
1980,40,1603,1603,109,244,4,2,0.000623830318153,0.000623830318153,NaN,NaN,0.0113635558076,2.36297687827e-06
1980,40,1603,1603,109,245,4,2,0.000623830318153,0.000623830318153,NaN,NaN,0.0113635558076,2.36297687827e-06
1980,40,1603,1603,110,15,2,2,0.000623830318153,0.000623830318153,-3.89164265702e-07,0.999999999625,0.000624609375609,3.89650265508e-07
1980,40,1603,1603,110,20,2,3,0.000623830318153,0.000623830318153,NaN,NaN,0.00124999902527,3.89893644812e-07
1980,40,1603,1603,110,22,2,2,0.000623830318153,0.00124766063631,-7.78328531736e-07,1.00000000005,0.00124999902527,7.79787289623e-07
1980,40,1603,1603,110,26,2,2,0.000623830318153,0.00374298190892,-2.3349855951e-06,1.00000000001,0.00375938967962,2.3452212599e-06
1980,40,1603,1603,110,33,2,2,0.000623830318153,0.000623830318153,-3.89164265702e-07,0.999999999625,0.000624609375609,3.89650265508e-07
1980,40,1603,1603,110,35,2,2,0.000623830318153,0.000623830318153,-3.89164265702e-07,0.999999999625,0.000624609375609,3.89650265508e-07
1980,40,1603,1603,110,46,2,3,0.000623830318153,0.000623830318153,NaN,NaN,0.00124999902527,3.89893644812e-07
1980,40,1603,1603,110,48,2,2,0.000623830318153,0.000623830318153,-3.89164265702e-07,0.999999999625,0.000624609375609,3.89650265508e-07
1980,40,1603,1603,110,49,2,2,0.000623830318153,0.000623830318153,-3.89164265702e-07,0.999999999625,0.000624609375609,3.89650265508e-07
1980,40,1603,1603,110,55,2,2,0.000623830318153,0.000623830318153,-3.89164265702e-07,0.999999999625,0.000624609375609,3.89650265508e-07
1980,40,1603,1603,110,60,2,2,0.000623830318153,0.000623830318153,-3.89164265702e-07,0.999999999625,0.000624609375609,3.89650265508e-07
1980,40,1603,1603,110,64,2,2,0.000623830318153,0.00249532127261,-1.55665706336e-06,0.999999999982,0.00250312500244,1.56152526665e-06
1980,40,1603,1603,110,73,2,2,0.000623830318153,0.000623830318153,-3.89164265702e-07,0.999999999625,0.000624609375609,3.89650265508e-07
1980,40,1603,1603,110,77,2,2,0.000623830318153,0.00374298190892,-2.3349855951e-06,1.00000000001,0.00375938967962,2.3452212599e-06
1980,40,1603,1603,110,94,2,2,0.000623830318153,0.000623830318153,-3.89164265702e-07,0.999999999625,0.000624609375609,3.89650265508e-07
1980,40,1603,1603,110,97,2,3,0.000623830318153,0.000623830318153,NaN,NaN,0.00124999902527,3.89893644812e-07
1980,40,1603,1603,110,101,2,2,0.000623830318153,0.00124766063631,-7.78328531736e-07,1.00000000005,0.00124999902527,7.79787289623e-07
1980,40,1603,1603,110,105,2,2,0.000623830318153,0.292576419214,-0.000182518040682,1.0,0.413838411862,0.000258164948136
1980,40,1603,1603,110,115,2,3,0.000623830318153,0.000623830318153,NaN,NaN,0.00124999902527,3.89893644812e-07
1980,40,1603,1603,110,123,2,3,0.000623830318153,0.000623830318153,NaN,NaN,0.00250312500244,7.80762633325e-07
1980,40,1603,1603,110,124,2,2,0.000623830318153,0.00187149095446,-1.16749279755e-06,1.00000000001,0.00187617041199,1.17041198502e-06
1980,40,1603,1603,110,130,2,2,0.000623830318153,0.000623830318153,-3.89164265702e-07,0.999999999625,0.000624609375609,3.89650265508e-07
1980,40,1603,1603,110,131,2,2,0.000623830318153,0.00124766063631,-7.78328531736e-07,1.00000000005,0.00124999902527,7.79787289623e-07
1980,40,1603,1603,110,140,2,3,0.000623830318153,0.00124766063631,NaN,NaN,0.00564969760196,1.76222632625e-06
1980,40,1603,1603,110,146,2,2,0.000623830318153,0.000623830318153,-3.89164265702e-07,0.999999999625,0.000624609375609,3.89650265508e-07
1980,40,1603,1603,110,149,2,2,0.000623830318153,0.000623830318153,-3.89164265702e-07,0.999999999625,0.000624609375609,3.89650265508e-07
1980,40,1603,1603,110,157,2,2,0.000623830318153,0.00124766063631,-7.78328531736e-07,1.00000000005,0.00124999902527,7.79787289623e-07
1980,40,1603,1603,110,159,2,2,0.000623830318153,0.00374298190892,-2.3349855951e-06,1.00000000001,0.00375938967962,2.3452212599e-06
1980,40,1603,1603,110,164,2,2,0.000623830318153,0.000623830318153,-3.89164265702e-07,0.999999999625,0.000624609375609,3.89650265508e-07
1980,40,1603,1603,110,167,2,2,0.000623830318153,0.00311915159077,-1.94582132917e-06,0.999999999968,0.00313086426698,1.95312805176e-06
1980,40,1603,1603,110,177,2,2,0.000623830318153,0.000623830318153,-3.89164265702e-07,0.999999999625,0.000624609375609,3.89650265508e-07
1980,40,1603,1602,110,186,2,2,0.000624219725343,0.000624219725343,-3.89650265498e-07,0.999999999974,0.000624999756164,3.90137176132e-07
1980,40,1603,1603,110,188,2,2,0.000623830318153,0.00623830318153,-3.89164265846e-06,0.999999999996,0.00628138242138,3.91851679437e-06
1980,40,1603,1603,110,192,2,3,0.000623830318153,0.000623830318153,NaN,NaN,0.00124999902527,3.89893644812e-07
1980,40,1603,1603,110,198,2,2,0.000623830318153,0.00311915159077,-1.94582132917e-06,0.999999999968,0.00313086426698,1.95312805176e-06
1980,40,1603,1603,110,200,2,2,0.000623830318153,0.00124766063631,-7.78328531736e-07,1.00000000005,0.00124999902527,7.79787289623e-07
1980,40,1603,1603,110,207,2,2,0.000623830318153,0.008109794136,-5.05913545601e-06,0.999999999998,0.00818120431222,5.10368328897e-06
1980,40,1603,1603,110,208,2,2,0.000623830318153,0.000623830318153,-3.89164265702e-07,0.999999999625,0.000624609375609,3.89650265508e-07
1980,40,1603,1603,110,211,2,2,0.000623830318153,0.000623830318153,-3.89164265702e-07,0.999999999625,0.000624609375609,3.89650265508e-07
1980,40,1603,1603,110,215,2,2,0.000623830318153,0.00124766063631,-7.78328531736e-07,1.00000000005,0.00124999902527,7.79787289623e-07
1980,40,1603,1603,110,218,2,3,0.000623830318153,0.00124766063631,NaN,NaN,0.00501880486383,1.56544131748e-06
1980,40,1603,1603,110,220,2,2,0.000623830318153,0.00124766063631,-7.78328531736e-07,1.00000000005,0.00124999902527,7.79787289623e-07
1980,40,1603,1603,110,221,2,3,0.000623830318153,0.000623830318153,NaN,NaN,0.00124999902527,3.89893644812e-07
1980,40,1603,1603,110,222,2,2,0.000623830318153,0.000623830318153,-3.89164265702e-07,0.999999999625,0.000624609375609,3.89650265508e-07
1980,40,1603,1603,110,226,2,2,0.000623830318153,0.000623830318153,-3.89164265702e-07,0.999999999625,0.000624609375609,3.89650265508e-07
1980,40,1603,1603,110,227,2,2,0.000623830318153,0.000623830318153,-3.89164265702e-07,0.999999999625,0.000624609375609,3.89650265508e-07
1980,40,1603,1603,110,232,2,2,0.000623830318153,0.000623830318153,-3.89164265702e-07,0.999999999625,0.000624609375609,3.89650265508e-07
1980,40,1603,1603,110,233,2,2,0.000623830318153,0.000623830318153,-3.89164265702e-07,0.999999999625,0.000624609375609,3.89650265508e-07
1980,40,1603,1603,110,240,2,2,0.000623830318153,0.00187149095446,-1.16749279755e-06,1.00000000001,0.00187617041199,1.17041198502e-06
1980,40,1603,1603,110,244,2,2,0.000623830318153,0.000623830318153,-3.89164265702e-07,0.999999999625,0.000624609375609,3.89650265508e-07
1980,40,1603,1603,110,245,2,2,0.000623830318153,0.000623830318153,-3.89164265702e-07,0.999999999625,0.000624609375609,3.89650265508e-07
1980,40,1603,1603,111,15,4,2,0.000623830318153,0.000623830318153,NaN,NaN,0.00250312500244,5.20508422217e-07
1980,40,1603,1603,111,20,4,3,0.000623830318153,0.000623830318153,NaN,NaN,0.00500937695679,5.20833536784e-07
1980,40,1603,1603,111,22,4,2,0.000623830318153,0.00124766063631,NaN,NaN,0.00500937695679,1.04166707357e-06
1980,40,1603,1603,111,26,4,2,0.000623830318153,0.00374298190892,NaN,NaN,0.0150657717742,3.13282839972e-06
1980,40,1603,1603,111,33,4,2,0.000623830318153,0.000623830318153,NaN,NaN,0.00250312500244,5.20508422217e-07
1980,40,1603,1603,111,35,4,2,0.000623830318153,0.000623830318153,NaN,NaN,0.00250312500244,5.20508422217e-07
1980,40,1603,1603,111,46,4,3,0.000623830318153,0.000623830318153,NaN,NaN,0.00500937695679,5.20833536784e-07
1980,40,1603,1603,111,48,4,2,0.000623830318153,0.000623830318153,NaN,NaN,0.00250312500244,5.20508422217e-07
1980,40,1603,1603,111,49,4,2,0.000623830318153,0.000623830318153,NaN,NaN,0.00250312500244,5.20508422217e-07
1980,40,1603,1603,111,55,4,2,0.000623830318153,0.000623830318153,NaN,NaN,0.00250312500244,5.20508422217e-07
1980,40,1603,1603,111,60,4,2,0.000623830318153,0.000623830318153,NaN,NaN,0.00250312500244,5.20508422217e-07
1980,40,1603,1603,111,64,4,2,0.000623830318153,0.00249532127261,NaN,NaN,0.010031285188,2.08593994344e-06
1980,40,1603,1603,111,73,4,2,0.000623830318153,0.000623830318153,NaN,NaN,0.00250312500244,5.20508422217e-07
1980,40,1603,1603,111,77,4,2,0.000623830318153,0.00374298190892,NaN,NaN,0.0150657717742,3.13282839972e-06
1980,40,1603,1603,111,94,4,2,0.000623830318153,0.000623830318153,NaN,NaN,0.00250312500244,5.20508422217e-07
1980,40,1603,1603,111,97,4,3,0.000623830318153,0.000623830318153,NaN,NaN,0.00500937695679,5.20833536784e-07
1980,40,1603,1603,111,101,4,2,0.000623830318153,0.00124766063631,NaN,NaN,0.00500937695679,1.04166707357e-06
1980,40,1603,1603,111,105,4,2,0.000623830318153,0.292576419214,NaN,NaN,3.65873882619,0.000760810735328
1980,40,1603,1603,111,115,4,3,0.000623830318153,0.000623830318153,NaN,NaN,0.00500937695679,5.20833536784e-07
1980,40,1603,1603,111,123,4,3,0.000623830318153,0.000623830318153,NaN,NaN,0.010031285188,1.04296997172e-06
1980,40,1603,1603,111,124,4,2,0.000623830318153,0.00187149095446,NaN,NaN,0.00751876172608,1.56347717323e-06
1980,40,1603,1603,111,130,4,2,0.000623830318153,0.000623830318153,NaN,NaN,0.00250312500244,5.20508422217e-07
1980,40,1603,1603,111,131,4,2,0.000623830318153,0.00124766063631,NaN,NaN,0.00500937695679,1.04166707357e-06
1980,40,1603,1603,111,140,4,3,0.000623830318153,0.00124766063631,NaN,NaN,0.0226411896394,2.35404342268e-06
1980,40,1603,1603,111,146,4,2,0.000623830318153,0.000623830318153,NaN,NaN,0.00250312500244,5.20508422217e-07
1980,40,1603,1603,111,149,4,2,0.000623830318153,0.000623830318153,NaN,NaN,0.00250312500244,5.20508422217e-07
1980,40,1603,1603,111,157,4,2,0.000623830318153,0.00124766063631,NaN,NaN,0.00500937695679,1.04166707357e-06
1980,40,1603,1603,111,159,4,2,0.000623830318153,0.00374298190892,NaN,NaN,0.0150657717742,3.13282839972e-06
1980,40,1603,1603,111,164,4,2,0.000623830318153,0.000623830318153,NaN,NaN,0.00250312500244,5.20508422217e-07
1980,40,1603,1603,111,167,4,2,0.000623830318153,0.00311915159077,NaN,NaN,0.012546953235,2.60905660948e-06
1980,40,1603,1603,111,177,4,2,0.000623830318153,0.000623830318153,NaN,NaN,0.00250312500244,5.20508422217e-07
1980,40,1603,1602,111,186,4,2,0.000624219725343,0.000624219725343,NaN,NaN,0.00250469238953,5.21159465155e-07
1980,40,1603,1603,111,188,4,2,0.000623830318153,0.00623830318153,NaN,NaN,0.0251726695161,5.23449147766e-06
1980,40,1603,1603,111,192,4,3,0.000623830318153,0.000623830318153,NaN,NaN,0.00500937695679,5.20833536784e-07
1980,40,1603,1603,111,198,4,2,0.000623830318153,0.00311915159077,NaN,NaN,0.012546953235,2.60905660948e-06
1980,40,1603,1603,111,200,4,2,0.000623830318153,0.00124766063631,NaN,NaN,0.00500937695679,1.04166707357e-06
1980,40,1603,1603,111,207,4,2,0.000623830318153,0.008109794136,NaN,NaN,0.0327862146546,6.81767823968e-06
1980,40,1603,1603,111,208,4,2,0.000623830318153,0.000623830318153,NaN,NaN,0.00250312500244,5.20508422217e-07
1980,40,1603,1603,111,211,4,2,0.000623830318153,0.000623830318153,NaN,NaN,0.00250312500244,5.20508422217e-07
1980,40,1603,1603,111,215,4,2,0.000623830318153,0.00124766063631,NaN,NaN,0.00500937695679,1.04166707357e-06
1980,40,1603,1603,111,218,4,3,0.000623830318153,0.00124766063631,NaN,NaN,0.0201128840321,2.09117114079e-06
1980,40,1603,1603,111,220,4,2,0.000623830318153,0.00124766063631,NaN,NaN,0.00500937695679,1.04166707357e-06
1980,40,1603,1603,111,221,4,3,0.000623830318153,0.000623830318153,NaN,NaN,0.00500937695679,5.20833536784e-07
1980,40,1603,1603,111,222,4,2,0.000623830318153,0.000623830318153,NaN,NaN,0.00250312500244,5.20508422217e-07
1980,40,1603,1603,111,226,4,2,0.000623830318153,0.000623830318153,NaN,NaN,0.00250312500244,5.20508422217e-07
1980,40,1603,1603,111,227,4,2,0.000623830318153,0.000623830318153,NaN,NaN,0.00250312500244,5.20508422217e-07
1980,40,1603,1603,111,232,4,2,0.000623830318153,0.000623830318153,NaN,NaN,0.00250312500244,5.20508422217e-07
1980,40,1603,1603,111,233,4,2,0.000623830318153,0.000623830318153,NaN,NaN,0.00250312500244,5.20508422217e-07
1980,40,1603,1603,111,240,4,2,0.000623830318153,0.00187149095446,NaN,NaN,0.00751876172608,1.56347717323e-06
1980,40,1603,1603,111,244,4,2,0.000623830318153,0.000623830318153,NaN,NaN,0.00250312500244,5.20508422217e-07
1980,40,1603,1603,111,245,4,2,0.000623830318153,0.000623830318153,NaN,NaN,0.00250312500244,5.20508422217e-07
1980,40,1603,1603,114,15,2,2,0.000623830318153,0.000623830318153,-3.89164265702e-07,0.999999999625,0.000624609375609,3.89650265508e-07
1980,40,1603,1603,114,20,2,3,0.000623830318153,0.000623830318153,NaN,NaN,0.00124999902527,3.89893644812e-07
1980,40,1603,1603,114,22,2,2,0.000623830318153,0.00124766063631,-7.78328531736e-07,1.00000000005,0.00124999902527,7.79787289623e-07
1980,40,1603,1603,114,26,2,2,0.000623830318153,0.00374298190892,-2.3349855951e-06,1.00000000001,0.00375938967962,2.3452212599e-06
1980,40,1603,1603,114,33,2,2,0.000623830318153,0.000623830318153,-3.89164265702e-07,0.999999999625,0.000624609375609,3.89650265508e-07
1980,40,1603,1603,114,35,2,2,0.000623830318153,0.000623830318153,-3.89164265702e-07,0.999999999625,0.000624609375609,3.89650265508e-07
1980,40,1603,1603,114,46,2,3,0.000623830318153,0.000623830318153,NaN,NaN,0.00124999902527,3.89893644812e-07
1980,40,1603,1603,114,48,2,2,0.000623830318153,0.000623830318153,-3.89164265702e-07,0.999999999625,0.000624609375609,3.89650265508e-07
1980,40,1603,1603,114,49,2,2,0.000623830318153,0.000623830318153,-3.89164265702e-07,0.999999999625,0.000624609375609,3.89650265508e-07
1980,40,1603,1603,114,55,2,2,0.000623830318153,0.000623830318153,-3.89164265702e-07,0.999999999625,0.000624609375609,3.89650265508e-07
1980,40,1603,1603,114,60,2,2,0.000623830318153,0.000623830318153,-3.89164265702e-07,0.999999999625,0.000624609375609,3.89650265508e-07
1980,40,1603,1603,114,64,2,2,0.000623830318153,0.00249532127261,-1.55665706336e-06,0.999999999982,0.00250312500244,1.56152526665e-06
1980,40,1603,1603,114,73,2,2,0.000623830318153,0.000623830318153,-3.89164265702e-07,0.999999999625,0.000624609375609,3.89650265508e-07
1980,40,1603,1603,114,77,2,2,0.000623830318153,0.00374298190892,-2.3349855951e-06,1.00000000001,0.00375938967962,2.3452212599e-06
1980,40,1603,1603,114,94,2,2,0.000623830318153,0.000623830318153,-3.89164265702e-07,0.999999999625,0.000624609375609,3.89650265508e-07
1980,40,1603,1603,114,97,2,3,0.000623830318153,0.000623830318153,NaN,NaN,0.00124999902527,3.89893644812e-07
1980,40,1603,1603,114,101,2,2,0.000623830318153,0.00124766063631,-7.78328531736e-07,1.00000000005,0.00124999902527,7.79787289623e-07
1980,40,1603,1603,114,105,2,2,0.000623830318153,0.292576419214,-0.000182518040682,1.0,0.413838411862,0.000258164948136
1980,40,1603,1603,114,115,2,3,0.000623830318153,0.000623830318153,NaN,NaN,0.00124999902527,3.89893644812e-07
1980,40,1603,1603,114,123,2,3,0.000623830318153,0.000623830318153,NaN,NaN,0.00250312500244,7.80762633325e-07
1980,40,1603,1603,114,124,2,2,0.000623830318153,0.00187149095446,-1.16749279755e-06,1.00000000001,0.00187617041199,1.17041198502e-06
1980,40,1603,1603,114,130,2,2,0.000623830318153,0.000623830318153,-3.89164265702e-07,0.999999999625,0.000624609375609,3.89650265508e-07
1980,40,1603,1603,114,131,2,2,0.000623830318153,0.00124766063631,-7.78328531736e-07,1.00000000005,0.00124999902527,7.79787289623e-07
1980,40,1603,1603,114,140,2,3,0.000623830318153,0.00124766063631,NaN,NaN,0.00564969760196,1.76222632625e-06
1980,40,1603,1603,114,146,2,2,0.000623830318153,0.000623830318153,-3.89164265702e-07,0.999999999625,0.000624609375609,3.89650265508e-07
1980,40,1603,1603,114,149,2,2,0.000623830318153,0.000623830318153,-3.89164265702e-07,0.999999999625,0.000624609375609,3.89650265508e-07
1980,40,1603,1603,114,157,2,2,0.000623830318153,0.00124766063631,-7.78328531736e-07,1.00000000005,0.00124999902527,7.79787289623e-07
1980,40,1603,1603,114,159,2,2,0.000623830318153,0.00374298190892,-2.3349855951e-06,1.00000000001,0.00375938967962,2.3452212599e-06
1980,40,1603,1603,114,164,2,2,0.000623830318153,0.000623830318153,-3.89164265702e-07,0.999999999625,0.000624609375609,3.89650265508e-07
1980,40,1603,1603,114,167,2,2,0.000623830318153,0.00311915159077,-1.94582132917e-06,0.999999999968,0.00313086426698,1.95312805176e-06
1980,40,1603,1603,114,177,2,2,0.000623830318153,0.000623830318153,-3.89164265702e-07,0.999999999625,0.000624609375609,3.89650265508e-07
1980,40,1603,1602,114,186,2,2,0.000624219725343,0.000624219725343,-3.89650265498e-07,0.999999999974,0.000624999756164,3.90137176132e-07
1980,40,1603,1603,114,188,2,2,0.000623830318153,0.00623830318153,-3.89164265846e-06,0.999999999996,0.00628138242138,3.91851679437e-06
1980,40,1603,1603,114,192,2,3,0.000623830318153,0.000623830318153,NaN,NaN,0.00124999902527,3.89893644812e-07
1980,40,1603,1603,114,198,2,2,0.000623830318153,0.00311915159077,-1.94582132917e-06,0.999999999968,0.00313086426698,1.95312805176e-06
1980,40,1603,1603,114,200,2,2,0.000623830318153,0.00124766063631,-7.78328531736e-07,1.00000000005,0.00124999902527,7.79787289623e-07
1980,40,1603,1603,114,207,2,2,0.000623830318153,0.008109794136,-5.05913545601e-06,0.999999999998,0.00818120431222,5.10368328897e-06
1980,40,1603,1603,114,208,2,2,0.000623830318153,0.000623830318153,-3.89164265702e-07,0.999999999625,0.000624609375609,3.89650265508e-07
1980,40,1603,1603,114,211,2,2,0.000623830318153,0.000623830318153,-3.89164265702e-07,0.999999999625,0.000624609375609,3.89650265508e-07
1980,40,1603,1603,114,215,2,2,0.000623830318153,0.00124766063631,-7.78328531736e-07,1.00000000005,0.00124999902527,7.79787289623e-07
1980,40,1603,1603,114,218,2,3,0.000623830318153,0.00124766063631,NaN,NaN,0.00501880486383,1.56544131748e-06
1980,40,1603,1603,114,220,2,2,0.000623830318153,0.00124766063631,-7.78328531736e-07,1.00000000005,0.00124999902527,7.79787289623e-07
1980,40,1603,1603,114,221,2,3,0.000623830318153,0.000623830318153,NaN,NaN,0.00124999902527,3.89893644812e-07
1980,40,1603,1603,114,222,2,2,0.000623830318153,0.000623830318153,-3.89164265702e-07,0.999999999625,0.000624609375609,3.89650265508e-07
1980,40,1603,1603,114,226,2,2,0.000623830318153,0.000623830318153,-3.89164265702e-07,0.999999999625,0.000624609375609,3.89650265508e-07
1980,40,1603,1603,114,227,2,2,0.000623830318153,0.000623830318153,-3.89164265702e-07,0.999999999625,0.000624609375609,3.89650265508e-07
1980,40,1603,1603,114,232,2,2,0.000623830318153,0.000623830318153,-3.89164265702e-07,0.999999999625,0.000624609375609,3.89650265508e-07
1980,40,1603,1603,114,233,2,2,0.000623830318153,0.000623830318153,-3.89164265702e-07,0.999999999625,0.000624609375609,3.89650265508e-07
1980,40,1603,1603,114,240,2,2,0.000623830318153,0.00187149095446,-1.16749279755e-06,1.00000000001,0.00187617041199,1.17041198502e-06
1980,40,1603,1603,114,244,2,2,0.000623830318153,0.000623830318153,-3.89164265702e-07,0.999999999625,0.000624609375609,3.89650265508e-07
1980,40,1603,1603,114,245,2,2,0.000623830318153,0.000623830318153,-3.89164265702e-07,0.999999999625,0.000624609375609,3.89650265508e-07
1980,40,1603,1603,115,15,2,2,0.431690580162,0.000623830318153,0.000354528646187,1.0,1.31729575747,0.000821769031485
1980,40,1603,1603,115,20,2,3,0.431690580162,0.000623830318153,NaN,NaN,2.07612633786,0.000647575276936
1980,40,1603,1603,115,22,2,2,0.431690580162,0.00124766063631,8.52269742205e-05,0.120197585071,0.03808692871,2.37597808547e-05
1980,40,1603,1603,115,26,2,2,0.431690580162,0.00374298190892,0.00212717187712,1.0,7.92852023845,0.00494605130284
1980,40,1603,1603,115,33,2,2,0.431690580162,0.000623830318153,0.000354528646187,1.0,1.31729575747,0.000821769031485
1980,40,1603,1603,115,35,2,2,0.431690580162,0.000623830318153,-0.000269301671966,1.0,0.760078990176,0.000474160318263
1980,40,1603,1603,115,46,2,3,0.431690580162,0.000623830318153,NaN,NaN,1.52110748565,0.000474456483359
1980,40,1603,1603,115,48,2,2,0.431690580162,0.000623830318153,0.000354528646187,1.0,1.31729575747,0.000821769031485
1980,40,1603,1603,115,49,2,2,0.431690580162,0.000623830318153,-0.000269301671966,1.0,0.760078990176,0.000474160318263
1980,40,1603,1603,115,55,2,2,0.431690580162,0.000623830318153,0.000354528646187,1.0,1.31729575747,0.000821769031485
1980,40,1603,1603,115,60,2,2,0.431690580162,0.000623830318153,0.000354528646187,1.0,1.31729575747,0.000821769031485
1980,40,1603,1603,115,64,2,2,0.431690580162,0.00249532127261,-0.00107720668787,1.0,3.04602011823,0.00190019969946
1980,40,1603,1603,115,73,2,2,0.431690580162,0.000623830318153,-0.000269301671966,1.0,0.760078990176,0.000474160318263
1980,40,1603,1603,115,77,2,2,0.431690580162,0.00374298190892,-0.0016158100318,1.0,4.57475219384,0.00285386911656
1980,40,1603,1603,115,94,2,2,0.431690580162,0.000623830318153,-0.000269301671966,1.0,0.760078990176,0.000474160318263
1980,40,1603,1603,115,97,2,3,0.431690580162,0.000623830318153,NaN,NaN,2.63623710614,0.000822282316327
1980,40,1603,1603,115,101,2,2,0.431690580162,0.00124766063631,0.000709057292374,1.0,2.63623710614,0.00164456463265
1980,40,1603,1603,115,105,2,2,0.431690580162,0.292576419214,0.125101134064,0.752379704114,494.060048194,0.308209637052
1980,40,1603,1603,115,115,2,3,0.431690580162,0.000623830318153,NaN,NaN,2.07612633786,0.000647575276936
1980,40,1603,1603,115,123,2,3,0.431690580162,0.000623830318153,NaN,NaN,1.43496207372,0.000447586423494
1980,40,1603,1603,115,124,2,2,0.431690580162,0.00187149095446,-0.000807905015899,1.0,2.28308726674,0.00142425905598
1980,40,1603,1603,115,130,2,2,0.431690580162,0.000623830318153,0.000354528646187,1.0,1.31729575747,0.000821769031485
1980,40,1603,1603,115,131,2,2,0.431690580162,0.00124766063631,0.000709057292374,1.0,2.63623710614,0.00164456463265
1980,40,1603,1603,115,140,2,3,0.431690580162,0.00124766063631,NaN,NaN,5.37656003314,0.00167703057802
1980,40,1603,1603,115,146,2,2,0.431690580162,0.000623830318153,0.000354528646187,1.0,1.31729575747,0.000821769031485
1980,40,1603,1603,115,149,2,2,0.431690580162,0.000623830318153,0.000354528646187,1.0,1.31729575747,0.000821769031485
1980,40,1603,1603,115,157,2,2,0.431690580162,0.00124766063631,-0.000538603343933,1.0,1.52110748565,0.000948912966717
1980,40,1603,1603,115,159,2,2,0.431690580162,0.00374298190892,0.000255680922662,0.120197585071,0.114546974699,7.14578756699e-05
1980,40,1603,1603,115,164,2,2,0.431690580162,0.000623830318153,-0.000269301671966,1.0,0.760078990176,0.000474160318263
1980,40,1603,1603,115,167,2,2,0.431690580162,0.00311915159077,-0.000722678041679,0.536705202312,1.09745337668,0.000684624689131
1980,40,1603,1603,115,177,2,2,0.431690580162,0.000623830318153,-0.000269301671966,1.0,0.760078990176,0.000474160318263
1980,40,1603,1602,115,186,2,2,0.431335830212,0.000624219725343,-0.000269248333466,1.0,0.758980905869,0.000473770852602
1980,40,1603,1603,115,188,2,2,0.431690580162,0.00623830318153,-0.00269301671966,1.0,7.64373221758,0.00476839190118
1980,40,1603,1603,115,192,2,3,0.431690580162,0.000623830318153,NaN,NaN,2.07612633786,0.000647575276936
1980,40,1603,1603,115,198,2,2,0.431690580162,0.00311915159077,-9.88477235252e-05,0.0734104046242,0.0205319266864,1.28084383571e-05
1980,40,1603,1603,115,200,2,2,0.431690580162,0.00124766063631,8.52269742205e-05,0.120197585071,0.03808692871,2.37597808547e-05
1980,40,1603,1603,115,207,2,2,0.431690580162,0.008109794136,0.00211355112782,0.458583129275,3.62850879328,0.00226357379493
1980,40,1603,1603,115,208,2,2,0.431690580162,0.000623830318153,-0.000269301671966,1.0,0.760078990176,0.000474160318263
1980,40,1603,1603,115,211,2,2,0.431690580162,0.000623830318153,0.000354528646187,1.0,1.31729575747,0.000821769031485
1980,40,1603,1603,115,215,2,2,0.431690580162,0.00124766063631,-0.000538603343933,1.0,1.52110748565,0.000948912966717
1980,40,1603,1603,115,218,2,3,0.431690580162,0.00124766063631,NaN,NaN,1.39448504745,0.000434961025405
1980,40,1603,1603,115,220,2,2,0.431690580162,0.00124766063631,8.52269742205e-05,0.120197585071,0.03808692871,2.37597808547e-05
1980,40,1603,1603,115,221,2,3,0.431690580162,0.000623830318153,NaN,NaN,2.07612633786,0.000647575276936
1980,40,1603,1603,115,222,2,2,0.431690580162,0.000623830318153,0.000354528646187,1.0,1.31729575747,0.000821769031485
1980,40,1603,1603,115,226,2,2,0.431690580162,0.000623830318153,0.000354528646187,1.0,1.31729575747,0.000821769031485
1980,40,1603,1603,115,227,2,2,0.431690580162,0.000623830318153,0.000354528646187,1.0,1.31729575747,0.000821769031485
1980,40,1603,1603,115,232,2,2,0.431690580162,0.000623830318153,0.000354528646187,1.0,1.31729575747,0.000821769031485
1980,40,1603,1603,115,233,2,2,0.431690580162,0.000623830318153,-0.000269301671966,1.0,0.760078990176,0.000474160318263
1980,40,1603,1603,115,240,2,2,0.431690580162,0.00187149095446,0.000439755620408,0.413465056714,0.676432865861,0.00042197932992
1980,40,1603,1603,115,244,2,2,0.431690580162,0.000623830318153,0.000354528646187,1.0,1.31729575747,0.000821769031485
1980,40,1603,1603,115,245,2,2,0.431690580162,0.000623830318153,-0.000269301671966,1.0,0.760078990176,0.000474160318263
1980,40,1603,1603,125,15,3,2,0.000623830318153,0.000623830318153,NaN,NaN,0.00124999902527,3.89893644812e-07
1980,40,1603,1603,125,20,3,3,0.000623830318153,0.000623830318153,NaN,NaN,0.00250155957336,3.90137176132e-07
1980,40,1603,1603,125,22,3,2,0.000623830318153,0.00124766063631,NaN,NaN,0.00250155957336,7.80274352265e-07
1980,40,1603,1603,125,26,3,2,0.000623830318153,0.00374298190892,NaN,NaN,0.00752347566115,2.34668610766e-06
1980,40,1603,1603,125,33,3,2,0.000623830318153,0.000623830318153,NaN,NaN,0.00124999902527,3.89893644812e-07
1980,40,1603,1603,125,35,3,2,0.000623830318153,0.000623830318153,NaN,NaN,0.00124999902527,3.89893644812e-07
1980,40,1603,1603,125,46,3,3,0.000623830318153,0.000623830318153,NaN,NaN,0.00250155957336,3.90137176132e-07
1980,40,1603,1603,125,48,3,2,0.000623830318153,0.000623830318153,NaN,NaN,0.00124999902527,3.89893644812e-07
1980,40,1603,1603,125,49,3,2,0.000623830318153,0.000623830318153,NaN,NaN,0.00124999902527,3.89893644812e-07
1980,40,1603,1603,125,55,3,2,0.000623830318153,0.000623830318153,NaN,NaN,0.00124999902527,3.89893644812e-07
1980,40,1603,1603,125,60,3,2,0.000623830318153,0.000623830318153,NaN,NaN,0.00124999902527,3.89893644812e-07
1980,40,1603,1603,125,64,3,2,0.000623830318153,0.00249532127261,NaN,NaN,0.00500937695679,1.56250061035e-06
1980,40,1603,1603,125,73,3,2,0.000623830318153,0.000623830318153,NaN,NaN,0.00124999902527,3.89893644812e-07
1980,40,1603,1603,125,77,3,2,0.000623830318153,0.00374298190892,NaN,NaN,0.00752347566115,2.34668610766e-06
1980,40,1603,1603,125,94,3,2,0.000623830318153,0.000623830318153,NaN,NaN,0.00124999902527,3.89893644812e-07
1980,40,1603,1603,125,97,3,3,0.000623830318153,0.000623830318153,NaN,NaN,0.00250155957336,3.90137176132e-07
1980,40,1603,1603,125,101,3,2,0.000623830318153,0.00124766063631,NaN,NaN,0.00250155957336,7.80274352265e-07
1980,40,1603,1603,125,105,3,2,0.000623830318153,0.292576419214,NaN,NaN,0.828193798629,0.000258326200446
1980,40,1603,1603,125,115,3,3,0.000623830318153,0.000623830318153,NaN,NaN,0.00250155957336,3.90137176132e-07
1980,40,1603,1603,125,123,3,3,0.000623830318153,0.000623830318153,NaN,NaN,0.00500937695679,7.81250305176e-07
1980,40,1603,1603,125,124,3,2,0.000623830318153,0.00187149095446,NaN,NaN,0.00375468457214,1.1711430356e-06
1980,40,1603,1603,125,130,3,2,0.000623830318153,0.000623830318153,NaN,NaN,0.00124999902527,3.89893644812e-07
1980,40,1603,1603,125,131,3,2,0.000623830318153,0.00124766063631,NaN,NaN,0.00250155957336,7.80274352265e-07
1980,40,1603,1603,125,140,3,3,0.000623830318153,0.00124766063631,NaN,NaN,0.0113064529149,1.76332702977e-06
1980,40,1603,1603,125,146,3,2,0.000623830318153,0.000623830318153,NaN,NaN,0.00124999902527,3.89893644812e-07
1980,40,1603,1603,125,149,3,2,0.000623830318153,0.000623830318153,NaN,NaN,0.00124999902527,3.89893644812e-07
1980,40,1603,1603,125,157,3,2,0.000623830318153,0.00124766063631,NaN,NaN,0.00250155957336,7.80274352265e-07
1980,40,1603,1603,125,159,3,2,0.000623830318153,0.00374298190892,NaN,NaN,0.00752347566115,2.34668610766e-06
1980,40,1603,1603,125,164,3,2,0.000623830318153,0.000623830318153,NaN,NaN,0.00124999902527,3.89893644812e-07
1980,40,1603,1603,125,167,3,2,0.000623830318153,0.00311915159077,NaN,NaN,0.00626563966982,1.95434799433e-06
1980,40,1603,1603,125,177,3,2,0.000623830318153,0.000623830318153,NaN,NaN,0.00124999902527,3.89893644812e-07
1980,40,1603,1602,125,186,3,2,0.000624219725343,0.000624219725343,NaN,NaN,0.00125078076202,3.90381011868e-07
1980,40,1603,1603,125,188,3,2,0.000623830318153,0.00623830318153,NaN,NaN,0.0125706116665,3.92096433765e-06
1980,40,1603,1603,125,192,3,3,0.000623830318153,0.000623830318153,NaN,NaN,0.00250155957336,3.90137176132e-07
1980,40,1603,1603,125,198,3,2,0.000623830318153,0.00311915159077,NaN,NaN,0.00626563966982,1.95434799433e-06
1980,40,1603,1603,125,200,3,2,0.000623830318153,0.00124766063631,NaN,NaN,0.00250155957336,7.80274352265e-07
1980,40,1603,1603,125,207,3,2,0.000623830318153,0.008109794136,NaN,NaN,0.0163726287423,5.10687109865e-06
1980,40,1603,1603,125,208,3,2,0.000623830318153,0.000623830318153,NaN,NaN,0.00124999902527,3.89893644812e-07
1980,40,1603,1603,125,211,3,2,0.000623830318153,0.000623830318153,NaN,NaN,0.00124999902527,3.89893644812e-07
1980,40,1603,1603,125,215,3,2,0.000623830318153,0.00124766063631,NaN,NaN,0.00250155957336,7.80274352265e-07
1980,40,1603,1603,125,218,3,3,0.000623830318153,0.00124766063631,NaN,NaN,0.0100438793152,1.56641910718e-06
1980,40,1603,1603,125,220,3,2,0.000623830318153,0.00124766063631,NaN,NaN,0.00250155957336,7.80274352265e-07
1980,40,1603,1603,125,221,3,3,0.000623830318153,0.000623830318153,NaN,NaN,0.00250155957336,3.90137176132e-07
1980,40,1603,1603,125,222,3,2,0.000623830318153,0.000623830318153,NaN,NaN,0.00124999902527,3.89893644812e-07
1980,40,1603,1603,125,226,3,2,0.000623830318153,0.000623830318153,NaN,NaN,0.00124999902527,3.89893644812e-07
1980,40,1603,1603,125,227,3,2,0.000623830318153,0.000623830318153,NaN,NaN,0.00124999902527,3.89893644812e-07
1980,40,1603,1603,125,232,3,2,0.000623830318153,0.000623830318153,NaN,NaN,0.00124999902527,3.89893644812e-07
1980,40,1603,1603,125,233,3,2,0.000623830318153,0.000623830318153,NaN,NaN,0.00124999902527,3.89893644812e-07
1980,40,1603,1603,125,240,3,2,0.000623830318153,0.00187149095446,NaN,NaN,0.00375468457214,1.1711430356e-06
1980,40,1603,1603,125,244,3,2,0.000623830318153,0.000623830318153,NaN,NaN,0.00124999902527,3.89893644812e-07
1980,40,1603,1603,125,245,3,2,0.000623830318153,0.000623830318153,NaN,NaN,0.00124999902527,3.89893644812e-07
1980,40,1603,1603,126,15,2,2,0.000623830318153,0.000623830318153,-3.89164265702e-07,0.999999999625,0.000624609375609,3.89650265508e-07
1980,40,1603,1603,126,20,2,3,0.000623830318153,0.000623830318153,NaN,NaN,0.00124999902527,3.89893644812e-07
1980,40,1603,1603,126,22,2,2,0.000623830318153,0.00124766063631,-7.78328531736e-07,1.00000000005,0.00124999902527,7.79787289623e-07
1980,40,1603,1603,126,26,2,2,0.000623830318153,0.00374298190892,-2.3349855951e-06,1.00000000001,0.00375938967962,2.3452212599e-06
1980,40,1603,1603,126,33,2,2,0.000623830318153,0.000623830318153,-3.89164265702e-07,0.999999999625,0.000624609375609,3.89650265508e-07
1980,40,1603,1603,126,35,2,2,0.000623830318153,0.000623830318153,-3.89164265702e-07,0.999999999625,0.000624609375609,3.89650265508e-07
1980,40,1603,1603,126,46,2,3,0.000623830318153,0.000623830318153,NaN,NaN,0.00124999902527,3.89893644812e-07
1980,40,1603,1603,126,48,2,2,0.000623830318153,0.000623830318153,-3.89164265702e-07,0.999999999625,0.000624609375609,3.89650265508e-07
1980,40,1603,1603,126,49,2,2,0.000623830318153,0.000623830318153,-3.89164265702e-07,0.999999999625,0.000624609375609,3.89650265508e-07
1980,40,1603,1603,126,55,2,2,0.000623830318153,0.000623830318153,-3.89164265702e-07,0.999999999625,0.000624609375609,3.89650265508e-07
1980,40,1603,1603,126,60,2,2,0.000623830318153,0.000623830318153,-3.89164265702e-07,0.999999999625,0.000624609375609,3.89650265508e-07
1980,40,1603,1603,126,64,2,2,0.000623830318153,0.00249532127261,-1.55665706336e-06,0.999999999982,0.00250312500244,1.56152526665e-06
1980,40,1603,1603,126,73,2,2,0.000623830318153,0.000623830318153,-3.89164265702e-07,0.999999999625,0.000624609375609,3.89650265508e-07
1980,40,1603,1603,126,77,2,2,0.000623830318153,0.00374298190892,-2.3349855951e-06,1.00000000001,0.00375938967962,2.3452212599e-06
1980,40,1603,1603,126,94,2,2,0.000623830318153,0.000623830318153,-3.89164265702e-07,0.999999999625,0.000624609375609,3.89650265508e-07
1980,40,1603,1603,126,97,2,3,0.000623830318153,0.000623830318153,NaN,NaN,0.00124999902527,3.89893644812e-07
1980,40,1603,1603,126,101,2,2,0.000623830318153,0.00124766063631,-7.78328531736e-07,1.00000000005,0.00124999902527,7.79787289623e-07
1980,40,1603,1603,126,105,2,2,0.000623830318153,0.292576419214,-0.000182518040682,1.0,0.413838411862,0.000258164948136
1980,40,1603,1603,126,115,2,3,0.000623830318153,0.000623830318153,NaN,NaN,0.00124999902527,3.89893644812e-07
1980,40,1603,1603,126,123,2,3,0.000623830318153,0.000623830318153,NaN,NaN,0.00250312500244,7.80762633325e-07
1980,40,1603,1603,126,124,2,2,0.000623830318153,0.00187149095446,-1.16749279755e-06,1.00000000001,0.00187617041199,1.17041198502e-06
1980,40,1603,1603,126,130,2,2,0.000623830318153,0.000623830318153,-3.89164265702e-07,0.999999999625,0.000624609375609,3.89650265508e-07
1980,40,1603,1603,126,131,2,2,0.000623830318153,0.00124766063631,-7.78328531736e-07,1.00000000005,0.00124999902527,7.79787289623e-07
1980,40,1603,1603,126,140,2,3,0.000623830318153,0.00124766063631,NaN,NaN,0.00564969760196,1.76222632625e-06
1980,40,1603,1603,126,146,2,2,0.000623830318153,0.000623830318153,-3.89164265702e-07,0.999999999625,0.000624609375609,3.89650265508e-07
1980,40,1603,1603,126,149,2,2,0.000623830318153,0.000623830318153,-3.89164265702e-07,0.999999999625,0.000624609375609,3.89650265508e-07
1980,40,1603,1603,126,157,2,2,0.000623830318153,0.00124766063631,-7.78328531736e-07,1.00000000005,0.00124999902527,7.79787289623e-07
1980,40,1603,1603,126,159,2,2,0.000623830318153,0.00374298190892,-2.3349855951e-06,1.00000000001,0.00375938967962,2.3452212599e-06
1980,40,1603,1603,126,164,2,2,0.000623830318153,0.000623830318153,-3.89164265702e-07,0.999999999625,0.000624609375609,3.89650265508e-07
1980,40,1603,1603,126,167,2,2,0.000623830318153,0.00311915159077,-1.94582132917e-06,0.999999999968,0.00313086426698,1.95312805176e-06
1980,40,1603,1603,126,177,2,2,0.000623830318153,0.000623830318153,-3.89164265702e-07,0.999999999625,0.000624609375609,3.89650265508e-07
1980,40,1603,1602,126,186,2,2,0.000624219725343,0.000624219725343,-3.89650265498e-07,0.999999999974,0.000624999756164,3.90137176132e-07
1980,40,1603,1603,126,188,2,2,0.000623830318153,0.00623830318153,-3.89164265846e-06,0.999999999996,0.00628138242138,3.91851679437e-06
1980,40,1603,1603,126,192,2,3,0.000623830318153,0.000623830318153,NaN,NaN,0.00124999902527,3.89893644812e-07
1980,40,1603,1603,126,198,2,2,0.000623830318153,0.00311915159077,-1.94582132917e-06,0.999999999968,0.00313086426698,1.95312805176e-06
1980,40,1603,1603,126,200,2,2,0.000623830318153,0.00124766063631,-7.78328531736e-07,1.00000000005,0.00124999902527,7.79787289623e-07
1980,40,1603,1603,126,207,2,2,0.000623830318153,0.008109794136,-5.05913545601e-06,0.999999999998,0.00818120431222,5.10368328897e-06
1980,40,1603,1603,126,208,2,2,0.000623830318153,0.000623830318153,-3.89164265702e-07,0.999999999625,0.000624609375609,3.89650265508e-07
1980,40,1603,1603,126,211,2,2,0.000623830318153,0.000623830318153,-3.89164265702e-07,0.999999999625,0.000624609375609,3.89650265508e-07
1980,40,1603,1603,126,215,2,2,0.000623830318153,0.00124766063631,-7.78328531736e-07,1.00000000005,0.00124999902527,7.79787289623e-07
1980,40,1603,1603,126,218,2,3,0.000623830318153,0.00124766063631,NaN,NaN,0.00501880486383,1.56544131748e-06
1980,40,1603,1603,126,220,2,2,0.000623830318153,0.00124766063631,-7.78328531736e-07,1.00000000005,0.00124999902527,7.79787289623e-07
1980,40,1603,1603,126,221,2,3,0.000623830318153,0.000623830318153,NaN,NaN,0.00124999902527,3.89893644812e-07
1980,40,1603,1603,126,222,2,2,0.000623830318153,0.000623830318153,-3.89164265702e-07,0.999999999625,0.000624609375609,3.89650265508e-07
1980,40,1603,1603,126,226,2,2,0.000623830318153,0.000623830318153,-3.89164265702e-07,0.999999999625,0.000624609375609,3.89650265508e-07
1980,40,1603,1603,126,227,2,2,0.000623830318153,0.000623830318153,-3.89164265702e-07,0.999999999625,0.000624609375609,3.89650265508e-07
1980,40,1603,1603,126,232,2,2,0.000623830318153,0.000623830318153,-3.89164265702e-07,0.999999999625,0.000624609375609,3.89650265508e-07
1980,40,1603,1603,126,233,2,2,0.000623830318153,0.000623830318153,-3.89164265702e-07,0.999999999625,0.000624609375609,3.89650265508e-07
1980,40,1603,1603,126,240,2,2,0.000623830318153,0.00187149095446,-1.16749279755e-06,1.00000000001,0.00187617041199,1.17041198502e-06
1980,40,1603,1603,126,244,2,2,0.000623830318153,0.000623830318153,-3.89164265702e-07,0.999999999625,0.000624609375609,3.89650265508e-07
1980,40,1603,1603,126,245,2,2,0.000623830318153,0.000623830318153,-3.89164265702e-07,0.999999999625,0.000624609375609,3.89650265508e-07
1980,40,1603,1603,128,15,2,2,0.0155957579538,0.000623830318153,-9.72910664609e-06,0.999999999991,0.0158527284494,9.88941263218e-06
1980,40,1603,1603,128,20,2,3,0.0155957579538,0.000623830318153,NaN,NaN,0.0317252604321,9.89558965444e-06
1980,40,1603,1603,128,22,2,2,0.0155957579538,0.00124766063631,-1.94582132924e-05,1.0,0.0317252604321,1.97911793089e-05
1980,40,1603,1603,128,26,2,2,0.0155957579538,0.00374298190892,-5.83746398771e-05,1.0,0.0954141677242,5.95222506077e-05
1980,40,1603,1603,128,33,2,2,0.0155957579538,0.000623830318153,-9.72910664609e-06,0.999999999991,0.0158527284494,9.88941263218e-06
1980,40,1603,1603,128,35,2,2,0.0155957579538,0.000623830318153,-9.72910664609e-06,0.999999999991,0.0158527284494,9.88941263218e-06
1980,40,1603,1603,128,46,2,3,0.0155957579538,0.000623830318153,NaN,NaN,0.0317252604321,9.89558965444e-06
1980,40,1603,1603,128,48,2,2,0.0155957579538,0.000623830318153,-9.72910664609e-06,0.999999999991,0.0158527284494,9.88941263218e-06
1980,40,1603,1603,128,49,2,2,0.0155957579538,0.000623830318153,-9.72910664609e-06,0.999999999991,0.0158527284494,9.88941263218e-06
1980,40,1603,1603,128,55,2,2,0.0155957579538,0.000623830318153,-9.72910664609e-06,0.999999999991,0.0158527284494,9.88941263218e-06
1980,40,1603,1603,128,60,2,2,0.0155957579538,0.000623830318153,-9.72910664609e-06,0.999999999991,0.0158527284494,9.88941263218e-06
1980,40,1603,1603,128,64,2,2,0.0155957579538,0.00249532127261,-3.89164265846e-05,0.999999999996,0.0635298836171,3.96318675091e-05
1980,40,1603,1603,128,73,2,2,0.0155957579538,0.000623830318153,-9.72910664609e-06,0.999999999991,0.0158527284494,9.88941263218e-06
1980,40,1603,1603,128,77,2,2,0.0155957579538,0.00374298190892,-5.83746398771e-05,1.0,0.0954141677242,5.95222506077e-05
1980,40,1603,1603,128,94,2,2,0.0155957579538,0.000623830318153,-9.72910664609e-06,0.999999999991,0.0158527284494,9.88941263218e-06
1980,40,1603,1603,128,97,2,3,0.0155957579538,0.000623830318153,NaN,NaN,0.0317252604321,9.89558965444e-06
1980,40,1603,1603,128,101,2,2,0.0155957579538,0.00124766063631,-1.94582132924e-05,1.0,0.0317252604321,1.97911793089e-05
1980,40,1603,1603,128,105,2,2,0.0155957579538,0.292576419214,-0.00393912069891,0.86328358209,7.82768397136,0.00488314658226
1980,40,1603,1603,128,115,2,3,0.0155957579538,0.000623830318153,NaN,NaN,0.0317252604321,9.89558965444e-06
1980,40,1603,1603,128,123,2,3,0.0155957579538,0.000623830318153,NaN,NaN,0.0635298836171,1.98159337545e-05
1980,40,1603,1603,128,124,2,2,0.0155957579538,0.00187149095446,-2.91873199385e-05,0.999999999998,0.0476176330798,2.97053231939e-05
1980,40,1603,1603,128,130,2,2,0.0155957579538,0.000623830318153,-9.72910664609e-06,0.999999999991,0.0158527284494,9.88941263218e-06
1980,40,1603,1603,128,131,2,2,0.0155957579538,0.00124766063631,-1.94582132924e-05,1.0,0.0317252604321,1.97911793089e-05
1980,40,1603,1603,128,140,2,3,0.0155957579538,0.00124766063631,NaN,NaN,0.143390614042,4.47257061891e-05
1980,40,1603,1603,128,146,2,2,0.0155957579538,0.000623830318153,-9.72910664609e-06,0.999999999991,0.0158527284494,9.88941263218e-06
1980,40,1603,1603,128,149,2,2,0.0155957579538,0.000623830318153,-9.72910664609e-06,0.999999999991,0.0158527284494,9.88941263218e-06
1980,40,1603,1603,128,157,2,2,0.0155957579538,0.00124766063631,-1.94582132924e-05,1.0,0.0317252604321,1.97911793089e-05
1980,40,1603,1603,128,159,2,2,0.0155957579538,0.00374298190892,-5.83746398771e-05,1.0,0.0954141677242,5.95222506077e-05
1980,40,1603,1603,128,164,2,2,0.0155957579538,0.000623830318153,-9.72910664609e-06,0.999999999991,0.0158527284494,9.88941263218e-06
1980,40,1603,1603,128,167,2,2,0.0155957579538,0.00311915159077,-4.86455332308e-05,0.999999999997,0.0794620493614,4.95708355343e-05
1980,40,1603,1603,128,177,2,2,0.0155957579538,0.000623830318153,-9.72910664609e-06,0.999999999991,0.0158527284494,9.88941263218e-06
1980,40,1603,1602,128,186,2,2,0.0156054931336,0.000624219725343,-9.74125663766e-06,0.999999999997,0.0158627870897,9.90186460032e-06
1980,40,1603,1603,128,188,2,2,0.0155957579538,0.00623830318153,-9.72910664618e-05,1.0,0.15942291887,9.94528501993e-05
1980,40,1603,1603,128,192,2,3,0.0155957579538,0.000623830318153,NaN,NaN,0.0317252604321,9.89558965444e-06
1980,40,1603,1603,128,198,2,2,0.0155957579538,0.00311915159077,-4.86455332308e-05,0.999999999997,0.0794620493614,4.95708355343e-05
1980,40,1603,1603,128,200,2,2,0.0155957579538,0.00124766063631,-1.94582132924e-05,1.0,0.0317252604321,1.97911793089e-05
1980,40,1603,1603,128,207,2,2,0.0155957579538,0.008109794136,-0.0001264783864,1.0,0.207640831879,0.000129532646212
1980,40,1603,1603,128,208,2,2,0.0155957579538,0.000623830318153,-9.72910664609e-06,0.999999999991,0.0158527284494,9.88941263218e-06
1980,40,1603,1603,128,211,2,2,0.0155957579538,0.000623830318153,-9.72910664609e-06,0.999999999991,0.0158527284494,9.88941263218e-06
1980,40,1603,1603,128,215,2,2,0.0155957579538,0.00124766063631,-1.94582132924e-05,1.0,0.0317252604321,1.97911793089e-05
1980,40,1603,1603,128,218,2,3,0.0155957579538,0.00124766063631,NaN,NaN,0.127378412418,3.97312577724e-05
1980,40,1603,1603,128,220,2,2,0.0155957579538,0.00124766063631,-1.94582132924e-05,1.0,0.0317252604321,1.97911793089e-05
1980,40,1603,1603,128,221,2,3,0.0155957579538,0.000623830318153,NaN,NaN,0.0317252604321,9.89558965444e-06
1980,40,1603,1603,128,222,2,2,0.0155957579538,0.000623830318153,-9.72910664609e-06,0.999999999991,0.0158527284494,9.88941263218e-06
1980,40,1603,1603,128,226,2,2,0.0155957579538,0.000623830318153,-9.72910664609e-06,0.999999999991,0.0158527284494,9.88941263218e-06
1980,40,1603,1603,128,227,2,2,0.0155957579538,0.000623830318153,-9.72910664609e-06,0.999999999991,0.0158527284494,9.88941263218e-06
1980,40,1603,1603,128,232,2,2,0.0155957579538,0.000623830318153,-9.72910664609e-06,0.999999999991,0.0158527284494,9.88941263218e-06
1980,40,1603,1603,128,233,2,2,0.0155957579538,0.000623830318153,-9.72910664609e-06,0.999999999991,0.0158527284494,9.88941263218e-06
1980,40,1603,1603,128,240,2,2,0.0155957579538,0.00187149095446,-2.91873199385e-05,0.999999999998,0.0476176330798,2.97053231939e-05
1980,40,1603,1603,128,244,2,2,0.0155957579538,0.000623830318153,-9.72910664609e-06,0.999999999991,0.0158527284494,9.88941263218e-06
1980,40,1603,1603,128,245,2,2,0.0155957579538,0.000623830318153,-9.72910664609e-06,0.999999999991,0.0158527284494,9.88941263218e-06
1980,40,1603,1603,129,15,2,2,0.00187149095446,0.000623830318153,-1.16749279755e-06,1.00000000001,0.00187617041199,1.17041198502e-06
1980,40,1603,1603,129,20,2,3,0.00187149095446,0.000623830318153,NaN,NaN,0.00375468457214,1.1711430356e-06
1980,40,1603,1603,129,22,2,2,0.00187149095446,0.00124766063631,-2.33498559521e-06,1.00000000005,0.00375468457214,2.34228607121e-06
1980,40,1603,1603,129,26,2,2,0.00187149095446,0.00374298190892,-7.00495678529e-06,1.00000000001,0.0112922667502,7.04445835942e-06
1980,40,1603,1603,129,33,2,2,0.00187149095446,0.000623830318153,-1.16749279755e-06,1.00000000001,0.00187617041199,1.17041198502e-06
1980,40,1603,1603,129,35,2,2,0.00187149095446,0.000623830318153,-1.16749279755e-06,1.00000000001,0.00187617041199,1.17041198502e-06
1980,40,1603,1603,129,46,2,3,0.00187149095446,0.000623830318153,NaN,NaN,0.00375468457214,1.1711430356e-06
1980,40,1603,1603,129,48,2,2,0.00187149095446,0.000623830318153,-1.16749279755e-06,1.00000000001,0.00187617041199,1.17041198502e-06
1980,40,1603,1603,129,49,2,2,0.00187149095446,0.000623830318153,-1.16749279755e-06,1.00000000001,0.00187617041199,1.17041198502e-06
1980,40,1603,1603,129,55,2,2,0.00187149095446,0.000623830318153,-1.16749279755e-06,1.00000000001,0.00187617041199,1.17041198502e-06
1980,40,1603,1603,129,60,2,2,0.00187149095446,0.000623830318153,-1.16749279755e-06,1.00000000001,0.00187617041199,1.17041198502e-06
1980,40,1603,1603,129,64,2,2,0.00187149095446,0.00249532127261,-4.6699711902e-06,1.00000000001,0.00751876172608,4.6904315197e-06
1980,40,1603,1603,129,73,2,2,0.00187149095446,0.000623830318153,-1.16749279755e-06,1.00000000001,0.00187617041199,1.17041198502e-06
1980,40,1603,1603,129,77,2,2,0.00187149095446,0.00374298190892,-7.00495678529e-06,1.00000000001,0.0112922667502,7.04445835942e-06
1980,40,1603,1603,129,94,2,2,0.00187149095446,0.000623830318153,-1.16749279755e-06,1.00000000001,0.00187617041199,1.17041198502e-06
1980,40,1603,1603,129,97,2,3,0.00187149095446,0.000623830318153,NaN,NaN,0.00375468457214,1.1711430356e-06
1980,40,1603,1603,129,101,2,2,0.00187149095446,0.00124766063631,-2.33498559521e-06,1.00000000005,0.00375468457214,2.34228607121e-06
1980,40,1603,1603,129,105,2,2,0.00187149095446,0.292576419214,-0.000547554122047,1.0,1.24306712963,0.000775462962963
1980,40,1603,1603,129,115,2,3,0.00187149095446,0.000623830318153,NaN,NaN,0.00375468457214,1.1711430356e-06
1980,40,1603,1603,129,123,2,3,0.00187149095446,0.000623830318153,NaN,NaN,0.00751876172608,2.34521575985e-06
1980,40,1603,1603,129,124,2,2,0.00187149095446,0.00187149095446,-3.50247839265e-06,1.00000000001,0.005635546875,3.515625e-06
1980,40,1603,1603,129,130,2,2,0.00187149095446,0.000623830318153,-1.16749279755e-06,1.00000000001,0.00187617041199,1.17041198502e-06
1980,40,1603,1603,129,131,2,2,0.00187149095446,0.00124766063631,-2.33498559521e-06,1.00000000005,0.00375468457214,2.34228607121e-06
1980,40,1603,1603,129,140,2,3,0.00187149095446,0.00124766063631,NaN,NaN,0.0169702791719,5.29328732748e-06
1980,40,1603,1603,129,146,2,2,0.00187149095446,0.000623830318153,-1.16749279755e-06,1.00000000001,0.00187617041199,1.17041198502e-06
1980,40,1603,1603,129,149,2,2,0.00187149095446,0.000623830318153,-1.16749279755e-06,1.00000000001,0.00187617041199,1.17041198502e-06
1980,40,1603,1603,129,157,2,2,0.00187149095446,0.00124766063631,-2.33498559521e-06,1.00000000005,0.00375468457214,2.34228607121e-06
1980,40,1603,1603,129,159,2,2,0.00187149095446,0.00374298190892,-7.00495678529e-06,1.00000000001,0.0112922667502,7.04445835942e-06
1980,40,1603,1603,129,164,2,2,0.00187149095446,0.000623830318153,-1.16749279755e-06,1.00000000001,0.00187617041199,1.17041198502e-06
1980,40,1603,1603,129,167,2,2,0.00187149095446,0.00311915159077,-5.83746398775e-06,1.00000000001,0.00940433354193,5.86670838548e-06
1980,40,1603,1603,129,177,2,2,0.00187149095446,0.000623830318153,-1.16749279755e-06,1.00000000001,0.00187617041199,1.17041198502e-06
1980,40,1603,1602,129,186,2,2,0.00187265917603,0.000624219725343,-1.16895079649e-06,0.999999999974,0.00187734448334,1.17187545776e-06
1980,40,1603,1603,129,188,2,2,0.00187149095446,0.00623830318153,-1.16749279754e-05,0.999999999996,0.0188677024482,1.17702448211e-05
1980,40,1603,1603,129,192,2,3,0.00187149095446,0.000623830318153,NaN,NaN,0.00375468457214,1.1711430356e-06
1980,40,1603,1603,129,198,2,2,0.00187149095446,0.00311915159077,-5.83746398775e-06,1.00000000001,0.00940433354193,5.86670838548e-06
1980,40,1603,1603,129,200,2,2,0.00187149095446,0.00124766063631,-2.33498559521e-06,1.00000000005,0.00375468457214,2.34228607121e-06
1980,40,1603,1603,129,207,2,2,0.00187149095446,0.008109794136,-1.5177406368e-05,0.999999999999,0.0245742924528,1.53301886792e-05
1980,40,1603,1603,129,208,2,2,0.00187149095446,0.000623830318153,-1.16749279755e-06,1.00000000001,0.00187617041199,1.17041198502e-06
1980,40,1603,1603,129,211,2,2,0.00187149095446,0.000623830318153,-1.16749279755e-06,1.00000000001,0.00187617041199,1.17041198502e-06
1980,40,1603,1603,129,215,2,2,0.00187149095446,0.00124766063631,-2.33498559521e-06,1.00000000005,0.00375468457214,2.34228607121e-06
1980,40,1603,1603,129,218,2,3,0.00187149095446,0.00124766063631,NaN,NaN,0.0150752351097,4.70219435737e-06
1980,40,1603,1603,129,220,2,2,0.00187149095446,0.00124766063631,-2.33498559521e-06,1.00000000005,0.00375468457214,2.34228607121e-06
1980,40,1603,1603,129,221,2,3,0.00187149095446,0.000623830318153,NaN,NaN,0.00375468457214,1.1711430356e-06
1980,40,1603,1603,129,222,2,2,0.00187149095446,0.000623830318153,-1.16749279755e-06,1.00000000001,0.00187617041199,1.17041198502e-06
1980,40,1603,1603,129,226,2,2,0.00187149095446,0.000623830318153,-1.16749279755e-06,1.00000000001,0.00187617041199,1.17041198502e-06
1980,40,1603,1603,129,227,2,2,0.00187149095446,0.000623830318153,-1.16749279755e-06,1.00000000001,0.00187617041199,1.17041198502e-06
1980,40,1603,1603,129,232,2,2,0.00187149095446,0.000623830318153,-1.16749279755e-06,1.00000000001,0.00187617041199,1.17041198502e-06
1980,40,1603,1603,129,233,2,2,0.00187149095446,0.000623830318153,-1.16749279755e-06,1.00000000001,0.00187617041199,1.17041198502e-06
1980,40,1603,1603,129,240,2,2,0.00187149095446,0.00187149095446,-3.50247839265e-06,1.00000000001,0.005635546875,3.515625e-06
1980,40,1603,1603,129,244,2,2,0.00187149095446,0.000623830318153,-1.16749279755e-06,1.00000000001,0.00187617041199,1.17041198502e-06
1980,40,1603,1603,129,245,2,2,0.00187149095446,0.000623830318153,-1.16749279755e-06,1.00000000001,0.00187617041199,1.17041198502e-06
1980,40,1603,1603,130,15,2,2,0.00187149095446,0.000623830318153,-1.16749279755e-06,1.00000000001,0.00187617041199,1.17041198502e-06
1980,40,1603,1603,130,20,2,3,0.00187149095446,0.000623830318153,NaN,NaN,0.00375468457214,1.1711430356e-06
1980,40,1603,1603,130,22,2,2,0.00187149095446,0.00124766063631,-2.33498559521e-06,1.00000000005,0.00375468457214,2.34228607121e-06
1980,40,1603,1603,130,26,2,2,0.00187149095446,0.00374298190892,-7.00495678529e-06,1.00000000001,0.0112922667502,7.04445835942e-06
1980,40,1603,1603,130,33,2,2,0.00187149095446,0.000623830318153,-1.16749279755e-06,1.00000000001,0.00187617041199,1.17041198502e-06
1980,40,1603,1603,130,35,2,2,0.00187149095446,0.000623830318153,-1.16749279755e-06,1.00000000001,0.00187617041199,1.17041198502e-06
1980,40,1603,1603,130,46,2,3,0.00187149095446,0.000623830318153,NaN,NaN,0.00375468457214,1.1711430356e-06
1980,40,1603,1603,130,48,2,2,0.00187149095446,0.000623830318153,-1.16749279755e-06,1.00000000001,0.00187617041199,1.17041198502e-06
1980,40,1603,1603,130,49,2,2,0.00187149095446,0.000623830318153,-1.16749279755e-06,1.00000000001,0.00187617041199,1.17041198502e-06
1980,40,1603,1603,130,55,2,2,0.00187149095446,0.000623830318153,-1.16749279755e-06,1.00000000001,0.00187617041199,1.17041198502e-06
1980,40,1603,1603,130,60,2,2,0.00187149095446,0.000623830318153,-1.16749279755e-06,1.00000000001,0.00187617041199,1.17041198502e-06
1980,40,1603,1603,130,64,2,2,0.00187149095446,0.00249532127261,-4.6699711902e-06,1.00000000001,0.00751876172608,4.6904315197e-06
1980,40,1603,1603,130,73,2,2,0.00187149095446,0.000623830318153,-1.16749279755e-06,1.00000000001,0.00187617041199,1.17041198502e-06
1980,40,1603,1603,130,77,2,2,0.00187149095446,0.00374298190892,-7.00495678529e-06,1.00000000001,0.0112922667502,7.04445835942e-06
1980,40,1603,1603,130,94,2,2,0.00187149095446,0.000623830318153,-1.16749279755e-06,1.00000000001,0.00187617041199,1.17041198502e-06
1980,40,1603,1603,130,97,2,3,0.00187149095446,0.000623830318153,NaN,NaN,0.00375468457214,1.1711430356e-06
1980,40,1603,1603,130,101,2,2,0.00187149095446,0.00124766063631,-2.33498559521e-06,1.00000000005,0.00375468457214,2.34228607121e-06
1980,40,1603,1603,130,105,2,2,0.00187149095446,0.292576419214,0.00132393683241,1.0,7.26733208955,0.00453358208955
1980,40,1603,1603,130,115,2,3,0.00187149095446,0.000623830318153,NaN,NaN,0.00375468457214,1.1711430356e-06
1980,40,1603,1603,130,123,2,3,0.00187149095446,0.000623830318153,NaN,NaN,0.00751876172608,2.34521575985e-06
1980,40,1603,1603,130,124,2,2,0.00187149095446,0.00187149095446,-3.50247839265e-06,1.00000000001,0.005635546875,3.515625e-06
1980,40,1603,1603,130,130,2,2,0.00187149095446,0.000623830318153,-1.16749279755e-06,1.00000000001,0.00187617041199,1.17041198502e-06
1980,40,1603,1603,130,131,2,2,0.00187149095446,0.00124766063631,-2.33498559521e-06,1.00000000005,0.00375468457214,2.34228607121e-06
1980,40,1603,1603,130,140,2,3,0.00187149095446,0.00124766063631,NaN,NaN,0.0169702791719,5.29328732748e-06
1980,40,1603,1603,130,146,2,2,0.00187149095446,0.000623830318153,-1.16749279755e-06,1.00000000001,0.00187617041199,1.17041198502e-06
1980,40,1603,1603,130,149,2,2,0.00187149095446,0.000623830318153,-1.16749279755e-06,1.00000000001,0.00187617041199,1.17041198502e-06
1980,40,1603,1603,130,157,2,2,0.00187149095446,0.00124766063631,-2.33498559521e-06,1.00000000005,0.00375468457214,2.34228607121e-06
1980,40,1603,1603,130,159,2,2,0.00187149095446,0.00374298190892,-7.00495678529e-06,1.00000000001,0.0112922667502,7.04445835942e-06
1980,40,1603,1603,130,164,2,2,0.00187149095446,0.000623830318153,-1.16749279755e-06,1.00000000001,0.00187617041199,1.17041198502e-06
1980,40,1603,1603,130,167,2,2,0.00187149095446,0.00311915159077,-5.83746398775e-06,1.00000000001,0.00940433354193,5.86670838548e-06
1980,40,1603,1603,130,177,2,2,0.00187149095446,0.000623830318153,-1.16749279755e-06,1.00000000001,0.00187617041199,1.17041198502e-06
1980,40,1603,1602,130,186,2,2,0.00187265917603,0.000624219725343,-1.16895079649e-06,0.999999999974,0.00187734448334,1.17187545776e-06
1980,40,1603,1603,130,188,2,2,0.00187149095446,0.00623830318153,-1.16749279754e-05,0.999999999996,0.0188677024482,1.17702448211e-05
1980,40,1603,1603,130,192,2,3,0.00187149095446,0.000623830318153,NaN,NaN,0.00375468457214,1.1711430356e-06
1980,40,1603,1603,130,198,2,2,0.00187149095446,0.00311915159077,-5.83746398775e-06,1.00000000001,0.00940433354193,5.86670838548e-06
1980,40,1603,1603,130,200,2,2,0.00187149095446,0.00124766063631,-2.33498559521e-06,1.00000000005,0.00375468457214,2.34228607121e-06
1980,40,1603,1603,130,207,2,2,0.00187149095446,0.008109794136,-1.5177406368e-05,0.999999999999,0.0245742924528,1.53301886792e-05
1980,40,1603,1603,130,208,2,2,0.00187149095446,0.000623830318153,-1.16749279755e-06,1.00000000001,0.00187617041199,1.17041198502e-06
1980,40,1603,1603,130,211,2,2,0.00187149095446,0.000623830318153,-1.16749279755e-06,1.00000000001,0.00187617041199,1.17041198502e-06
1980,40,1603,1603,130,215,2,2,0.00187149095446,0.00124766063631,-2.33498559521e-06,1.00000000005,0.00375468457214,2.34228607121e-06
1980,40,1603,1603,130,218,2,3,0.00187149095446,0.00124766063631,NaN,NaN,0.0150752351097,4.70219435737e-06
1980,40,1603,1603,130,220,2,2,0.00187149095446,0.00124766063631,-2.33498559521e-06,1.00000000005,0.00375468457214,2.34228607121e-06
1980,40,1603,1603,130,221,2,3,0.00187149095446,0.000623830318153,NaN,NaN,0.00375468457214,1.1711430356e-06
1980,40,1603,1603,130,222,2,2,0.00187149095446,0.000623830318153,-1.16749279755e-06,1.00000000001,0.00187617041199,1.17041198502e-06
1980,40,1603,1603,130,226,2,2,0.00187149095446,0.000623830318153,-1.16749279755e-06,1.00000000001,0.00187617041199,1.17041198502e-06
1980,40,1603,1603,130,227,2,2,0.00187149095446,0.000623830318153,-1.16749279755e-06,1.00000000001,0.00187617041199,1.17041198502e-06
1980,40,1603,1603,130,232,2,2,0.00187149095446,0.000623830318153,-1.16749279755e-06,1.00000000001,0.00187617041199,1.17041198502e-06
1980,40,1603,1603,130,233,2,2,0.00187149095446,0.000623830318153,-1.16749279755e-06,1.00000000001,0.00187617041199,1.17041198502e-06
1980,40,1603,1603,130,240,2,2,0.00187149095446,0.00187149095446,-3.50247839265e-06,1.00000000001,0.005635546875,3.515625e-06
1980,40,1603,1603,130,244,2,2,0.00187149095446,0.000623830318153,-1.16749279755e-06,1.00000000001,0.00187617041199,1.17041198502e-06
1980,40,1603,1603,130,245,2,2,0.00187149095446,0.000623830318153,-1.16749279755e-06,1.00000000001,0.00187617041199,1.17041198502e-06
1980,40,1603,1603,134,15,2,2,0.000623830318153,0.000623830318153,-3.89164265702e-07,0.999999999625,0.000624609375609,3.89650265508e-07
1980,40,1603,1603,134,20,2,3,0.000623830318153,0.000623830318153,NaN,NaN,0.00124999902527,3.89893644812e-07
1980,40,1603,1603,134,22,2,2,0.000623830318153,0.00124766063631,-7.78328531736e-07,1.00000000005,0.00124999902527,7.79787289623e-07
1980,40,1603,1603,134,26,2,2,0.000623830318153,0.00374298190892,-2.3349855951e-06,1.00000000001,0.00375938967962,2.3452212599e-06
1980,40,1603,1603,134,33,2,2,0.000623830318153,0.000623830318153,-3.89164265702e-07,0.999999999625,0.000624609375609,3.89650265508e-07
1980,40,1603,1603,134,35,2,2,0.000623830318153,0.000623830318153,-3.89164265702e-07,0.999999999625,0.000624609375609,3.89650265508e-07
1980,40,1603,1603,134,46,2,3,0.000623830318153,0.000623830318153,NaN,NaN,0.00124999902527,3.89893644812e-07
1980,40,1603,1603,134,48,2,2,0.000623830318153,0.000623830318153,-3.89164265702e-07,0.999999999625,0.000624609375609,3.89650265508e-07
1980,40,1603,1603,134,49,2,2,0.000623830318153,0.000623830318153,-3.89164265702e-07,0.999999999625,0.000624609375609,3.89650265508e-07
1980,40,1603,1603,134,55,2,2,0.000623830318153,0.000623830318153,-3.89164265702e-07,0.999999999625,0.000624609375609,3.89650265508e-07
1980,40,1603,1603,134,60,2,2,0.000623830318153,0.000623830318153,-3.89164265702e-07,0.999999999625,0.000624609375609,3.89650265508e-07
1980,40,1603,1603,134,64,2,2,0.000623830318153,0.00249532127261,-1.55665706336e-06,0.999999999982,0.00250312500244,1.56152526665e-06
1980,40,1603,1603,134,73,2,2,0.000623830318153,0.000623830318153,-3.89164265702e-07,0.999999999625,0.000624609375609,3.89650265508e-07
1980,40,1603,1603,134,77,2,2,0.000623830318153,0.00374298190892,-2.3349855951e-06,1.00000000001,0.00375938967962,2.3452212599e-06
1980,40,1603,1603,134,94,2,2,0.000623830318153,0.000623830318153,-3.89164265702e-07,0.999999999625,0.000624609375609,3.89650265508e-07
1980,40,1603,1603,134,97,2,3,0.000623830318153,0.000623830318153,NaN,NaN,0.00124999902527,3.89893644812e-07
1980,40,1603,1603,134,101,2,2,0.000623830318153,0.00124766063631,-7.78328531736e-07,1.00000000005,0.00124999902527,7.79787289623e-07
1980,40,1603,1603,134,105,2,2,0.000623830318153,0.292576419214,0.000441312277471,1.0,2.41941975516,0.00150930739561
1980,40,1603,1603,134,115,2,3,0.000623830318153,0.000623830318153,NaN,NaN,0.00124999902527,3.89893644812e-07
1980,40,1603,1603,134,123,2,3,0.000623830318153,0.000623830318153,NaN,NaN,0.00250312500244,7.80762633325e-07
1980,40,1603,1603,134,124,2,2,0.000623830318153,0.00187149095446,-1.16749279755e-06,1.00000000001,0.00187617041199,1.17041198502e-06
1980,40,1603,1603,134,130,2,2,0.000623830318153,0.000623830318153,-3.89164265702e-07,0.999999999625,0.000624609375609,3.89650265508e-07
1980,40,1603,1603,134,131,2,2,0.000623830318153,0.00124766063631,-7.78328531736e-07,1.00000000005,0.00124999902527,7.79787289623e-07
1980,40,1603,1603,134,140,2,3,0.000623830318153,0.00124766063631,NaN,NaN,0.00564969760196,1.76222632625e-06
1980,40,1603,1603,134,146,2,2,0.000623830318153,0.000623830318153,-3.89164265702e-07,0.999999999625,0.000624609375609,3.89650265508e-07
1980,40,1603,1603,134,149,2,2,0.000623830318153,0.000623830318153,-3.89164265702e-07,0.999999999625,0.000624609375609,3.89650265508e-07
1980,40,1603,1603,134,157,2,2,0.000623830318153,0.00124766063631,-7.78328531736e-07,1.00000000005,0.00124999902527,7.79787289623e-07
1980,40,1603,1603,134,159,2,2,0.000623830318153,0.00374298190892,-2.3349855951e-06,1.00000000001,0.00375938967962,2.3452212599e-06
1980,40,1603,1603,134,164,2,2,0.000623830318153,0.000623830318153,-3.89164265702e-07,0.999999999625,0.000624609375609,3.89650265508e-07
1980,40,1603,1603,134,167,2,2,0.000623830318153,0.00311915159077,-1.94582132917e-06,0.999999999968,0.00313086426698,1.95312805176e-06
1980,40,1603,1603,134,177,2,2,0.000623830318153,0.000623830318153,-3.89164265702e-07,0.999999999625,0.000624609375609,3.89650265508e-07
1980,40,1603,1602,134,186,2,2,0.000624219725343,0.000624219725343,-3.89650265498e-07,0.999999999974,0.000624999756164,3.90137176132e-07
1980,40,1603,1603,134,188,2,2,0.000623830318153,0.00623830318153,-3.89164265846e-06,0.999999999996,0.00628138242138,3.91851679437e-06
1980,40,1603,1603,134,192,2,3,0.000623830318153,0.000623830318153,NaN,NaN,0.00124999902527,3.89893644812e-07
1980,40,1603,1603,134,198,2,2,0.000623830318153,0.00311915159077,-1.94582132917e-06,0.999999999968,0.00313086426698,1.95312805176e-06
1980,40,1603,1603,134,200,2,2,0.000623830318153,0.00124766063631,-7.78328531736e-07,1.00000000005,0.00124999902527,7.79787289623e-07
1980,40,1603,1603,134,207,2,2,0.000623830318153,0.008109794136,-5.05913545601e-06,0.999999999998,0.00818120431222,5.10368328897e-06
1980,40,1603,1603,134,208,2,2,0.000623830318153,0.000623830318153,-3.89164265702e-07,0.999999999625,0.000624609375609,3.89650265508e-07
1980,40,1603,1603,134,211,2,2,0.000623830318153,0.000623830318153,-3.89164265702e-07,0.999999999625,0.000624609375609,3.89650265508e-07
1980,40,1603,1603,134,215,2,2,0.000623830318153,0.00124766063631,-7.78328531736e-07,1.00000000005,0.00124999902527,7.79787289623e-07
1980,40,1603,1603,134,218,2,3,0.000623830318153,0.00124766063631,NaN,NaN,0.00501880486383,1.56544131748e-06
1980,40,1603,1603,134,220,2,2,0.000623830318153,0.00124766063631,-7.78328531736e-07,1.00000000005,0.00124999902527,7.79787289623e-07
1980,40,1603,1603,134,221,2,3,0.000623830318153,0.000623830318153,NaN,NaN,0.00124999902527,3.89893644812e-07
1980,40,1603,1603,134,222,2,2,0.000623830318153,0.000623830318153,-3.89164265702e-07,0.999999999625,0.000624609375609,3.89650265508e-07
1980,40,1603,1603,134,226,2,2,0.000623830318153,0.000623830318153,-3.89164265702e-07,0.999999999625,0.000624609375609,3.89650265508e-07
1980,40,1603,1603,134,227,2,2,0.000623830318153,0.000623830318153,-3.89164265702e-07,0.999999999625,0.000624609375609,3.89650265508e-07
1980,40,1603,1603,134,232,2,2,0.000623830318153,0.000623830318153,-3.89164265702e-07,0.999999999625,0.000624609375609,3.89650265508e-07
1980,40,1603,1603,134,233,2,2,0.000623830318153,0.000623830318153,-3.89164265702e-07,0.999999999625,0.000624609375609,3.89650265508e-07
1980,40,1603,1603,134,240,2,2,0.000623830318153,0.00187149095446,-1.16749279755e-06,1.00000000001,0.00187617041199,1.17041198502e-06
1980,40,1603,1603,134,244,2,2,0.000623830318153,0.000623830318153,-3.89164265702e-07,0.999999999625,0.000624609375609,3.89650265508e-07
1980,40,1603,1603,134,245,2,2,0.000623830318153,0.000623830318153,-3.89164265702e-07,0.999999999625,0.000624609375609,3.89650265508e-07
1980,40,1603,1603,136,15,2,2,0.00187149095446,0.000623830318153,-1.16749279755e-06,1.00000000001,0.00187617041199,1.17041198502e-06
1980,40,1603,1603,136,20,2,3,0.00187149095446,0.000623830318153,NaN,NaN,0.00375468457214,1.1711430356e-06
1980,40,1603,1603,136,22,2,2,0.00187149095446,0.00124766063631,-2.33498559521e-06,1.00000000005,0.00375468457214,2.34228607121e-06
1980,40,1603,1603,136,26,2,2,0.00187149095446,0.00374298190892,-7.00495678529e-06,1.00000000001,0.0112922667502,7.04445835942e-06
1980,40,1603,1603,136,33,2,2,0.00187149095446,0.000623830318153,-1.16749279755e-06,1.00000000001,0.00187617041199,1.17041198502e-06
1980,40,1603,1603,136,35,2,2,0.00187149095446,0.000623830318153,-1.16749279755e-06,1.00000000001,0.00187617041199,1.17041198502e-06
1980,40,1603,1603,136,46,2,3,0.00187149095446,0.000623830318153,NaN,NaN,0.00375468457214,1.1711430356e-06
1980,40,1603,1603,136,48,2,2,0.00187149095446,0.000623830318153,-1.16749279755e-06,1.00000000001,0.00187617041199,1.17041198502e-06
1980,40,1603,1603,136,49,2,2,0.00187149095446,0.000623830318153,-1.16749279755e-06,1.00000000001,0.00187617041199,1.17041198502e-06
1980,40,1603,1603,136,55,2,2,0.00187149095446,0.000623830318153,-1.16749279755e-06,1.00000000001,0.00187617041199,1.17041198502e-06
1980,40,1603,1603,136,60,2,2,0.00187149095446,0.000623830318153,-1.16749279755e-06,1.00000000001,0.00187617041199,1.17041198502e-06
1980,40,1603,1603,136,64,2,2,0.00187149095446,0.00249532127261,-4.6699711902e-06,1.00000000001,0.00751876172608,4.6904315197e-06
1980,40,1603,1603,136,73,2,2,0.00187149095446,0.000623830318153,-1.16749279755e-06,1.00000000001,0.00187617041199,1.17041198502e-06
1980,40,1603,1603,136,77,2,2,0.00187149095446,0.00374298190892,-7.00495678529e-06,1.00000000001,0.0112922667502,7.04445835942e-06
1980,40,1603,1603,136,94,2,2,0.00187149095446,0.000623830318153,-1.16749279755e-06,1.00000000001,0.00187617041199,1.17041198502e-06
1980,40,1603,1603,136,97,2,3,0.00187149095446,0.000623830318153,NaN,NaN,0.00375468457214,1.1711430356e-06
1980,40,1603,1603,136,101,2,2,0.00187149095446,0.00124766063631,-2.33498559521e-06,1.00000000005,0.00375468457214,2.34228607121e-06
1980,40,1603,1603,136,105,2,2,0.00187149095446,0.292576419214,-0.000547554122047,1.0,1.24306712963,0.000775462962963
1980,40,1603,1603,136,115,2,3,0.00187149095446,0.000623830318153,NaN,NaN,0.00375468457214,1.1711430356e-06
1980,40,1603,1603,136,123,2,3,0.00187149095446,0.000623830318153,NaN,NaN,0.00751876172608,2.34521575985e-06
1980,40,1603,1603,136,124,2,2,0.00187149095446,0.00187149095446,-3.50247839265e-06,1.00000000001,0.005635546875,3.515625e-06
1980,40,1603,1603,136,130,2,2,0.00187149095446,0.000623830318153,-1.16749279755e-06,1.00000000001,0.00187617041199,1.17041198502e-06
1980,40,1603,1603,136,131,2,2,0.00187149095446,0.00124766063631,-2.33498559521e-06,1.00000000005,0.00375468457214,2.34228607121e-06
1980,40,1603,1603,136,140,2,3,0.00187149095446,0.00124766063631,NaN,NaN,0.0169702791719,5.29328732748e-06
1980,40,1603,1603,136,146,2,2,0.00187149095446,0.000623830318153,-1.16749279755e-06,1.00000000001,0.00187617041199,1.17041198502e-06
1980,40,1603,1603,136,149,2,2,0.00187149095446,0.000623830318153,-1.16749279755e-06,1.00000000001,0.00187617041199,1.17041198502e-06
1980,40,1603,1603,136,157,2,2,0.00187149095446,0.00124766063631,-2.33498559521e-06,1.00000000005,0.00375468457214,2.34228607121e-06
1980,40,1603,1603,136,159,2,2,0.00187149095446,0.00374298190892,-7.00495678529e-06,1.00000000001,0.0112922667502,7.04445835942e-06
1980,40,1603,1603,136,164,2,2,0.00187149095446,0.000623830318153,-1.16749279755e-06,1.00000000001,0.00187617041199,1.17041198502e-06
1980,40,1603,1603,136,167,2,2,0.00187149095446,0.00311915159077,-5.83746398775e-06,1.00000000001,0.00940433354193,5.86670838548e-06
1980,40,1603,1603,136,177,2,2,0.00187149095446,0.000623830318153,-1.16749279755e-06,1.00000000001,0.00187617041199,1.17041198502e-06
1980,40,1603,1602,136,186,2,2,0.00187265917603,0.000624219725343,-1.16895079649e-06,0.999999999974,0.00187734448334,1.17187545776e-06
1980,40,1603,1603,136,188,2,2,0.00187149095446,0.00623830318153,-1.16749279754e-05,0.999999999996,0.0188677024482,1.17702448211e-05
1980,40,1603,1603,136,192,2,3,0.00187149095446,0.000623830318153,NaN,NaN,0.00375468457214,1.1711430356e-06
1980,40,1603,1603,136,198,2,2,0.00187149095446,0.00311915159077,0.000617992854166,0.331247392574,105.401429704,0.0657526074259
1980,40,1603,1603,136,200,2,2,0.00187149095446,0.00124766063631,-2.33498559521e-06,1.00000000005,0.00375468457214,2.34228607121e-06
1980,40,1603,1603,136,207,2,2,0.00187149095446,0.008109794136,-1.5177406368e-05,0.999999999999,0.0245742924528,1.53301886792e-05
1980,40,1603,1603,136,208,2,2,0.00187149095446,0.000623830318153,-1.16749279755e-06,1.00000000001,0.00187617041199,1.17041198502e-06
1980,40,1603,1603,136,211,2,2,0.00187149095446,0.000623830318153,-1.16749279755e-06,1.00000000001,0.00187617041199,1.17041198502e-06
1980,40,1603,1603,136,215,2,2,0.00187149095446,0.00124766063631,-2.33498559521e-06,1.00000000005,0.00375468457214,2.34228607121e-06
1980,40,1603,1603,136,218,2,3,0.00187149095446,0.00124766063631,NaN,NaN,0.0150752351097,4.70219435737e-06
1980,40,1603,1603,136,220,2,2,0.00187149095446,0.00124766063631,-2.33498559521e-06,1.00000000005,0.00375468457214,2.34228607121e-06
1980,40,1603,1603,136,221,2,3,0.00187149095446,0.000623830318153,NaN,NaN,0.00375468457214,1.1711430356e-06
1980,40,1603,1603,136,222,2,2,0.00187149095446,0.000623830318153,-1.16749279755e-06,1.00000000001,0.00187617041199,1.17041198502e-06
1980,40,1603,1603,136,226,2,2,0.00187149095446,0.000623830318153,-1.16749279755e-06,1.00000000001,0.00187617041199,1.17041198502e-06
1980,40,1603,1603,136,227,2,2,0.00187149095446,0.000623830318153,-1.16749279755e-06,1.00000000001,0.00187617041199,1.17041198502e-06
1980,40,1603,1603,136,232,2,2,0.00187149095446,0.000623830318153,-1.16749279755e-06,1.00000000001,0.00187617041199,1.17041198502e-06
1980,40,1603,1603,136,233,2,2,0.00187149095446,0.000623830318153,-1.16749279755e-06,1.00000000001,0.00187617041199,1.17041198502e-06
1980,40,1603,1603,136,240,2,2,0.00187149095446,0.00187149095446,-3.50247839265e-06,1.00000000001,0.005635546875,3.515625e-06
1980,40,1603,1603,136,244,2,2,0.00187149095446,0.000623830318153,-1.16749279755e-06,1.00000000001,0.00187617041199,1.17041198502e-06
1980,40,1603,1603,136,245,2,2,0.00187149095446,0.000623830318153,-1.16749279755e-06,1.00000000001,0.00187617041199,1.17041198502e-06
1980,40,1603,1603,140,15,2,2,0.000623830318153,0.000623830318153,-3.89164265702e-07,0.999999999625,0.000624609375609,3.89650265508e-07
1980,40,1603,1603,140,20,2,3,0.000623830318153,0.000623830318153,NaN,NaN,0.00124999902527,3.89893644812e-07
1980,40,1603,1603,140,22,2,2,0.000623830318153,0.00124766063631,-7.78328531736e-07,1.00000000005,0.00124999902527,7.79787289623e-07
1980,40,1603,1603,140,26,2,2,0.000623830318153,0.00374298190892,-2.3349855951e-06,1.00000000001,0.00375938967962,2.3452212599e-06
1980,40,1603,1603,140,33,2,2,0.000623830318153,0.000623830318153,-3.89164265702e-07,0.999999999625,0.000624609375609,3.89650265508e-07
1980,40,1603,1603,140,35,2,2,0.000623830318153,0.000623830318153,-3.89164265702e-07,0.999999999625,0.000624609375609,3.89650265508e-07
1980,40,1603,1603,140,46,2,3,0.000623830318153,0.000623830318153,NaN,NaN,0.00124999902527,3.89893644812e-07
1980,40,1603,1603,140,48,2,2,0.000623830318153,0.000623830318153,-3.89164265702e-07,0.999999999625,0.000624609375609,3.89650265508e-07
1980,40,1603,1603,140,49,2,2,0.000623830318153,0.000623830318153,-3.89164265702e-07,0.999999999625,0.000624609375609,3.89650265508e-07
1980,40,1603,1603,140,55,2,2,0.000623830318153,0.000623830318153,-3.89164265702e-07,0.999999999625,0.000624609375609,3.89650265508e-07
1980,40,1603,1603,140,60,2,2,0.000623830318153,0.000623830318153,-3.89164265702e-07,0.999999999625,0.000624609375609,3.89650265508e-07
1980,40,1603,1603,140,64,2,2,0.000623830318153,0.00249532127261,-1.55665706336e-06,0.999999999982,0.00250312500244,1.56152526665e-06
1980,40,1603,1603,140,73,2,2,0.000623830318153,0.000623830318153,-3.89164265702e-07,0.999999999625,0.000624609375609,3.89650265508e-07
1980,40,1603,1603,140,77,2,2,0.000623830318153,0.00374298190892,-2.3349855951e-06,1.00000000001,0.00375938967962,2.3452212599e-06
1980,40,1603,1603,140,94,2,2,0.000623830318153,0.000623830318153,-3.89164265702e-07,0.999999999625,0.000624609375609,3.89650265508e-07
1980,40,1603,1603,140,97,2,3,0.000623830318153,0.000623830318153,NaN,NaN,0.00124999902527,3.89893644812e-07
1980,40,1603,1603,140,101,2,2,0.000623830318153,0.00124766063631,-7.78328531736e-07,1.00000000005,0.00124999902527,7.79787289623e-07
1980,40,1603,1603,140,105,2,2,0.000623830318153,0.292576419214,-0.000182518040682,1.0,0.413838411862,0.000258164948136
1980,40,1603,1603,140,115,2,3,0.000623830318153,0.000623830318153,NaN,NaN,0.00124999902527,3.89893644812e-07
1980,40,1603,1603,140,123,2,3,0.000623830318153,0.000623830318153,NaN,NaN,0.00250312500244,7.80762633325e-07
1980,40,1603,1603,140,124,2,2,0.000623830318153,0.00187149095446,-1.16749279755e-06,1.00000000001,0.00187617041199,1.17041198502e-06
1980,40,1603,1603,140,130,2,2,0.000623830318153,0.000623830318153,-3.89164265702e-07,0.999999999625,0.000624609375609,3.89650265508e-07
1980,40,1603,1603,140,131,2,2,0.000623830318153,0.00124766063631,-7.78328531736e-07,1.00000000005,0.00124999902527,7.79787289623e-07
1980,40,1603,1603,140,140,2,3,0.000623830318153,0.00124766063631,NaN,NaN,0.00564969760196,1.76222632625e-06
1980,40,1603,1603,140,146,2,2,0.000623830318153,0.000623830318153,-3.89164265702e-07,0.999999999625,0.000624609375609,3.89650265508e-07
1980,40,1603,1603,140,149,2,2,0.000623830318153,0.000623830318153,-3.89164265702e-07,0.999999999625,0.000624609375609,3.89650265508e-07
1980,40,1603,1603,140,157,2,2,0.000623830318153,0.00124766063631,-7.78328531736e-07,1.00000000005,0.00124999902527,7.79787289623e-07
1980,40,1603,1603,140,159,2,2,0.000623830318153,0.00374298190892,-2.3349855951e-06,1.00000000001,0.00375938967962,2.3452212599e-06
1980,40,1603,1603,140,164,2,2,0.000623830318153,0.000623830318153,-3.89164265702e-07,0.999999999625,0.000624609375609,3.89650265508e-07
1980,40,1603,1603,140,167,2,2,0.000623830318153,0.00311915159077,-1.94582132917e-06,0.999999999968,0.00313086426698,1.95312805176e-06
1980,40,1603,1603,140,177,2,2,0.000623830318153,0.000623830318153,-3.89164265702e-07,0.999999999625,0.000624609375609,3.89650265508e-07
1980,40,1603,1602,140,186,2,2,0.000624219725343,0.000624219725343,-3.89650265498e-07,0.999999999974,0.000624999756164,3.90137176132e-07
1980,40,1603,1603,140,188,2,2,0.000623830318153,0.00623830318153,-3.89164265846e-06,0.999999999996,0.00628138242138,3.91851679437e-06
1980,40,1603,1603,140,192,2,3,0.000623830318153,0.000623830318153,NaN,NaN,0.00124999902527,3.89893644812e-07
1980,40,1603,1603,140,198,2,2,0.000623830318153,0.00311915159077,-1.94582132917e-06,0.999999999968,0.00313086426698,1.95312805176e-06
1980,40,1603,1603,140,200,2,2,0.000623830318153,0.00124766063631,-7.78328531736e-07,1.00000000005,0.00124999902527,7.79787289623e-07
1980,40,1603,1603,140,207,2,2,0.000623830318153,0.008109794136,-5.05913545601e-06,0.999999999998,0.00818120431222,5.10368328897e-06
1980,40,1603,1603,140,208,2,2,0.000623830318153,0.000623830318153,-3.89164265702e-07,0.999999999625,0.000624609375609,3.89650265508e-07
1980,40,1603,1603,140,211,2,2,0.000623830318153,0.000623830318153,-3.89164265702e-07,0.999999999625,0.000624609375609,3.89650265508e-07
1980,40,1603,1603,140,215,2,2,0.000623830318153,0.00124766063631,-7.78328531736e-07,1.00000000005,0.00124999902527,7.79787289623e-07
1980,40,1603,1603,140,218,2,3,0.000623830318153,0.00124766063631,NaN,NaN,0.00501880486383,1.56544131748e-06
1980,40,1603,1603,140,220,2,2,0.000623830318153,0.00124766063631,-7.78328531736e-07,1.00000000005,0.00124999902527,7.79787289623e-07
1980,40,1603,1603,140,221,2,3,0.000623830318153,0.000623830318153,NaN,NaN,0.00124999902527,3.89893644812e-07
1980,40,1603,1603,140,222,2,2,0.000623830318153,0.000623830318153,-3.89164265702e-07,0.999999999625,0.000624609375609,3.89650265508e-07
1980,40,1603,1603,140,226,2,2,0.000623830318153,0.000623830318153,-3.89164265702e-07,0.999999999625,0.000624609375609,3.89650265508e-07
1980,40,1603,1603,140,227,2,2,0.000623830318153,0.000623830318153,-3.89164265702e-07,0.999999999625,0.000624609375609,3.89650265508e-07
1980,40,1603,1603,140,232,2,2,0.000623830318153,0.000623830318153,-3.89164265702e-07,0.999999999625,0.000624609375609,3.89650265508e-07
1980,40,1603,1603,140,233,2,2,0.000623830318153,0.000623830318153,-3.89164265702e-07,0.999999999625,0.000624609375609,3.89650265508e-07
1980,40,1603,1603,140,240,2,2,0.000623830318153,0.00187149095446,-1.16749279755e-06,1.00000000001,0.00187617041199,1.17041198502e-06
1980,40,1603,1603,140,244,2,2,0.000623830318153,0.000623830318153,-3.89164265702e-07,0.999999999625,0.000624609375609,3.89650265508e-07
1980,40,1603,1603,140,245,2,2,0.000623830318153,0.000623830318153,-3.89164265702e-07,0.999999999625,0.000624609375609,3.89650265508e-07
1980,40,1603,1602,146,15,2,2,0.000624219725343,0.000624219725343,-3.89650265498e-07,0.999999999974,0.000624999756164,3.90137176132e-07
1980,40,1603,1602,146,20,2,3,0.000624219725343,0.000624219725343,NaN,NaN,0.00125078076202,3.90381011868e-07
1980,40,1603,1602,146,22,2,2,0.000624219725343,0.00124843945069,-7.79300530995e-07,0.999999999974,0.00125078076202,7.80762023735e-07
1980,40,1603,1602,146,26,2,2,0.000624219725343,0.00374531835206,-2.3379015931e-06,1.00000000002,0.0037617466527,2.34815646236e-06
1980,40,1603,1602,146,33,2,2,0.000624219725343,0.000624219725343,-3.89650265498e-07,0.999999999974,0.000624999756164,3.90137176132e-07
1980,40,1603,1602,146,35,2,2,0.000624219725343,0.000624219725343,-3.89650265498e-07,0.999999999974,0.000624999756164,3.90137176132e-07
1980,40,1603,1602,146,46,2,3,0.000624219725343,0.000624219725343,NaN,NaN,0.00125078076202,3.90381011868e-07
1980,40,1603,1602,146,48,2,2,0.000624219725343,0.000624219725343,-3.89650265498e-07,0.999999999974,0.000624999756164,3.90137176132e-07
1980,40,1603,1602,146,49,2,2,0.000624219725343,0.000624219725343,-3.89650265498e-07,0.999999999974,0.000624999756164,3.90137176132e-07
1980,40,1603,1602,146,55,2,2,0.000624219725343,0.000624219725343,-3.89650265498e-07,0.999999999974,0.000624999756164,3.90137176132e-07
1980,40,1603,1602,146,60,2,2,0.000624219725343,0.000624219725343,-3.89650265498e-07,0.999999999974,0.000624999756164,3.90137176132e-07
1980,40,1603,1602,146,64,2,2,0.000624219725343,0.00249687890137,-1.55860106199e-06,0.999999999974,0.00250469238953,1.56347839546e-06
1980,40,1603,1602,146,73,2,2,0.000624219725343,0.000624219725343,-3.89650265498e-07,0.999999999974,0.000624999756164,3.90137176132e-07
1980,40,1603,1602,146,77,2,2,0.000624219725343,0.00374531835206,-2.3379015931e-06,1.00000000002,0.0037617466527,2.34815646236e-06
1980,40,1603,1602,146,94,2,2,0.000624219725343,0.000624219725343,-3.89650265498e-07,0.999999999974,0.000624999756164,3.90137176132e-07
1980,40,1603,1602,146,97,2,3,0.000624219725343,0.000624219725343,NaN,NaN,0.00125078076202,3.90381011868e-07
1980,40,1603,1602,146,101,2,2,0.000624219725343,0.00124843945069,-7.79300530995e-07,0.999999999974,0.00125078076202,7.80762023735e-07
1980,40,1603,1602,146,105,2,2,0.000624219725343,0.292759051186,-0.000182745974523,1.0,0.414203832225,0.000258554202388
1980,40,1603,1602,146,115,2,3,0.000624219725343,0.000624219725343,NaN,NaN,0.00125078076202,3.90381011868e-07
1980,40,1603,1602,146,123,2,3,0.000624219725343,0.000624219725343,NaN,NaN,0.00250469238953,7.81739197732e-07
1980,40,1603,1602,146,124,2,2,0.000624219725343,0.00187265917603,-1.16895079649e-06,0.999999999974,0.00187734448334,1.17187545776e-06
1980,40,1603,1602,146,130,2,2,0.000624219725343,0.000624219725343,-3.89650265498e-07,0.999999999974,0.000624999756164,3.90137176132e-07
1980,40,1603,1602,146,131,2,2,0.000624219725343,0.00124843945069,-7.79300530995e-07,0.999999999974,0.00125078076202,7.80762023735e-07
1980,40,1603,1602,146,140,2,3,0.000624219725343,0.00124843945069,NaN,NaN,0.00565324638203,1.76443395194e-06
1980,40,1603,1602,146,146,2,2,0.000624219725343,0.000624219725343,-3.89650265498e-07,0.999999999974,0.000624999756164,3.90137176132e-07
1980,40,1603,1602,146,149,2,2,0.000624219725343,0.000624219725343,-3.89650265498e-07,0.999999999974,0.000624999756164,3.90137176132e-07
1980,40,1603,1602,146,157,2,2,0.000624219725343,0.00124843945069,-7.79300530995e-07,0.999999999974,0.00125078076202,7.80762023735e-07
1980,40,1603,1602,146,159,2,2,0.000624219725343,0.00374531835206,-2.3379015931e-06,1.00000000002,0.0037617466527,2.34815646236e-06
1980,40,1603,1602,146,164,2,2,0.000624219725343,0.000624219725343,-3.89650265498e-07,0.999999999974,0.000624999756164,3.90137176132e-07
1980,40,1603,1602,146,167,2,2,0.000624219725343,0.00312109862672,-1.94825132749e-06,0.999999999974,0.00313282595372,1.95557175638e-06
1980,40,1603,1602,146,177,2,2,0.000624219725343,0.000624219725343,-3.89650265498e-07,0.999999999974,0.000624999756164,3.90137176132e-07
1980,40,1603,1601,146,186,2,2,0.000624609618988,0.000624609618988,-3.90137176121e-07,0.999999999969,0.000625390625,3.90625e-07
1980,40,1603,1602,146,188,2,2,0.000624219725343,0.00624219725343,-3.89650265509e-06,1.0,0.00628533046243,3.92342725495e-06
1980,40,1603,1602,146,192,2,3,0.000624219725343,0.000624219725343,NaN,NaN,0.00125078076202,3.90381011868e-07
1980,40,1603,1602,146,198,2,2,0.000624219725343,0.00312109862672,-1.94825132749e-06,0.999999999974,0.00313282595372,1.95557175638e-06
1980,40,1603,1602,146,200,2,2,0.000624219725343,0.00124843945069,-7.79300530995e-07,0.999999999974,0.00125078076202,7.80762023735e-07
1980,40,1603,1602,146,207,2,2,0.000624219725343,0.00811485642946,-5.06545345158e-06,0.999999999996,0.0081863561517,5.11008498858e-06
1980,40,1603,1602,146,208,2,2,0.000624219725343,0.000624219725343,-3.89650265498e-07,0.999999999974,0.000624999756164,3.90137176132e-07
1980,40,1603,1602,146,211,2,2,0.000624219725343,0.000624219725343,-3.89650265498e-07,0.999999999974,0.000624999756164,3.90137176132e-07
1980,40,1603,1602,146,215,2,2,0.000624219725343,0.00124843945069,-7.79300530995e-07,0.999999999974,0.00125078076202,7.80762023735e-07
1980,40,1603,1602,146,218,2,3,0.000624219725343,0.00124843945069,NaN,NaN,0.00502195538077,1.56740180424e-06
1980,40,1603,1602,146,220,2,2,0.000624219725343,0.00124843945069,-7.79300530995e-07,0.999999999974,0.00125078076202,7.80762023735e-07
1980,40,1603,1602,146,221,2,3,0.000624219725343,0.000624219725343,NaN,NaN,0.00125078076202,3.90381011868e-07
1980,40,1603,1602,146,222,2,2,0.000624219725343,0.000624219725343,-3.89650265498e-07,0.999999999974,0.000624999756164,3.90137176132e-07
1980,40,1603,1602,146,226,2,2,0.000624219725343,0.000624219725343,-3.89650265498e-07,0.999999999974,0.000624999756164,3.90137176132e-07
1980,40,1603,1602,146,227,2,2,0.000624219725343,0.000624219725343,-3.89650265498e-07,0.999999999974,0.000624999756164,3.90137176132e-07
1980,40,1603,1602,146,232,2,2,0.000624219725343,0.000624219725343,-3.89650265498e-07,0.999999999974,0.000624999756164,3.90137176132e-07
1980,40,1603,1602,146,233,2,2,0.000624219725343,0.000624219725343,-3.89650265498e-07,0.999999999974,0.000624999756164,3.90137176132e-07
1980,40,1603,1602,146,240,2,2,0.000624219725343,0.00187265917603,-1.16895079649e-06,0.999999999974,0.00187734448334,1.17187545776e-06
1980,40,1603,1602,146,244,2,2,0.000624219725343,0.000624219725343,-3.89650265498e-07,0.999999999974,0.000624999756164,3.90137176132e-07
1980,40,1603,1602,146,245,2,2,0.000624219725343,0.000624219725343,-3.89650265498e-07,0.999999999974,0.000624999756164,3.90137176132e-07
1980,40,1603,1602,157,15,2,2,0.000624219725343,0.000624219725343,-3.89650265498e-07,0.999999999974,0.000624999756164,3.90137176132e-07
1980,40,1603,1602,157,20,2,3,0.000624219725343,0.000624219725343,NaN,NaN,0.00125078076202,3.90381011868e-07
1980,40,1603,1602,157,22,2,2,0.000624219725343,0.00124843945069,-7.79300530995e-07,0.999999999974,0.00125078076202,7.80762023735e-07
1980,40,1603,1602,157,26,2,2,0.000624219725343,0.00374531835206,-2.3379015931e-06,1.00000000002,0.0037617466527,2.34815646236e-06
1980,40,1603,1602,157,33,2,2,0.000624219725343,0.000624219725343,-3.89650265498e-07,0.999999999974,0.000624999756164,3.90137176132e-07
1980,40,1603,1602,157,35,2,2,0.000624219725343,0.000624219725343,-3.89650265498e-07,0.999999999974,0.000624999756164,3.90137176132e-07
1980,40,1603,1602,157,46,2,3,0.000624219725343,0.000624219725343,NaN,NaN,0.00125078076202,3.90381011868e-07
1980,40,1603,1602,157,48,2,2,0.000624219725343,0.000624219725343,-3.89650265498e-07,0.999999999974,0.000624999756164,3.90137176132e-07
1980,40,1603,1602,157,49,2,2,0.000624219725343,0.000624219725343,-3.89650265498e-07,0.999999999974,0.000624999756164,3.90137176132e-07
1980,40,1603,1602,157,55,2,2,0.000624219725343,0.000624219725343,-3.89650265498e-07,0.999999999974,0.000624999756164,3.90137176132e-07
1980,40,1603,1602,157,60,2,2,0.000624219725343,0.000624219725343,-3.89650265498e-07,0.999999999974,0.000624999756164,3.90137176132e-07
1980,40,1603,1602,157,64,2,2,0.000624219725343,0.00249687890137,-1.55860106199e-06,0.999999999974,0.00250469238953,1.56347839546e-06
1980,40,1603,1602,157,73,2,2,0.000624219725343,0.000624219725343,-3.89650265498e-07,0.999999999974,0.000624999756164,3.90137176132e-07
1980,40,1603,1602,157,77,2,2,0.000624219725343,0.00374531835206,-2.3379015931e-06,1.00000000002,0.0037617466527,2.34815646236e-06
1980,40,1603,1602,157,94,2,2,0.000624219725343,0.000624219725343,-3.89650265498e-07,0.999999999974,0.000624999756164,3.90137176132e-07
1980,40,1603,1602,157,97,2,3,0.000624219725343,0.000624219725343,NaN,NaN,0.00125078076202,3.90381011868e-07
1980,40,1603,1602,157,101,2,2,0.000624219725343,0.00124843945069,-7.79300530995e-07,0.999999999974,0.00125078076202,7.80762023735e-07
1980,40,1603,1602,157,105,2,2,0.000624219725343,0.292759051186,-0.000182745974523,1.0,0.414203832225,0.000258554202388
1980,40,1603,1602,157,115,2,3,0.000624219725343,0.000624219725343,NaN,NaN,0.00125078076202,3.90381011868e-07
1980,40,1603,1602,157,123,2,3,0.000624219725343,0.000624219725343,NaN,NaN,0.00250469238953,7.81739197732e-07
1980,40,1603,1602,157,124,2,2,0.000624219725343,0.00187265917603,-1.16895079649e-06,0.999999999974,0.00187734448334,1.17187545776e-06
1980,40,1603,1602,157,130,2,2,0.000624219725343,0.000624219725343,-3.89650265498e-07,0.999999999974,0.000624999756164,3.90137176132e-07
1980,40,1603,1602,157,131,2,2,0.000624219725343,0.00124843945069,-7.79300530995e-07,0.999999999974,0.00125078076202,7.80762023735e-07
1980,40,1603,1602,157,140,2,3,0.000624219725343,0.00124843945069,NaN,NaN,0.00565324638203,1.76443395194e-06
1980,40,1603,1602,157,146,2,2,0.000624219725343,0.000624219725343,-3.89650265498e-07,0.999999999974,0.000624999756164,3.90137176132e-07
1980,40,1603,1602,157,149,2,2,0.000624219725343,0.000624219725343,-3.89650265498e-07,0.999999999974,0.000624999756164,3.90137176132e-07
1980,40,1603,1602,157,157,2,2,0.000624219725343,0.00124843945069,-7.79300530995e-07,0.999999999974,0.00125078076202,7.80762023735e-07
1980,40,1603,1602,157,159,2,2,0.000624219725343,0.00374531835206,-2.3379015931e-06,1.00000000002,0.0037617466527,2.34815646236e-06
1980,40,1603,1602,157,164,2,2,0.000624219725343,0.000624219725343,-3.89650265498e-07,0.999999999974,0.000624999756164,3.90137176132e-07
1980,40,1603,1602,157,167,2,2,0.000624219725343,0.00312109862672,-1.94825132749e-06,0.999999999974,0.00313282595372,1.95557175638e-06
1980,40,1603,1602,157,177,2,2,0.000624219725343,0.000624219725343,-3.89650265498e-07,0.999999999974,0.000624999756164,3.90137176132e-07
1980,40,1603,1601,157,186,2,2,0.000624609618988,0.000624609618988,-3.90137176121e-07,0.999999999969,0.000625390625,3.90625e-07
1980,40,1603,1602,157,188,2,2,0.000624219725343,0.00624219725343,-3.89650265509e-06,1.0,0.00628533046243,3.92342725495e-06
1980,40,1603,1602,157,192,2,3,0.000624219725343,0.000624219725343,NaN,NaN,0.00125078076202,3.90381011868e-07
1980,40,1603,1602,157,198,2,2,0.000624219725343,0.00312109862672,-1.94825132749e-06,0.999999999974,0.00313282595372,1.95557175638e-06
1980,40,1603,1602,157,200,2,2,0.000624219725343,0.00124843945069,-7.79300530995e-07,0.999999999974,0.00125078076202,7.80762023735e-07
1980,40,1603,1602,157,207,2,2,0.000624219725343,0.00811485642946,-5.06545345158e-06,0.999999999996,0.0081863561517,5.11008498858e-06
1980,40,1603,1602,157,208,2,2,0.000624219725343,0.000624219725343,-3.89650265498e-07,0.999999999974,0.000624999756164,3.90137176132e-07
1980,40,1603,1602,157,211,2,2,0.000624219725343,0.000624219725343,-3.89650265498e-07,0.999999999974,0.000624999756164,3.90137176132e-07
1980,40,1603,1602,157,215,2,2,0.000624219725343,0.00124843945069,-7.79300530995e-07,0.999999999974,0.00125078076202,7.80762023735e-07
1980,40,1603,1602,157,218,2,3,0.000624219725343,0.00124843945069,NaN,NaN,0.00502195538077,1.56740180424e-06
1980,40,1603,1602,157,220,2,2,0.000624219725343,0.00124843945069,-7.79300530995e-07,0.999999999974,0.00125078076202,7.80762023735e-07
1980,40,1603,1602,157,221,2,3,0.000624219725343,0.000624219725343,NaN,NaN,0.00125078076202,3.90381011868e-07
1980,40,1603,1602,157,222,2,2,0.000624219725343,0.000624219725343,-3.89650265498e-07,0.999999999974,0.000624999756164,3.90137176132e-07
1980,40,1603,1602,157,226,2,2,0.000624219725343,0.000624219725343,-3.89650265498e-07,0.999999999974,0.000624999756164,3.90137176132e-07
1980,40,1603,1602,157,227,2,2,0.000624219725343,0.000624219725343,-3.89650265498e-07,0.999999999974,0.000624999756164,3.90137176132e-07
1980,40,1603,1602,157,232,2,2,0.000624219725343,0.000624219725343,-3.89650265498e-07,0.999999999974,0.000624999756164,3.90137176132e-07
1980,40,1603,1602,157,233,2,2,0.000624219725343,0.000624219725343,-3.89650265498e-07,0.999999999974,0.000624999756164,3.90137176132e-07
1980,40,1603,1602,157,240,2,2,0.000624219725343,0.00187265917603,-1.16895079649e-06,0.999999999974,0.00187734448334,1.17187545776e-06
1980,40,1603,1602,157,244,2,2,0.000624219725343,0.000624219725343,-3.89650265498e-07,0.999999999974,0.000624999756164,3.90137176132e-07
1980,40,1603,1602,157,245,2,2,0.000624219725343,0.000624219725343,-3.89650265498e-07,0.999999999974,0.000624999756164,3.90137176132e-07
1980,40,1603,1602,158,15,3,2,0.000624219725343,0.000624219725343,NaN,NaN,0.00125078076202,3.90381011868e-07
1980,40,1603,1602,158,20,3,3,0.000624219725343,0.000624219725343,NaN,NaN,0.002503125,3.90625e-07
1980,40,1603,1602,158,22,3,2,0.000624219725343,0.00124843945069,NaN,NaN,0.002503125,7.8125e-07
1980,40,1603,1602,158,26,3,2,0.000624219725343,0.00374531835206,NaN,NaN,0.00752819548872,2.34962406015e-06
1980,40,1603,1602,158,33,3,2,0.000624219725343,0.000624219725343,NaN,NaN,0.00125078076202,3.90381011868e-07
1980,40,1603,1602,158,35,3,2,0.000624219725343,0.000624219725343,NaN,NaN,0.00125078076202,3.90381011868e-07
1980,40,1603,1602,158,46,3,3,0.000624219725343,0.000624219725343,NaN,NaN,0.002503125,3.90625e-07
1980,40,1603,1602,158,48,3,2,0.000624219725343,0.000624219725343,NaN,NaN,0.00125078076202,3.90381011868e-07
1980,40,1603,1602,158,49,3,2,0.000624219725343,0.000624219725343,NaN,NaN,0.00125078076202,3.90381011868e-07
1980,40,1603,1602,158,55,3,2,0.000624219725343,0.000624219725343,NaN,NaN,0.00125078076202,3.90381011868e-07
1980,40,1603,1602,158,60,3,2,0.000624219725343,0.000624219725343,NaN,NaN,0.00125078076202,3.90381011868e-07
1980,40,1603,1602,158,64,3,2,0.000624219725343,0.00249687890137,NaN,NaN,0.00501251564456,1.56445556946e-06
1980,40,1603,1602,158,73,3,2,0.000624219725343,0.000624219725343,NaN,NaN,0.00125078076202,3.90381011868e-07
1980,40,1603,1602,158,77,3,2,0.000624219725343,0.00374531835206,NaN,NaN,0.00752819548872,2.34962406015e-06
1980,40,1603,1602,158,94,3,2,0.000624219725343,0.000624219725343,NaN,NaN,0.00125078076202,3.90381011868e-07
1980,40,1603,1602,158,97,3,3,0.000624219725343,0.000624219725343,NaN,NaN,0.002503125,3.90625e-07
1980,40,1603,1602,158,101,3,2,0.000624219725343,0.00124843945069,NaN,NaN,0.002503125,7.8125e-07
1980,40,1603,1602,158,105,3,2,0.000624219725343,0.292759051186,NaN,NaN,0.828925419241,0.000258715798764
1980,40,1603,1602,158,115,3,3,0.000624219725343,0.000624219725343,NaN,NaN,0.002503125,3.90625e-07
1980,40,1603,1602,158,123,3,3,0.000624219725343,0.000624219725343,NaN,NaN,0.00501251564456,7.82227784731e-07
1980,40,1603,1602,158,124,3,2,0.000624219725343,0.00187265917603,NaN,NaN,0.00375703564728,1.17260787992e-06
1980,40,1603,1602,158,130,3,2,0.000624219725343,0.000624219725343,NaN,NaN,0.00125078076202,3.90381011868e-07
1980,40,1603,1602,158,131,3,2,0.000624219725343,0.00124843945069,NaN,NaN,0.002503125,7.8125e-07
1980,40,1603,1602,158,140,3,3,0.000624219725343,0.00124843945069,NaN,NaN,0.011313559322,1.76553672316e-06
1980,40,1603,1602,158,146,3,2,0.000624219725343,0.000624219725343,NaN,NaN,0.00125078076202,3.90381011868e-07
1980,40,1603,1602,158,149,3,2,0.000624219725343,0.000624219725343,NaN,NaN,0.00125078076202,3.90381011868e-07
1980,40,1603,1602,158,157,3,2,0.000624219725343,0.00124843945069,NaN,NaN,0.002503125,7.8125e-07
1980,40,1603,1602,158,159,3,2,0.000624219725343,0.00374531835206,NaN,NaN,0.00752819548872,2.34962406015e-06
1980,40,1603,1602,158,164,3,2,0.000624219725343,0.000624219725343,NaN,NaN,0.00125078076202,3.90381011868e-07
1980,40,1603,1602,158,167,3,2,0.000624219725343,0.00312109862672,NaN,NaN,0.00626956793989,1.95679398873e-06
1980,40,1603,1602,158,177,3,2,0.000624219725343,0.000624219725343,NaN,NaN,0.00125078076202,3.90381011868e-07
1980,40,1603,1601,158,186,3,2,0.000624609618988,0.000624609618988,NaN,NaN,0.00125156347717,3.90869293308e-07
1980,40,1603,1602,158,188,3,2,0.000624219725343,0.00624219725343,NaN,NaN,0.0125785175879,3.92587939698e-06
1980,40,1603,1602,158,192,3,3,0.000624219725343,0.000624219725343,NaN,NaN,0.002503125,3.90625e-07
1980,40,1603,1602,158,198,3,2,0.000624219725343,0.00312109862672,NaN,NaN,0.00626956793989,1.95679398873e-06
1980,40,1603,1602,158,200,3,2,0.000624219725343,0.00124843945069,NaN,NaN,0.002503125,7.8125e-07
1980,40,1603,1602,158,207,3,2,0.000624219725343,0.00811485642946,NaN,NaN,0.0163829452486,5.11327879169e-06
1980,40,1603,1602,158,208,3,2,0.000624219725343,0.000624219725343,NaN,NaN,0.00125078076202,3.90381011868e-07
1980,40,1603,1602,158,211,3,2,0.000624219725343,0.000624219725343,NaN,NaN,0.00125078076202,3.90381011868e-07
1980,40,1603,1602,158,215,3,2,0.000624219725343,0.00124843945069,NaN,NaN,0.002503125,7.8125e-07
1980,40,1603,1602,158,218,3,3,0.000624219725343,0.00124843945069,NaN,NaN,0.0100501882058,1.56838143036e-06
1980,40,1603,1602,158,220,3,2,0.000624219725343,0.00124843945069,NaN,NaN,0.002503125,7.8125e-07
1980,40,1603,1602,158,221,3,3,0.000624219725343,0.000624219725343,NaN,NaN,0.002503125,3.90625e-07
1980,40,1603,1602,158,222,3,2,0.000624219725343,0.000624219725343,NaN,NaN,0.00125078076202,3.90381011868e-07
1980,40,1603,1602,158,226,3,2,0.000624219725343,0.000624219725343,NaN,NaN,0.00125078076202,3.90381011868e-07
1980,40,1603,1602,158,227,3,2,0.000624219725343,0.000624219725343,NaN,NaN,0.00125078076202,3.90381011868e-07
1980,40,1603,1602,158,232,3,2,0.000624219725343,0.000624219725343,NaN,NaN,0.00125078076202,3.90381011868e-07
1980,40,1603,1602,158,233,3,2,0.000624219725343,0.000624219725343,NaN,NaN,0.00125078076202,3.90381011868e-07
1980,40,1603,1602,158,240,3,2,0.000624219725343,0.00187265917603,NaN,NaN,0.00375703564728,1.17260787992e-06
1980,40,1603,1602,158,244,3,2,0.000624219725343,0.000624219725343,NaN,NaN,0.00125078076202,3.90381011868e-07
1980,40,1603,1602,158,245,3,2,0.000624219725343,0.000624219725343,NaN,NaN,0.00125078076202,3.90381011868e-07
1980,40,1603,1602,162,15,2,2,0.000624219725343,0.000624219725343,-3.89650265498e-07,0.999999999974,0.000624999756164,3.90137176132e-07
1980,40,1603,1602,162,20,2,3,0.000624219725343,0.000624219725343,NaN,NaN,0.00125078076202,3.90381011868e-07
1980,40,1603,1602,162,22,2,2,0.000624219725343,0.00124843945069,-7.79300530995e-07,0.999999999974,0.00125078076202,7.80762023735e-07
1980,40,1603,1602,162,26,2,2,0.000624219725343,0.00374531835206,-2.3379015931e-06,1.00000000002,0.0037617466527,2.34815646236e-06
1980,40,1603,1602,162,33,2,2,0.000624219725343,0.000624219725343,-3.89650265498e-07,0.999999999974,0.000624999756164,3.90137176132e-07
1980,40,1603,1602,162,35,2,2,0.000624219725343,0.000624219725343,-3.89650265498e-07,0.999999999974,0.000624999756164,3.90137176132e-07
1980,40,1603,1602,162,46,2,3,0.000624219725343,0.000624219725343,NaN,NaN,0.00125078076202,3.90381011868e-07
1980,40,1603,1602,162,48,2,2,0.000624219725343,0.000624219725343,-3.89650265498e-07,0.999999999974,0.000624999756164,3.90137176132e-07
1980,40,1603,1602,162,49,2,2,0.000624219725343,0.000624219725343,-3.89650265498e-07,0.999999999974,0.000624999756164,3.90137176132e-07
1980,40,1603,1602,162,55,2,2,0.000624219725343,0.000624219725343,-3.89650265498e-07,0.999999999974,0.000624999756164,3.90137176132e-07
1980,40,1603,1602,162,60,2,2,0.000624219725343,0.000624219725343,-3.89650265498e-07,0.999999999974,0.000624999756164,3.90137176132e-07
1980,40,1603,1602,162,64,2,2,0.000624219725343,0.00249687890137,-1.55860106199e-06,0.999999999974,0.00250469238953,1.56347839546e-06
1980,40,1603,1602,162,73,2,2,0.000624219725343,0.000624219725343,-3.89650265498e-07,0.999999999974,0.000624999756164,3.90137176132e-07
1980,40,1603,1602,162,77,2,2,0.000624219725343,0.00374531835206,-2.3379015931e-06,1.00000000002,0.0037617466527,2.34815646236e-06
1980,40,1603,1602,162,94,2,2,0.000624219725343,0.000624219725343,-3.89650265498e-07,0.999999999974,0.000624999756164,3.90137176132e-07
1980,40,1603,1602,162,97,2,3,0.000624219725343,0.000624219725343,NaN,NaN,0.00125078076202,3.90381011868e-07
1980,40,1603,1602,162,101,2,2,0.000624219725343,0.00124843945069,-7.79300530995e-07,0.999999999974,0.00125078076202,7.80762023735e-07
1980,40,1603,1602,162,105,2,2,0.000624219725343,0.292759051186,-0.000182745974523,1.0,0.414203832225,0.000258554202388
1980,40,1603,1602,162,115,2,3,0.000624219725343,0.000624219725343,NaN,NaN,0.00125078076202,3.90381011868e-07
1980,40,1603,1602,162,123,2,3,0.000624219725343,0.000624219725343,NaN,NaN,0.00250469238953,7.81739197732e-07
1980,40,1603,1602,162,124,2,2,0.000624219725343,0.00187265917603,-1.16895079649e-06,0.999999999974,0.00187734448334,1.17187545776e-06
1980,40,1603,1602,162,130,2,2,0.000624219725343,0.000624219725343,-3.89650265498e-07,0.999999999974,0.000624999756164,3.90137176132e-07
1980,40,1603,1602,162,131,2,2,0.000624219725343,0.00124843945069,-7.79300530995e-07,0.999999999974,0.00125078076202,7.80762023735e-07
1980,40,1603,1602,162,140,2,3,0.000624219725343,0.00124843945069,NaN,NaN,0.00565324638203,1.76443395194e-06
1980,40,1603,1602,162,146,2,2,0.000624219725343,0.000624219725343,-3.89650265498e-07,0.999999999974,0.000624999756164,3.90137176132e-07
1980,40,1603,1602,162,149,2,2,0.000624219725343,0.000624219725343,-3.89650265498e-07,0.999999999974,0.000624999756164,3.90137176132e-07
1980,40,1603,1602,162,157,2,2,0.000624219725343,0.00124843945069,-7.79300530995e-07,0.999999999974,0.00125078076202,7.80762023735e-07
1980,40,1603,1602,162,159,2,2,0.000624219725343,0.00374531835206,-2.3379015931e-06,1.00000000002,0.0037617466527,2.34815646236e-06
1980,40,1603,1602,162,164,2,2,0.000624219725343,0.000624219725343,-3.89650265498e-07,0.999999999974,0.000624999756164,3.90137176132e-07
1980,40,1603,1602,162,167,2,2,0.000624219725343,0.00312109862672,-1.94825132749e-06,0.999999999974,0.00313282595372,1.95557175638e-06
1980,40,1603,1602,162,177,2,2,0.000624219725343,0.000624219725343,-3.89650265498e-07,0.999999999974,0.000624999756164,3.90137176132e-07
1980,40,1603,1601,162,186,2,2,0.000624609618988,0.000624609618988,-3.90137176121e-07,0.999999999969,0.000625390625,3.90625e-07
1980,40,1603,1602,162,188,2,2,0.000624219725343,0.00624219725343,-3.89650265509e-06,1.0,0.00628533046243,3.92342725495e-06
1980,40,1603,1602,162,192,2,3,0.000624219725343,0.000624219725343,NaN,NaN,0.00125078076202,3.90381011868e-07
1980,40,1603,1602,162,198,2,2,0.000624219725343,0.00312109862672,-1.94825132749e-06,0.999999999974,0.00313282595372,1.95557175638e-06
1980,40,1603,1602,162,200,2,2,0.000624219725343,0.00124843945069,-7.79300530995e-07,0.999999999974,0.00125078076202,7.80762023735e-07
1980,40,1603,1602,162,207,2,2,0.000624219725343,0.00811485642946,-5.06545345158e-06,0.999999999996,0.0081863561517,5.11008498858e-06
1980,40,1603,1602,162,208,2,2,0.000624219725343,0.000624219725343,-3.89650265498e-07,0.999999999974,0.000624999756164,3.90137176132e-07
1980,40,1603,1602,162,211,2,2,0.000624219725343,0.000624219725343,-3.89650265498e-07,0.999999999974,0.000624999756164,3.90137176132e-07
1980,40,1603,1602,162,215,2,2,0.000624219725343,0.00124843945069,-7.79300530995e-07,0.999999999974,0.00125078076202,7.80762023735e-07
1980,40,1603,1602,162,218,2,3,0.000624219725343,0.00124843945069,NaN,NaN,0.00502195538077,1.56740180424e-06
1980,40,1603,1602,162,220,2,2,0.000624219725343,0.00124843945069,-7.79300530995e-07,0.999999999974,0.00125078076202,7.80762023735e-07
1980,40,1603,1602,162,221,2,3,0.000624219725343,0.000624219725343,NaN,NaN,0.00125078076202,3.90381011868e-07
1980,40,1603,1602,162,222,2,2,0.000624219725343,0.000624219725343,-3.89650265498e-07,0.999999999974,0.000624999756164,3.90137176132e-07
1980,40,1603,1602,162,226,2,2,0.000624219725343,0.000624219725343,-3.89650265498e-07,0.999999999974,0.000624999756164,3.90137176132e-07
1980,40,1603,1602,162,227,2,2,0.000624219725343,0.000624219725343,-3.89650265498e-07,0.999999999974,0.000624999756164,3.90137176132e-07
1980,40,1603,1602,162,232,2,2,0.000624219725343,0.000624219725343,-3.89650265498e-07,0.999999999974,0.000624999756164,3.90137176132e-07
1980,40,1603,1602,162,233,2,2,0.000624219725343,0.000624219725343,-3.89650265498e-07,0.999999999974,0.000624999756164,3.90137176132e-07
1980,40,1603,1602,162,240,2,2,0.000624219725343,0.00187265917603,-1.16895079649e-06,0.999999999974,0.00187734448334,1.17187545776e-06
1980,40,1603,1602,162,244,2,2,0.000624219725343,0.000624219725343,-3.89650265498e-07,0.999999999974,0.000624999756164,3.90137176132e-07
1980,40,1603,1602,162,245,2,2,0.000624219725343,0.000624219725343,-3.89650265498e-07,0.999999999974,0.000624999756164,3.90137176132e-07
1980,40,1603,1602,163,15,2,2,0.00187265917603,0.000624219725343,-1.16895079649e-06,0.999999999974,0.00187734448334,1.17187545776e-06
1980,40,1603,1602,163,20,2,3,0.00187265917603,0.000624219725343,NaN,NaN,0.00375703564728,1.17260787992e-06
1980,40,1603,1602,163,22,2,2,0.00187265917603,0.00124843945069,-2.3379015931e-06,1.00000000002,0.00375703564728,2.34521575985e-06
1980,40,1603,1602,163,26,2,2,0.00187265917603,0.00374531835206,-7.01370477918e-06,1.00000000001,0.0112993553302,7.05328048075e-06
1980,40,1603,1602,163,33,2,2,0.00187265917603,0.000624219725343,-1.16895079649e-06,0.999999999974,0.00187734448334,1.17187545776e-06
1980,40,1603,1602,163,35,2,2,0.00187265917603,0.000624219725343,-1.16895079649e-06,0.999999999974,0.00187734448334,1.17187545776e-06
1980,40,1603,1602,163,46,2,3,0.00187265917603,0.000624219725343,NaN,NaN,0.00375703564728,1.17260787992e-06
1980,40,1603,1602,163,48,2,2,0.00187265917603,0.000624219725343,-1.16895079649e-06,0.999999999974,0.00187734448334,1.17187545776e-06
1980,40,1603,1602,163,49,2,2,0.00187265917603,0.000624219725343,-1.16895079649e-06,0.999999999974,0.00187734448334,1.17187545776e-06
1980,40,1603,1602,163,55,2,2,0.00187265917603,0.000624219725343,-1.16895079649e-06,0.999999999974,0.00187734448334,1.17187545776e-06
1980,40,1603,1602,163,60,2,2,0.00187265917603,0.000624219725343,-1.16895079649e-06,0.999999999974,0.00187734448334,1.17187545776e-06
1980,40,1603,1602,163,64,2,2,0.00187265917603,0.00249687890137,-4.67580318608e-06,0.999999999998,0.00752347563911,4.69630189707e-06
1980,40,1603,1602,163,73,2,2,0.00187265917603,0.000624219725343,-1.16895079649e-06,0.999999999974,0.00187734448334,1.17187545776e-06
1980,40,1603,1602,163,77,2,2,0.00187265917603,0.00374531835206,-7.01370477918e-06,1.00000000001,0.0112993553302,7.05328048075e-06
1980,40,1603,1602,163,94,2,2,0.00187265917603,0.000624219725343,-1.16895079649e-06,0.999999999974,0.00187734448334,1.17187545776e-06
1980,40,1603,1602,163,97,2,3,0.00187265917603,0.000624219725343,NaN,NaN,0.00375703564728,1.17260787992e-06
1980,40,1603,1602,163,101,2,2,0.00187265917603,0.00124843945069,-2.3379015931e-06,1.00000000002,0.00375703564728,2.34521575985e-06
1980,40,1603,1602,163,105,2,2,0.00187265917603,0.292759051186,0.00132442125246,1.0,7.26093200574,0.00453241698236
1980,40,1603,1602,163,115,2,3,0.00187265917603,0.000624219725343,NaN,NaN,0.00375703564728,1.17260787992e-06
1980,40,1603,1602,163,123,2,3,0.00187265917603,0.000624219725343,NaN,NaN,0.00752347563911,2.34815094854e-06
1980,40,1603,1602,163,124,2,2,0.00187265917603,0.00187265917603,-3.50685238959e-06,1.00000000001,0.0056390778946,3.52002365456e-06
1980,40,1603,1602,163,130,2,2,0.00187265917603,0.000624219725343,-1.16895079649e-06,0.999999999974,0.00187734448334,1.17187545776e-06
1980,40,1603,1602,163,131,2,2,0.00187265917603,0.00124843945069,-2.3379015931e-06,1.00000000002,0.00375703564728,2.34521575985e-06
1980,40,1603,1602,163,140,2,3,0.00187265917603,0.00124843945069,NaN,NaN,0.0169809520781,5.29992262113e-06
1980,40,1603,1602,163,146,2,2,0.00187265917603,0.000624219725343,-1.16895079649e-06,0.999999999974,0.00187734448334,1.17187545776e-06
1980,40,1603,1602,163,149,2,2,0.00187265917603,0.000624219725343,-1.16895079649e-06,0.999999999974,0.00187734448334,1.17187545776e-06
1980,40,1603,1602,163,157,2,2,0.00187265917603,0.00124843945069,-2.3379015931e-06,1.00000000002,0.00375703564728,2.34521575985e-06
1980,40,1603,1602,163,159,2,2,0.00187265917603,0.00374531835206,-7.01370477918e-06,1.00000000001,0.0112993553302,7.05328048075e-06
1980,40,1603,1602,163,164,2,2,0.00187265917603,0.000624219725343,-1.16895079649e-06,0.999999999974,0.00187734448334,1.17187545776e-06
1980,40,1603,1602,163,167,2,2,0.00187265917603,0.00312109862672,-5.84475398258e-06,0.999999999993,0.00941023330565,5.87405324947e-06
1980,40,1603,1602,163,177,2,2,0.00187265917603,0.000624219725343,-1.16895079649e-06,0.999999999974,0.00187734448334,1.17187545776e-06
1980,40,1603,1601,163,186,2,2,0.00187382885696,0.000624609618988,-1.17041152836e-06,0.999999999969,0.00187852002503,1.1733416771e-06
1980,40,1603,1602,163,188,2,2,0.00187265917603,0.00624219725343,-1.16895079653e-05,1.0,0.018879576117,1.17850038183e-05
1980,40,1603,1602,163,192,2,3,0.00187265917603,0.000624219725343,NaN,NaN,0.00375703564728,1.17260787992e-06
1980,40,1603,1602,163,198,2,2,0.00187265917603,0.00312109862672,-5.84475398258e-06,0.999999999993,0.00941023330565,5.87405324947e-06
1980,40,1603,1602,163,200,2,2,0.00187265917603,0.00124843945069,-2.3379015931e-06,1.00000000002,0.00375703564728,2.34521575985e-06
1980,40,1603,1602,163,207,2,2,0.00187265917603,0.00811485642946,-1.51963603549e-05,1.0,0.0245897864894,1.53494297687e-05
1980,40,1603,1602,163,208,2,2,0.00187265917603,0.000624219725343,-1.16895079649e-06,0.999999999974,0.00187734448334,1.17187545776e-06
1980,40,1603,1602,163,211,2,2,0.00187265917603,0.000624219725343,-1.16895079649e-06,0.999999999974,0.00187734448334,1.17187545776e-06
1980,40,1603,1602,163,215,2,2,0.00187265917603,0.00124843945069,-2.3379015931e-06,1.00000000002,0.00375703564728,2.34521575985e-06
1980,40,1603,1602,163,218,2,3,0.00187265917603,0.00124843945069,NaN,NaN,0.0150847102526,4.70808684537e-06
1980,40,1603,1602,163,220,2,2,0.00187265917603,0.00124843945069,-2.3379015931e-06,1.00000000002,0.00375703564728,2.34521575985e-06
1980,40,1603,1602,163,221,2,3,0.00187265917603,0.000624219725343,NaN,NaN,0.00375703564728,1.17260787992e-06
1980,40,1603,1602,163,222,2,2,0.00187265917603,0.000624219725343,-1.16895079649e-06,0.999999999974,0.00187734448334,1.17187545776e-06
1980,40,1603,1602,163,226,2,2,0.00187265917603,0.000624219725343,-1.16895079649e-06,0.999999999974,0.00187734448334,1.17187545776e-06
1980,40,1603,1602,163,227,2,2,0.00187265917603,0.000624219725343,-1.16895079649e-06,0.999999999974,0.00187734448334,1.17187545776e-06
1980,40,1603,1602,163,232,2,2,0.00187265917603,0.000624219725343,-1.16895079649e-06,0.999999999974,0.00187734448334,1.17187545776e-06
1980,40,1603,1602,163,233,2,2,0.00187265917603,0.000624219725343,-1.16895079649e-06,0.999999999974,0.00187734448334,1.17187545776e-06
1980,40,1603,1602,163,240,2,2,0.00187265917603,0.00187265917603,-3.50685238959e-06,1.00000000001,0.0056390778946,3.52002365456e-06
1980,40,1603,1602,163,244,2,2,0.00187265917603,0.000624219725343,-1.16895079649e-06,0.999999999974,0.00187734448334,1.17187545776e-06
1980,40,1603,1602,163,245,2,2,0.00187265917603,0.000624219725343,-1.16895079649e-06,0.999999999974,0.00187734448334,1.17187545776e-06
1980,40,1603,1600,172,15,2,2,0.001875,0.000625,-1.17187500004e-06,1.00000000003,0.00187969703983,1.17481064989e-06
1980,40,1603,1600,172,20,2,3,0.001875,0.000625,NaN,NaN,0.00376174664166,1.17554582552e-06
1980,40,1603,1600,172,22,2,2,0.001875,0.00125,-2.34375000008e-06,1.00000000003,0.00376174664166,2.35109165104e-06
1980,40,1603,1600,172,26,2,2,0.001875,0.00375,-7.03125000001e-06,1.0,0.0113135592222,7.07097451385e-06
1980,40,1603,1600,172,33,2,2,0.001875,0.000625,-1.17187500004e-06,1.00000000003,0.00187969703983,1.17481064989e-06
1980,40,1603,1600,172,35,2,2,0.001875,0.000625,-1.17187500004e-06,1.00000000003,0.00187969703983,1.17481064989e-06
1980,40,1603,1600,172,46,2,3,0.001875,0.000625,NaN,NaN,0.00376174664166,1.17554582552e-06
1980,40,1603,1600,172,48,2,2,0.001875,0.000625,-1.17187500004e-06,1.00000000003,0.00187969703983,1.17481064989e-06
1980,40,1603,1600,172,49,2,2,0.001875,0.000625,-1.17187500004e-06,1.00000000003,0.00187969703983,1.17481064989e-06
1980,40,1603,1600,172,55,2,2,0.001875,0.000625,-1.17187500004e-06,1.00000000003,0.00187969703983,1.17481064989e-06
1980,40,1603,1600,172,60,2,2,0.001875,0.000625,-1.17187500004e-06,1.00000000003,0.00187969703983,1.17481064989e-06
1980,40,1603,1600,172,64,2,2,0.001875,0.0025,-4.68750000016e-06,1.00000000003,0.00753292121977,4.70807576236e-06
1980,40,1603,1600,172,73,2,2,0.001875,0.000625,-1.17187500004e-06,1.00000000003,0.00187969703983,1.17481064989e-06
1980,40,1603,1600,172,77,2,2,0.001875,0.00375,-7.03125000001e-06,1.0,0.0113135592222,7.07097451385e-06
1980,40,1603,1600,172,94,2,2,0.001875,0.000625,-1.17187500004e-06,1.00000000003,0.00187969703983,1.17481064989e-06
1980,40,1603,1600,172,97,2,3,0.001875,0.000625,NaN,NaN,0.00376174664166,1.17554582552e-06
1980,40,1603,1600,172,101,2,2,0.001875,0.00125,-2.34375000008e-06,1.00000000003,0.00376174664166,2.35109165104e-06
1980,40,1603,1600,172,105,2,2,0.001875,0.293125,-0.000549609375,1.0,1.24636877169,0.000778980482304
1980,40,1603,1600,172,115,2,3,0.001875,0.000625,NaN,NaN,0.00376174664166,1.17554582552e-06
1980,40,1603,1600,172,123,2,3,0.001875,0.000625,NaN,NaN,0.00753292121977,2.35403788118e-06
1980,40,1603,1600,172,124,2,2,0.001875,0.001875,-3.51562500012e-06,1.00000000003,0.00564615322484,3.52884576552e-06
1980,40,1603,1600,172,130,2,2,0.001875,0.000625,-1.17187500004e-06,1.00000000003,0.00187969703983,1.17481064989e-06
1980,40,1603,1600,172,131,2,2,0.001875,0.00125,-2.34375000008e-06,1.00000000003,0.00376174664166,2.35109165104e-06
1980,40,1603,1600,172,140,2,3,0.001875,0.00125,NaN,NaN,0.0170023382151,5.31323069221e-06
1980,40,1603,1600,172,146,2,2,0.001875,0.000625,-1.17187500004e-06,1.00000000003,0.00187969703983,1.17481064989e-06
1980,40,1603,1600,172,149,2,2,0.001875,0.000625,-1.17187500004e-06,1.00000000003,0.00187969703983,1.17481064989e-06
1980,40,1603,1600,172,157,2,2,0.001875,0.00125,-2.34375000008e-06,1.00000000003,0.00376174664166,2.35109165104e-06
1980,40,1603,1600,172,159,2,2,0.001875,0.00375,-7.03125000001e-06,1.0,0.0113135592222,7.07097451385e-06
1980,40,1603,1600,172,164,2,2,0.001875,0.000625,-1.17187500004e-06,1.00000000003,0.00187969703983,1.17481064989e-06
1980,40,1603,1600,172,167,2,2,0.001875,0.003125,-5.85937499997e-06,0.999999999995,0.00942205506799,5.88878441749e-06
1980,40,1603,1600,172,177,2,2,0.001875,0.000625,-1.17187500004e-06,1.00000000003,0.00187969703983,1.17481064989e-06
1980,40,1603,1599,172,186,2,2,0.00187617260788,0.000625390869293,-1.17334121807e-06,0.999999999905,0.0018808755305,1.17628238305e-06
1980,40,1603,1600,172,188,2,2,0.001875,0.00625,-1.17187500001e-05,1.0,0.0189033683439,1.1814605215e-05
1980,40,1603,1600,172,192,2,3,0.001875,0.000625,NaN,NaN,0.00376174664166,1.17554582552e-06
1980,40,1603,1600,172,198,2,2,0.001875,0.003125,-5.85937499997e-06,0.999999999995,0.00942205506799,5.88878441749e-06
1980,40,1603,1600,172,200,2,2,0.001875,0.00125,-2.34375000008e-06,1.00000000003,0.00376174664166,2.35109165104e-06
1980,40,1603,1600,172,207,2,2,0.001875,0.008125,-1.5234375e-05,0.999999999997,0.0246208332495,1.53880207809e-05
1980,40,1603,1600,172,208,2,2,0.001875,0.000625,-1.17187500004e-06,1.00000000003,0.00187969703983,1.17481064989e-06
1980,40,1603,1600,172,211,2,2,0.001875,0.000625,-1.17187500004e-06,1.00000000003,0.00187969703983,1.17481064989e-06
1980,40,1603,1600,172,215,2,2,0.001875,0.00125,-2.34375000008e-06,1.00000000003,0.00376174664166,2.35109165104e-06
1980,40,1603,1600,172,218,2,3,0.001875,0.00125,NaN,NaN,0.015103696315,4.71990509844e-06
1980,40,1603,1600,172,220,2,2,0.001875,0.00125,-2.34375000008e-06,1.00000000003,0.00376174664166,2.35109165104e-06
1980,40,1603,1600,172,221,2,3,0.001875,0.000625,NaN,NaN,0.00376174664166,1.17554582552e-06
1980,40,1603,1600,172,222,2,2,0.001875,0.000625,-1.17187500004e-06,1.00000000003,0.00187969703983,1.17481064989e-06
1980,40,1603,1600,172,226,2,2,0.001875,0.000625,-1.17187500004e-06,1.00000000003,0.00187969703983,1.17481064989e-06
1980,40,1603,1600,172,227,2,2,0.001875,0.000625,-1.17187500004e-06,1.00000000003,0.00187969703983,1.17481064989e-06
1980,40,1603,1600,172,232,2,2,0.001875,0.000625,-1.17187500004e-06,1.00000000003,0.00187969703983,1.17481064989e-06
1980,40,1603,1600,172,233,2,2,0.001875,0.000625,-1.17187500004e-06,1.00000000003,0.00187969703983,1.17481064989e-06
1980,40,1603,1600,172,240,2,2,0.001875,0.001875,-3.51562500012e-06,1.00000000003,0.00564615322484,3.52884576552e-06
1980,40,1603,1600,172,244,2,2,0.001875,0.000625,-1.17187500004e-06,1.00000000003,0.00187969703983,1.17481064989e-06
1980,40,1603,1600,172,245,2,2,0.001875,0.000625,-1.17187500004e-06,1.00000000003,0.00187969703983,1.17481064989e-06
1980,40,1603,1600,181,15,2,2,0.00125,0.000625,-7.81250000026e-07,1.00000000003,0.00125234717255,7.82716982845e-07
1980,40,1603,1600,181,20,2,3,0.00125,0.000625,NaN,NaN,0.00250626173831,7.83206793222e-07
1980,40,1603,1600,181,22,2,2,0.00125,0.00125,-1.56250000005e-06,1.00000000003,0.00250626173831,1.56641358644e-06
1980,40,1603,1600,181,26,2,2,0.00125,0.00375,-4.68750000004e-06,1.00000000001,0.00753765293191,4.71103308244e-06
1980,40,1603,1600,181,33,2,2,0.00125,0.000625,-7.81250000026e-07,1.00000000003,0.00125234717255,7.82716982845e-07
1980,40,1603,1600,181,35,2,2,0.00125,0.000625,-7.81250000026e-07,1.00000000003,0.00125234717255,7.82716982845e-07
1980,40,1603,1600,181,46,2,3,0.00125,0.000625,NaN,NaN,0.00250626173831,7.83206793222e-07
1980,40,1603,1600,181,48,2,2,0.00125,0.000625,-7.81250000026e-07,1.00000000003,0.00125234717255,7.82716982845e-07
1980,40,1603,1600,181,49,2,2,0.00125,0.000625,-7.81250000026e-07,1.00000000003,0.00125234717255,7.82716982845e-07
1980,40,1603,1600,181,55,2,2,0.00125,0.000625,-7.81250000026e-07,1.00000000003,0.00125234717255,7.82716982845e-07
1980,40,1603,1600,181,60,2,2,0.00125,0.000625,-7.81250000026e-07,1.00000000003,0.00125234717255,7.82716982845e-07
1980,40,1603,1600,181,64,2,2,0.00125,0.0025,-3.1250000001e-06,1.00000000003,0.00501880483436,3.13675302148e-06
1980,40,1603,1600,181,73,2,2,0.00125,0.000625,-7.81250000026e-07,1.00000000003,0.00125234717255,7.82716982845e-07
1980,40,1603,1600,181,77,2,2,0.00125,0.00375,-4.68750000004e-06,1.00000000001,0.00753765293191,4.71103308244e-06
1980,40,1603,1600,181,94,2,2,0.00125,0.000625,-7.81250000026e-07,1.00000000003,0.00125234717255,7.82716982845e-07
1980,40,1603,1600,181,97,2,3,0.00125,0.000625,NaN,NaN,0.00250626173831,7.83206793222e-07
1980,40,1603,1600,181,101,2,2,0.00125,0.00125,-1.56250000005e-06,1.00000000003,0.00250626173831,1.56641358644e-06
1980,40,1603,1600,181,105,2,2,0.00125,0.293125,0.00025859375,0.292661361627,0.41361258374,0.000258507864838
1980,40,1603,1600,181,115,2,3,0.00125,0.000625,NaN,NaN,0.00250626173831,7.83206793222e-07
1980,40,1603,1600,181,123,2,3,0.00125,0.000625,NaN,NaN,0.00501880483436,1.56837651074e-06
1980,40,1603,1600,181,124,2,2,0.00125,0.001875,-2.34375000008e-06,1.00000000003,0.00376174664166,2.35109165104e-06
1980,40,1603,1600,181,130,2,2,0.00125,0.000625,-7.81250000026e-07,1.00000000003,0.00125234717255,7.82716982845e-07
1980,40,1603,1600,181,131,2,2,0.00125,0.00125,-1.56250000005e-06,1.00000000003,0.00250626173831,1.56641358644e-06
1980,40,1603,1600,181,140,2,3,0.00125,0.00125,NaN,NaN,0.0113277989693,3.53993717791e-06
1980,40,1603,1600,181,146,2,2,0.00125,0.000625,-7.81250000026e-07,1.00000000003,0.00125234717255,7.82716982845e-07
1980,40,1603,1600,181,149,2,2,0.00125,0.000625,-7.81250000026e-07,1.00000000003,0.00125234717255,7.82716982845e-07
1980,40,1603,1600,181,157,2,2,0.00125,0.00125,-1.56250000005e-06,1.00000000003,0.00250626173831,1.56641358644e-06
1980,40,1603,1600,181,159,2,2,0.00125,0.00375,-4.68750000004e-06,1.00000000001,0.00753765293191,4.71103308244e-06
1980,40,1603,1600,181,164,2,2,0.00125,0.000625,-7.81250000026e-07,1.00000000003,0.00125234717255,7.82716982845e-07
1980,40,1603,1600,181,167,2,2,0.00125,0.003125,-3.90625000002e-06,1.0,0.00627743927558,3.92339954724e-06
1980,40,1603,1600,181,177,2,2,0.00125,0.000625,-7.81250000026e-07,1.00000000003,0.00125234717255,7.82716982845e-07
1980,40,1603,1599,181,186,2,2,0.00125078173859,0.000625390869293,-7.82227478791e-07,0.999999999999,0.00125313185,7.83697217013e-07
1980,40,1603,1600,181,188,2,2,0.00125,0.00625,-7.81250000004e-06,1.0,0.0125943593013,7.87147456333e-06
1980,40,1603,1600,181,192,2,3,0.00125,0.000625,NaN,NaN,0.00250626173831,7.83206793222e-07
1980,40,1603,1600,181,198,2,2,0.00125,0.003125,-3.90625000002e-06,1.0,0.00627743927558,3.92339954724e-06
1980,40,1603,1600,181,200,2,2,0.00125,0.00125,-1.56250000005e-06,1.00000000003,0.00250626173831,1.56641358644e-06
1980,40,1603,1600,181,207,2,2,0.00125,0.008125,-1.015625e-05,1.0,0.0164036173131,1.02522608207e-05
1980,40,1603,1600,181,208,2,2,0.00125,0.000625,-7.81250000026e-07,1.00000000003,0.00125234717255,7.82716982845e-07
1980,40,1603,1600,181,211,2,2,0.00125,0.000625,-7.81250000026e-07,1.00000000003,0.00125234717255,7.82716982845e-07
1980,40,1603,1600,181,215,2,2,0.00125,0.00125,-1.56250000005e-06,1.00000000003,0.00250626173831,1.56641358644e-06
1980,40,1603,1600,181,218,2,3,0.00125,0.00125,NaN,NaN,0.0100628297935,3.14463431048e-06
1980,40,1603,1600,181,220,2,2,0.00125,0.00125,-1.56250000005e-06,1.00000000003,0.00250626173831,1.56641358644e-06
1980,40,1603,1600,181,221,2,3,0.00125,0.000625,NaN,NaN,0.00250626173831,7.83206793222e-07
1980,40,1603,1600,181,222,2,2,0.00125,0.000625,-7.81250000026e-07,1.00000000003,0.00125234717255,7.82716982845e-07
1980,40,1603,1600,181,226,2,2,0.00125,0.000625,-7.81250000026e-07,1.00000000003,0.00125234717255,7.82716982845e-07
1980,40,1603,1600,181,227,2,2,0.00125,0.000625,-7.81250000026e-07,1.00000000003,0.00125234717255,7.82716982845e-07
1980,40,1603,1600,181,232,2,2,0.00125,0.000625,-7.81250000026e-07,1.00000000003,0.00125234717255,7.82716982845e-07
1980,40,1603,1600,181,233,2,2,0.00125,0.000625,-7.81250000026e-07,1.00000000003,0.00125234717255,7.82716982845e-07
1980,40,1603,1600,181,240,2,2,0.00125,0.001875,-2.34375000008e-06,1.00000000003,0.00376174664166,2.35109165104e-06
1980,40,1603,1600,181,244,2,2,0.00125,0.000625,-7.81250000026e-07,1.00000000003,0.00125234717255,7.82716982845e-07
1980,40,1603,1600,181,245,2,2,0.00125,0.000625,-7.81250000026e-07,1.00000000003,0.00125234717255,7.82716982845e-07
1980,40,1603,1600,183,15,3,2,0.000625,0.000625,NaN,NaN,0.0152379501148,4.76185941086e-06
1980,40,1603,1600,183,20,3,3,0.000625,0.000625,NaN,NaN,0.0304949715063,4.76483929785e-06
1980,40,1603,1600,183,22,3,2,0.000625,0.00125,NaN,NaN,0.0304949715063,9.52967859571e-06
1980,40,1603,1600,183,26,3,2,0.000625,0.00375,NaN,NaN,0.0917144877045,2.86607774077e-05
1980,40,1603,1600,183,33,3,2,0.000625,0.000625,NaN,NaN,0.0152379501148,4.76185941086e-06
1980,40,1603,1600,183,35,3,2,0.000625,0.000625,NaN,NaN,0.0152379501148,4.76185941086e-06
1980,40,1603,1600,183,46,3,3,0.000625,0.000625,NaN,NaN,68.6221106774,0.0107222047933
1980,40,1603,1600,183,48,3,2,0.000625,0.000625,NaN,NaN,0.0152379501148,4.76185941086e-06
1980,40,1603,1600,183,49,3,2,0.000625,0.000625,NaN,NaN,0.0152379501148,4.76185941086e-06
1980,40,1603,1600,183,55,3,2,0.000625,0.000625,NaN,NaN,0.0152379501148,4.76185941086e-06
1980,40,1603,1600,183,60,3,2,0.000625,0.000625,NaN,NaN,0.0152379501148,4.76185941086e-06
1980,40,1603,1600,183,64,3,2,0.000625,0.0025,NaN,NaN,15.7148554458,0.00491089232682
1980,40,1603,1600,183,73,3,2,0.000625,0.000625,NaN,NaN,0.0152379501148,4.76185941086e-06
1980,40,1603,1600,183,77,3,2,0.000625,0.00375,NaN,NaN,0.0917144877045,2.86607774077e-05
1980,40,1603,1600,183,94,3,2,0.000625,0.000625,NaN,NaN,0.0152379501148,4.76185941086e-06
1980,40,1603,1600,183,97,3,3,0.000625,0.000625,NaN,NaN,0.0304949715063,4.76483929785e-06
1980,40,1603,1600,183,101,3,2,0.000625,0.00125,NaN,NaN,0.0304949715063,9.52967859571e-06
1980,40,1603,1600,183,105,3,2,0.000625,0.293125,NaN,NaN,10.1038118192,0.0031574411935
1980,40,1603,1600,183,115,3,3,0.000625,0.000625,NaN,NaN,68.6221106774,0.0107222047933
1980,40,1603,1600,183,123,3,3,0.000625,0.000625,NaN,NaN,0.0610663715125,9.54162054883e-06
1980,40,1603,1600,183,124,3,2,0.000625,0.001875,NaN,NaN,0.0457711000003,1.43034687501e-05
1980,40,1603,1600,183,130,3,2,0.000625,0.000625,NaN,NaN,0.0152379501148,4.76185941086e-06
1980,40,1603,1600,183,131,3,2,0.000625,0.00125,NaN,NaN,0.0304949715063,9.52967859571e-06
1980,40,1603,1600,183,140,3,3,0.000625,0.00125,NaN,NaN,0.137831137713,2.15361152677e-05
1980,40,1603,1600,183,146,3,2,0.000625,0.000625,NaN,NaN,0.0152379501148,4.76185941086e-06
1980,40,1603,1600,183,149,3,2,0.000625,0.000625,NaN,NaN,0.0152379501148,4.76185941086e-06
1980,40,1603,1600,183,157,3,2,0.000625,0.00125,NaN,NaN,0.0304949715063,9.52967859571e-06
1980,40,1603,1600,183,159,3,2,0.000625,0.00375,NaN,NaN,0.0917144877045,2.86607774077e-05
1980,40,1603,1600,183,164,3,2,0.000625,0.000625,NaN,NaN,0.0152379501148,4.76185941086e-06
1980,40,1603,1600,183,167,3,2,0.000625,0.003125,NaN,NaN,0.0763808220486,2.38690068902e-05
1980,40,1603,1600,183,177,3,2,0.000625,0.000625,NaN,NaN,0.0152379501148,4.76185941086e-06
1980,40,1603,1599,183,186,3,2,0.000625390869293,0.000625390869293,NaN,NaN,0.0152476309673,4.76786459265e-06
1980,40,1603,1600,183,188,3,2,0.000625,0.00625,NaN,NaN,0.153242026626,4.78881333206e-05
1980,40,1603,1600,183,192,3,3,0.000625,0.000625,NaN,NaN,0.0304949715063,4.76483929785e-06
1980,40,1603,1600,183,198,3,2,0.000625,0.003125,NaN,NaN,0.0763808220486,2.38690068902e-05
1980,40,1603,1600,183,200,3,2,0.000625,0.00125,NaN,NaN,0.0304949715063,9.52967859571e-06
1980,40,1603,1600,183,207,3,2,0.000625,0.008125,NaN,NaN,0.199591221825,6.23722568202e-05
1980,40,1603,1600,183,208,3,2,0.000625,0.000625,NaN,NaN,0.0152379501148,4.76185941086e-06
1980,40,1603,1600,183,211,3,2,0.000625,0.000625,NaN,NaN,0.0152379501148,4.76185941086e-06
1980,40,1603,1600,183,215,3,2,0.000625,0.00125,NaN,NaN,0.0304949715063,9.52967859571e-06
1980,40,1603,1600,183,218,3,3,0.000625,0.00125,NaN,NaN,0.122439609214,1.91311889396e-05
1980,40,1603,1600,183,220,3,2,0.000625,0.00125,NaN,NaN,0.0304949715063,9.52967859571e-06
1980,40,1603,1600,183,221,3,3,0.000625,0.000625,NaN,NaN,0.0304949715063,4.76483929785e-06
1980,40,1603,1600,183,222,3,2,0.000625,0.000625,NaN,NaN,0.0152379501148,4.76185941086e-06
1980,40,1603,1600,183,226,3,2,0.000625,0.000625,NaN,NaN,0.0152379501148,4.76185941086e-06
1980,40,1603,1600,183,227,3,2,0.000625,0.000625,NaN,NaN,0.0152379501148,4.76185941086e-06
1980,40,1603,1600,183,232,3,2,0.000625,0.000625,NaN,NaN,0.0152379501148,4.76185941086e-06
1980,40,1603,1600,183,233,3,2,0.000625,0.000625,NaN,NaN,0.0152379501148,4.76185941086e-06
1980,40,1603,1600,183,240,3,2,0.000625,0.001875,NaN,NaN,0.0457711000003,1.43034687501e-05
1980,40,1603,1600,183,244,3,2,0.000625,0.000625,NaN,NaN,0.0152379501148,4.76185941086e-06
1980,40,1603,1600,183,245,3,2,0.000625,0.000625,NaN,NaN,0.0152379501148,4.76185941086e-06
1980,40,1603,1599,185,15,2,2,0.00187617260788,0.000625390869293,-1.17334121807e-06,0.999999999905,0.0018808755305,1.17628238305e-06
1980,40,1603,1599,185,20,2,3,0.00187617260788,0.000625390869293,NaN,NaN,0.003764106572,1.17701894059e-06
1980,40,1603,1599,185,22,2,2,0.00187617260788,0.00125078173859,-2.34668243637e-06,1.0,0.003764106572,2.35403788118e-06
1980,40,1603,1599,185,26,2,2,0.00187617260788,0.00375234521576,-7.04004730911e-06,1.0,0.0113206745678,7.07984650893e-06
1980,40,1603,1599,185,33,2,2,0.00187617260788,0.000625390869293,-1.17334121807e-06,0.999999999905,0.0018808755305,1.17628238305e-06
1980,40,1603,1599,185,35,2,2,0.00187617260788,0.000625390869293,-1.17334121807e-06,0.999999999905,0.0018808755305,1.17628238305e-06
1980,40,1603,1599,185,46,2,3,0.00187617260788,0.000625390869293,NaN,NaN,0.003764106572,1.17701894059e-06
1980,40,1603,1599,185,48,2,2,0.00187617260788,0.000625390869293,-1.17334121807e-06,0.999999999905,0.0018808755305,1.17628238305e-06
1980,40,1603,1599,185,49,2,2,0.00187617260788,0.000625390869293,-1.17334121807e-06,0.999999999905,0.0018808755305,1.17628238305e-06
1980,40,1603,1599,185,55,2,2,0.00187617260788,0.000625390869293,-1.17334121807e-06,0.999999999905,0.0018808755305,1.17628238305e-06
1980,40,1603,1599,185,60,2,2,0.00187617260788,0.000625390869293,-1.17334121807e-06,0.999999999905,0.0018808755305,1.17628238305e-06
1980,40,1603,1599,185,64,2,2,0.00187617260788,0.00250156347717,-4.69336487274e-06,1.0,0.0075376529097,4.71397930563e-06
1980,40,1603,1599,185,73,2,2,0.00187617260788,0.000625390869293,-1.17334121807e-06,0.999999999905,0.0018808755305,1.17628238305e-06
1980,40,1603,1599,185,77,2,2,0.00187617260788,0.00375234521576,-7.04004730911e-06,1.0,0.0113206745678,7.07984650893e-06
1980,40,1603,1599,185,94,2,2,0.00187617260788,0.000625390869293,-1.17334121807e-06,0.999999999905,0.0018808755305,1.17628238305e-06
1980,40,1603,1599,185,97,2,3,0.00187617260788,0.000625390869293,NaN,NaN,0.003764106572,1.17701894059e-06
1980,40,1603,1599,185,101,2,2,0.00187617260788,0.00125078173859,-2.34668243637e-06,1.0,0.003764106572,2.35403788118e-06
1980,40,1603,1599,185,105,2,2,0.00187617260788,0.293308317699,-0.000550297031329,1.0,1.24747321844,0.000780158360503
1980,40,1603,1599,185,115,2,3,0.00187617260788,0.000625390869293,NaN,NaN,0.003764106572,1.17701894059e-06
1980,40,1603,1599,185,123,2,3,0.00187617260788,0.000625390869293,NaN,NaN,0.0075376529097,2.35698965282e-06
1980,40,1603,1599,185,124,2,2,0.00187617260788,0.00187617260788,-3.52002365445e-06,0.999999999968,0.00564969755215,3.53326926338e-06
1980,40,1603,1599,185,130,2,2,0.00187617260788,0.000625390869293,-1.17334121807e-06,0.999999999905,0.0018808755305,1.17628238305e-06
1980,40,1603,1599,185,131,2,2,0.00187617260788,0.00125078173859,-2.34668243637e-06,1.0,0.003764106572,2.35403788118e-06
1980,40,1603,1599,185,140,2,3,0.00187617260788,0.00125078173859,NaN,NaN,0.0170130514967,5.31990353242e-06
1980,40,1603,1599,185,146,2,2,0.00187617260788,0.000625390869293,-1.17334121807e-06,0.999999999905,0.0018808755305,1.17628238305e-06
1980,40,1603,1599,185,149,2,2,0.00187617260788,0.000625390869293,-1.17334121807e-06,0.999999999905,0.0018808755305,1.17628238305e-06
1980,40,1603,1599,185,157,2,2,0.00187617260788,0.00125078173859,-2.34668243637e-06,1.0,0.003764106572,2.35403788118e-06
1980,40,1603,1599,185,159,2,2,0.00187617260788,0.00375234521576,-7.04004730911e-06,1.0,0.0113206745678,7.07984650893e-06
1980,40,1603,1599,185,164,2,2,0.00187617260788,0.000625390869293,0.000624217528075,1.0,532.332916145,0.332916145181
1980,40,1603,1599,185,167,2,2,0.00187617260788,0.00312695434647,-5.86670609082e-06,0.999999999981,0.00942797709456,5.89617079084e-06
1980,40,1603,1599,185,177,2,2,0.00187617260788,0.000625390869293,-1.17334121807e-06,0.999999999905,0.0018808755305,1.17628238305e-06
1980,40,1603,1598,185,186,2,2,0.00187734668335,0.000625782227785,-1.1748101898e-06,0.999999999969,0.00188205549983,1.1777568835e-06
1980,40,1603,1599,185,188,2,2,0.00187617260788,0.00625390869293,-1.17334121819e-05,1.0,0.0189152869587,1.18294477541e-05
1980,40,1603,1599,185,192,2,3,0.00187617260788,0.000625390869293,NaN,NaN,0.003764106572,1.17701894059e-06
1980,40,1603,1599,185,198,2,2,0.00187617260788,0.00312695434647,-5.86670609082e-06,0.999999999981,0.00942797709456,5.89617079084e-06
1980,40,1603,1599,185,200,2,2,0.00187617260788,0.00125078173859,-2.34668243637e-06,1.0,0.003764106572,2.35403788118e-06
1980,40,1603,1599,185,207,2,2,0.00187617260788,0.00813008130081,-1.52534358363e-05,0.999999999992,0.0246363860471,1.54073708862e-05
1980,40,1603,1599,185,208,2,2,0.00187617260788,0.000625390869293,-1.17334121807e-06,0.999999999905,0.0018808755305,1.17628238305e-06
1980,40,1603,1599,185,211,2,2,0.00187617260788,0.000625390869293,-1.17334121807e-06,0.999999999905,0.0018808755305,1.17628238305e-06
1980,40,1603,1599,185,215,2,2,0.00187617260788,0.00125078173859,-2.34668243637e-06,1.0,0.003764106572,2.35403788118e-06
1980,40,1603,1599,185,218,2,3,0.00187617260788,0.00125078173859,NaN,NaN,0.0151132072797,4.72583091922e-06
1980,40,1603,1599,185,220,2,2,0.00187617260788,0.00125078173859,-2.34668243637e-06,1.0,0.003764106572,2.35403788118e-06
1980,40,1603,1599,185,221,2,3,0.00187617260788,0.000625390869293,NaN,NaN,0.003764106572,1.17701894059e-06
1980,40,1603,1599,185,222,2,2,0.00187617260788,0.000625390869293,-1.17334121807e-06,0.999999999905,0.0018808755305,1.17628238305e-06
1980,40,1603,1599,185,226,2,2,0.00187617260788,0.000625390869293,-1.17334121807e-06,0.999999999905,0.0018808755305,1.17628238305e-06
1980,40,1603,1599,185,227,2,2,0.00187617260788,0.000625390869293,-1.17334121807e-06,0.999999999905,0.0018808755305,1.17628238305e-06
1980,40,1603,1599,185,232,2,2,0.00187617260788,0.000625390869293,-1.17334121807e-06,0.999999999905,0.0018808755305,1.17628238305e-06
1980,40,1603,1599,185,233,2,2,0.00187617260788,0.000625390869293,-1.17334121807e-06,0.999999999905,0.0018808755305,1.17628238305e-06
1980,40,1603,1599,185,240,2,2,0.00187617260788,0.00187617260788,-3.52002365445e-06,0.999999999968,0.00564969755215,3.53326926338e-06
1980,40,1603,1599,185,244,2,2,0.00187617260788,0.000625390869293,-1.17334121807e-06,0.999999999905,0.0018808755305,1.17628238305e-06
1980,40,1603,1599,185,245,2,2,0.00187617260788,0.000625390869293,-1.17334121807e-06,0.999999999905,0.0018808755305,1.17628238305e-06
1980,40,1603,1599,186,15,2,2,0.00125078173859,0.000625390869293,-7.82227478791e-07,0.999999999999,0.00125313185,7.83697217013e-07
1980,40,1603,1599,186,20,2,3,0.00125078173859,0.000625390869293,NaN,NaN,0.00250783305736,7.84187947894e-07
1980,40,1603,1599,186,22,2,2,0.00125078173859,0.00125078173859,-1.56445495758e-06,1.0,0.00250783305736,1.56837589579e-06
1980,40,1603,1599,186,26,2,2,0.00125078173859,0.00375234521576,-4.69336487274e-06,1.0,0.00754239056989,4.71694219505e-06
1980,40,1603,1599,186,33,2,2,0.00125078173859,0.000625390869293,-7.82227478791e-07,0.999999999999,0.00125313185,7.83697217013e-07
1980,40,1603,1599,186,35,2,2,0.00125078173859,0.000625390869293,-7.82227478791e-07,0.999999999999,0.00125313185,7.83697217013e-07
1980,40,1603,1599,186,46,2,3,0.00125078173859,0.000625390869293,NaN,NaN,0.00250783305736,7.84187947894e-07
1980,40,1603,1599,186,48,2,2,0.00125078173859,0.000625390869293,-7.82227478791e-07,0.999999999999,0.00125313185,7.83697217013e-07
1980,40,1603,1599,186,49,2,2,0.00125078173859,0.000625390869293,-7.82227478791e-07,0.999999999999,0.00125313185,7.83697217013e-07
1980,40,1603,1599,186,55,2,2,0.00125078173859,0.000625390869293,-7.82227478791e-07,0.999999999999,0.00125313185,7.83697217013e-07
1980,40,1603,1599,186,60,2,2,0.00125078173859,0.000625390869293,-7.82227478791e-07,0.999999999999,0.00125313185,7.83697217013e-07
1980,40,1603,1599,186,64,2,2,0.00125078173859,0.00250156347717,-3.12890991516e-06,1.0,0.00502195535124,3.14068502266e-06
1980,40,1603,1599,186,73,2,2,0.00125078173859,0.000625390869293,-7.82227478791e-07,0.999999999999,0.00125313185,7.83697217013e-07
1980,40,1603,1599,186,77,2,2,0.00125078173859,0.00375234521576,-4.69336487274e-06,1.0,0.00754239056989,4.71694219505e-06
1980,40,1603,1599,186,94,2,2,0.00125078173859,0.000625390869293,-7.82227478791e-07,0.999999999999,0.00125313185,7.83697217013e-07
1980,40,1603,1599,186,97,2,3,0.00125078173859,0.000625390869293,NaN,NaN,0.00250783305736,7.84187947894e-07
1980,40,1603,1599,186,101,2,2,0.00125078173859,0.00125078173859,-1.56445495758e-06,1.0,0.00250783305736,1.56837589579e-06
1980,40,1603,1599,186,105,2,2,0.00125078173859,0.293308317699,-0.000366864687553,1.0,0.831128055369,0.000519779897041
1980,40,1603,1599,186,115,2,3,0.00125078173859,0.000625390869293,NaN,NaN,0.00250783305736,7.84187947894e-07
1980,40,1603,1599,186,123,2,3,0.00125078173859,0.000625390869293,NaN,NaN,0.00502195535124,1.57034251133e-06
1980,40,1603,1599,186,124,2,2,0.00125078173859,0.00187617260788,-2.34668243637e-06,1.0,0.003764106572,2.35403788118e-06
1980,40,1603,1599,186,130,2,2,0.00125078173859,0.000625390869293,-7.82227478791e-07,0.999999999999,0.00125313185,7.83697217013e-07
1980,40,1603,1599,186,131,2,2,0.00125078173859,0.00125078173859,-1.56445495758e-06,1.0,0.00250783305736,1.56837589579e-06
1980,40,1603,1599,186,140,2,3,0.00125078173859,0.00125078173859,NaN,NaN,0.0113349322432,3.54438156449e-06
1980,40,1603,1599,186,146,2,2,0.00125078173859,0.000625390869293,-7.82227478791e-07,0.999999999999,0.00125313185,7.83697217013e-07
1980,40,1603,1599,186,149,2,2,0.00125078173859,0.000625390869293,-7.82227478791e-07,0.999999999999,0.00125313185,7.83697217013e-07
1980,40,1603,1599,186,157,2,2,0.00125078173859,0.00125078173859,-1.56445495758e-06,1.0,0.00250783305736,1.56837589579e-06
1980,40,1603,1599,186,159,2,2,0.00125078173859,0.00375234521576,-4.69336487274e-06,1.0,0.00754239056989,4.71694219505e-06
1980,40,1603,1599,186,164,2,2,0.00125078173859,0.000625390869293,-7.82227478791e-07,0.999999999999,0.00125313185,7.83697217013e-07
1980,40,1603,1599,186,167,2,2,0.00125078173859,0.00312695434647,-3.91113739395e-06,1.0,0.0062813823598,3.92831917436e-06
1980,40,1603,1599,186,177,2,2,0.00125078173859,0.000625390869293,-7.82227478791e-07,0.999999999999,0.00125313185,7.83697217013e-07
1980,40,1603,1598,186,186,2,2,0.00125156445557,0.000625782227785,-7.83206793087e-07,0.999999999827,0.00125391751137,7.84679293726e-07
1980,40,1603,1599,186,188,2,2,0.00125078173859,0.00625390869293,-7.82227478791e-06,1.0,0.0126022951309,7.88136030703e-06
1980,40,1603,1599,186,192,2,3,0.00125078173859,0.000625390869293,NaN,NaN,0.00250783305736,7.84187947894e-07
1980,40,1603,1599,186,198,2,2,0.00125078173859,0.00312695434647,-3.91113739395e-06,1.0,0.0062813823598,3.92831917436e-06
1980,40,1603,1599,186,200,2,2,0.00125078173859,0.00125078173859,-1.56445495758e-06,1.0,0.00250783305736,1.56837589579e-06
1980,40,1603,1599,186,207,2,2,0.00125078173859,0.00813008130081,-1.01689572243e-05,1.0,0.0164139729205,1.02651487933e-05
1980,40,1603,1599,186,208,2,2,0.00125078173859,0.000625390869293,-7.82227478791e-07,0.999999999999,0.00125313185,7.83697217013e-07
1980,40,1603,1599,186,211,2,2,0.00125078173859,0.000625390869293,-7.82227478791e-07,0.999999999999,0.00125313185,7.83697217013e-07
1980,40,1603,1599,186,215,2,2,0.00125078173859,0.00125078173859,-1.56445495758e-06,1.0,0.00250783305736,1.56837589579e-06
1980,40,1603,1599,186,218,2,3,0.00125078173859,0.00125078173859,NaN,NaN,0.0100691625207,3.14858115094e-06
1980,40,1603,1599,186,220,2,2,0.00125078173859,0.00125078173859,-1.56445495758e-06,1.0,0.00250783305736,1.56837589579e-06
1980,40,1603,1599,186,221,2,3,0.00125078173859,0.000625390869293,NaN,NaN,0.00250783305736,7.84187947894e-07
1980,40,1603,1599,186,222,2,2,0.00125078173859,0.000625390869293,-7.82227478791e-07,0.999999999999,0.00125313185,7.83697217013e-07
1980,40,1603,1599,186,226,2,2,0.00125078173859,0.000625390869293,-7.82227478791e-07,0.999999999999,0.00125313185,7.83697217013e-07
1980,40,1603,1599,186,227,2,2,0.00125078173859,0.000625390869293,-7.82227478791e-07,0.999999999999,0.00125313185,7.83697217013e-07
1980,40,1603,1599,186,232,2,2,0.00125078173859,0.000625390869293,-7.82227478791e-07,0.999999999999,0.00125313185,7.83697217013e-07
1980,40,1603,1599,186,233,2,2,0.00125078173859,0.000625390869293,-7.82227478791e-07,0.999999999999,0.00125313185,7.83697217013e-07
1980,40,1603,1599,186,240,2,2,0.00125078173859,0.00187617260788,-2.34668243637e-06,1.0,0.003764106572,2.35403788118e-06
1980,40,1603,1599,186,244,2,2,0.00125078173859,0.000625390869293,-7.82227478791e-07,0.999999999999,0.00125313185,7.83697217013e-07
1980,40,1603,1599,186,245,2,2,0.00125078173859,0.000625390869293,-7.82227478791e-07,0.999999999999,0.00125313185,7.83697217013e-07
1980,40,1603,1599,189,15,2,2,0.00187617260788,0.000625390869293,-1.17334121807e-06,0.999999999905,0.0018808755305,1.17628238305e-06
1980,40,1603,1599,189,20,2,3,0.00187617260788,0.000625390869293,NaN,NaN,0.003764106572,1.17701894059e-06
1980,40,1603,1599,189,22,2,2,0.00187617260788,0.00125078173859,-2.34668243637e-06,1.0,0.003764106572,2.35403788118e-06
1980,40,1603,1599,189,26,2,2,0.00187617260788,0.00375234521576,-7.04004730911e-06,1.0,0.0113206745678,7.07984650893e-06
1980,40,1603,1599,189,33,2,2,0.00187617260788,0.000625390869293,-1.17334121807e-06,0.999999999905,0.0018808755305,1.17628238305e-06
1980,40,1603,1599,189,35,2,2,0.00187617260788,0.000625390869293,-1.17334121807e-06,0.999999999905,0.0018808755305,1.17628238305e-06
1980,40,1603,1599,189,46,2,3,0.00187617260788,0.000625390869293,NaN,NaN,0.003764106572,1.17701894059e-06
1980,40,1603,1599,189,48,2,2,0.00187617260788,0.000625390869293,-1.17334121807e-06,0.999999999905,0.0018808755305,1.17628238305e-06
1980,40,1603,1599,189,49,2,2,0.00187617260788,0.000625390869293,-1.17334121807e-06,0.999999999905,0.0018808755305,1.17628238305e-06
1980,40,1603,1599,189,55,2,2,0.00187617260788,0.000625390869293,-1.17334121807e-06,0.999999999905,0.0018808755305,1.17628238305e-06
1980,40,1603,1599,189,60,2,2,0.00187617260788,0.000625390869293,-1.17334121807e-06,0.999999999905,0.0018808755305,1.17628238305e-06
1980,40,1603,1599,189,64,2,2,0.00187617260788,0.00250156347717,-4.69336487274e-06,1.0,0.0075376529097,4.71397930563e-06
1980,40,1603,1599,189,73,2,2,0.00187617260788,0.000625390869293,-1.17334121807e-06,0.999999999905,0.0018808755305,1.17628238305e-06
1980,40,1603,1599,189,77,2,2,0.00187617260788,0.00375234521576,-7.04004730911e-06,1.0,0.0113206745678,7.07984650893e-06
1980,40,1603,1599,189,94,2,2,0.00187617260788,0.000625390869293,-1.17334121807e-06,0.999999999905,0.0018808755305,1.17628238305e-06
1980,40,1603,1599,189,97,2,3,0.00187617260788,0.000625390869293,NaN,NaN,0.003764106572,1.17701894059e-06
1980,40,1603,1599,189,101,2,2,0.00187617260788,0.00125078173859,-2.34668243637e-06,1.0,0.003764106572,2.35403788118e-06
1980,40,1603,1599,189,105,2,2,0.00187617260788,0.293308317699,-0.000550297031329,1.0,1.24747321844,0.000780158360503
1980,40,1603,1599,189,115,2,3,0.00187617260788,0.000625390869293,NaN,NaN,0.003764106572,1.17701894059e-06
1980,40,1603,1599,189,123,2,3,0.00187617260788,0.000625390869293,NaN,NaN,0.0075376529097,2.35698965282e-06
1980,40,1603,1599,189,124,2,2,0.00187617260788,0.00187617260788,-3.52002365445e-06,0.999999999968,0.00564969755215,3.53326926338e-06
1980,40,1603,1599,189,130,2,2,0.00187617260788,0.000625390869293,-1.17334121807e-06,0.999999999905,0.0018808755305,1.17628238305e-06
1980,40,1603,1599,189,131,2,2,0.00187617260788,0.00125078173859,-2.34668243637e-06,1.0,0.003764106572,2.35403788118e-06
1980,40,1603,1599,189,140,2,3,0.00187617260788,0.00125078173859,NaN,NaN,0.0170130514967,5.31990353242e-06
1980,40,1603,1599,189,146,2,2,0.00187617260788,0.000625390869293,-1.17334121807e-06,0.999999999905,0.0018808755305,1.17628238305e-06
1980,40,1603,1599,189,149,2,2,0.00187617260788,0.000625390869293,-1.17334121807e-06,0.999999999905,0.0018808755305,1.17628238305e-06
1980,40,1603,1599,189,157,2,2,0.00187617260788,0.00125078173859,-2.34668243637e-06,1.0,0.003764106572,2.35403788118e-06
1980,40,1603,1599,189,159,2,2,0.00187617260788,0.00375234521576,-7.04004730911e-06,1.0,0.0113206745678,7.07984650893e-06
1980,40,1603,1599,189,164,2,2,0.00187617260788,0.000625390869293,-1.17334121807e-06,0.999999999905,0.0018808755305,1.17628238305e-06
1980,40,1603,1599,189,167,2,2,0.00187617260788,0.00312695434647,-5.86670609082e-06,0.999999999981,0.00942797709456,5.89617079084e-06
1980,40,1603,1599,189,177,2,2,0.00187617260788,0.000625390869293,-1.17334121807e-06,0.999999999905,0.0018808755305,1.17628238305e-06
1980,40,1603,1598,189,186,2,2,0.00187734668335,0.000625782227785,-1.1748101898e-06,0.999999999969,0.00188205549983,1.1777568835e-06
1980,40,1603,1599,189,188,2,2,0.00187617260788,0.00625390869293,-1.17334121819e-05,1.0,0.0189152869587,1.18294477541e-05
1980,40,1603,1599,189,192,2,3,0.00187617260788,0.000625390869293,NaN,NaN,0.003764106572,1.17701894059e-06
1980,40,1603,1599,189,198,2,2,0.00187617260788,0.00312695434647,-5.86670609082e-06,0.999999999981,0.00942797709456,5.89617079084e-06
1980,40,1603,1599,189,200,2,2,0.00187617260788,0.00125078173859,-2.34668243637e-06,1.0,0.003764106572,2.35403788118e-06
1980,40,1603,1599,189,207,2,2,0.00187617260788,0.00813008130081,-1.52534358363e-05,0.999999999992,0.0246363860471,1.54073708862e-05
1980,40,1603,1599,189,208,2,2,0.00187617260788,0.000625390869293,-1.17334121807e-06,0.999999999905,0.0018808755305,1.17628238305e-06
1980,40,1603,1599,189,211,2,2,0.00187617260788,0.000625390869293,-1.17334121807e-06,0.999999999905,0.0018808755305,1.17628238305e-06
1980,40,1603,1599,189,215,2,2,0.00187617260788,0.00125078173859,-2.34668243637e-06,1.0,0.003764106572,2.35403788118e-06
1980,40,1603,1599,189,218,2,3,0.00187617260788,0.00125078173859,NaN,NaN,0.0151132072797,4.72583091922e-06
1980,40,1603,1599,189,220,2,2,0.00187617260788,0.00125078173859,-2.34668243637e-06,1.0,0.003764106572,2.35403788118e-06
1980,40,1603,1599,189,221,2,3,0.00187617260788,0.000625390869293,NaN,NaN,0.003764106572,1.17701894059e-06
1980,40,1603,1599,189,222,2,2,0.00187617260788,0.000625390869293,-1.17334121807e-06,0.999999999905,0.0018808755305,1.17628238305e-06
1980,40,1603,1599,189,226,2,2,0.00187617260788,0.000625390869293,-1.17334121807e-06,0.999999999905,0.0018808755305,1.17628238305e-06
1980,40,1603,1599,189,227,2,2,0.00187617260788,0.000625390869293,-1.17334121807e-06,0.999999999905,0.0018808755305,1.17628238305e-06
1980,40,1603,1599,189,232,2,2,0.00187617260788,0.000625390869293,-1.17334121807e-06,0.999999999905,0.0018808755305,1.17628238305e-06
1980,40,1603,1599,189,233,2,2,0.00187617260788,0.000625390869293,-1.17334121807e-06,0.999999999905,0.0018808755305,1.17628238305e-06
1980,40,1603,1599,189,240,2,2,0.00187617260788,0.00187617260788,-3.52002365445e-06,0.999999999968,0.00564969755215,3.53326926338e-06
1980,40,1603,1599,189,244,2,2,0.00187617260788,0.000625390869293,-1.17334121807e-06,0.999999999905,0.0018808755305,1.17628238305e-06
1980,40,1603,1599,189,245,2,2,0.00187617260788,0.000625390869293,-1.17334121807e-06,0.999999999905,0.0018808755305,1.17628238305e-06
1980,40,1603,1599,193,15,2,2,0.000625390869293,0.000625390869293,-3.91113739284e-07,0.999999999716,0.000626173831181,3.91603396611e-07
1980,40,1603,1599,193,20,2,3,0.000625390869293,0.000625390869293,NaN,NaN,0.00125313185,3.91848608506e-07
1980,40,1603,1599,193,22,2,2,0.000625390869293,0.00125078173859,-7.82227478791e-07,0.999999999999,0.00125313185,7.83697217013e-07
1980,40,1603,1599,193,26,2,2,0.000625390869293,0.00375234521576,-2.34668243637e-06,0.999999999999,0.00376883533796,2.35699520823e-06
1980,40,1603,1599,193,33,2,2,0.000625390869293,0.000625390869293,-3.91113739284e-07,0.999999999716,0.000626173831181,3.91603396611e-07
1980,40,1603,1599,193,35,2,2,0.000625390869293,0.000625390869293,-3.91113739284e-07,0.999999999716,0.000626173831181,3.91603396611e-07
1980,40,1603,1599,193,46,2,3,0.000625390869293,0.000625390869293,NaN,NaN,0.00125313185,3.91848608506e-07
1980,40,1603,1599,193,48,2,2,0.000625390869293,0.000625390869293,-3.91113739284e-07,0.999999999716,0.000626173831181,3.91603396611e-07
1980,40,1603,1599,193,49,2,2,0.000625390869293,0.000625390869293,-3.91113739284e-07,0.999999999716,0.000626173831181,3.91603396611e-07
1980,40,1603,1599,193,55,2,2,0.000625390869293,0.000625390869293,-3.91113739284e-07,0.999999999716,0.000626173831181,3.91603396611e-07
1980,40,1603,1599,193,60,2,2,0.000625390869293,0.000625390869293,-3.91113739284e-07,0.999999999716,0.000626173831181,3.91603396611e-07
1980,40,1603,1599,193,64,2,2,0.000625390869293,0.00250156347717,-1.56445495758e-06,0.999999999999,0.00250940635041,1.5693598189e-06
1980,40,1603,1599,193,73,2,2,0.000625390869293,0.000625390869293,-3.91113739284e-07,0.999999999716,0.000626173831181,3.91603396611e-07
1980,40,1603,1599,193,77,2,2,0.000625390869293,0.00375234521576,-2.34668243637e-06,0.999999999999,0.00376883533796,2.35699520823e-06
1980,40,1603,1599,193,94,2,2,0.000625390869293,0.000625390869293,-3.91113739284e-07,0.999999999716,0.000626173831181,3.91603396611e-07
1980,40,1603,1599,193,97,2,3,0.000625390869293,0.000625390869293,NaN,NaN,0.00125313185,3.91848608506e-07
1980,40,1603,1599,193,101,2,2,0.000625390869293,0.00125078173859,-7.82227478791e-07,0.999999999999,0.00125313185,7.83697217013e-07
1980,40,1603,1599,193,105,2,2,0.000625390869293,0.293308317699,-0.000183432343776,1.0,0.415303975102,0.00025972731401
1980,40,1603,1599,193,115,2,3,0.000625390869293,0.000625390869293,NaN,NaN,0.00125313185,3.91848608506e-07
1980,40,1603,1599,193,123,2,3,0.000625390869293,0.000625390869293,NaN,NaN,0.00250940635041,7.84679909448e-07
1980,40,1603,1599,193,124,2,2,0.000625390869293,0.00187617260788,-1.17334121807e-06,0.999999999905,0.0018808755305,1.17628238305e-06
1980,40,1603,1599,193,130,2,2,0.000625390869293,0.000625390869293,-3.91113739284e-07,0.999999999716,0.000626173831181,3.91603396611e-07
1980,40,1603,1599,193,131,2,2,0.000625390869293,0.00125078173859,-7.82227478791e-07,0.999999999999,0.00125313185,7.83697217013e-07
1980,40,1603,1599,193,140,2,3,0.000625390869293,0.00125078173859,NaN,NaN,0.00566391952204,1.77108177675e-06
1980,40,1603,1599,193,146,2,2,0.000625390869293,0.000625390869293,-3.91113739284e-07,0.999999999716,0.000626173831181,3.91603396611e-07
1980,40,1603,1599,193,149,2,2,0.000625390869293,0.000625390869293,-3.91113739284e-07,0.999999999716,0.000626173831181,3.91603396611e-07
1980,40,1603,1599,193,157,2,2,0.000625390869293,0.00125078173859,-7.82227478791e-07,0.999999999999,0.00125313185,7.83697217013e-07
1980,40,1603,1599,193,159,2,2,0.000625390869293,0.00375234521576,0.000623044186857,1.0,265.666145181,0.166145181477
1980,40,1603,1599,193,164,2,2,0.000625390869293,0.000625390869293,-3.91113739284e-07,0.999999999716,0.000626173831181,3.91603396611e-07
1980,40,1603,1599,193,167,2,2,0.000625390869293,0.00312695434647,-1.95556869687e-06,0.999999999943,0.00313872579118,1.96293045102e-06
1980,40,1603,1599,193,177,2,2,0.000625390869293,0.000625390869293,-3.91113739284e-07,0.999999999716,0.000626173831181,3.91603396611e-07
1980,40,1603,1598,193,186,2,2,0.000625782227785,0.000625782227785,-3.91603396599e-07,0.999999999969,0.000626566170367,3.92093973947e-07
1980,40,1603,1599,193,188,2,2,0.000625390869293,0.00625390869293,-3.91113739395e-06,0.999999999999,0.00629720441931,3.93821414591e-06
1980,40,1603,1599,193,192,2,3,0.000625390869293,0.000625390869293,NaN,NaN,0.00125313185,3.91848608506e-07
1980,40,1603,1599,193,198,2,2,0.000625390869293,0.00312695434647,-1.95556869687e-06,0.999999999943,0.00313872579118,1.96293045102e-06
1980,40,1603,1599,193,200,2,2,0.000625390869293,0.00125078173859,-7.82227478791e-07,0.999999999999,0.00125313185,7.83697217013e-07
1980,40,1603,1599,193,207,2,2,0.000625390869293,0.00813008130081,-5.08447861203e-06,0.999999999978,0.008201850674,5.12936252283e-06
1980,40,1603,1599,193,208,2,2,0.000625390869293,0.000625390869293,-3.91113739284e-07,0.999999999716,0.000626173831181,3.91603396611e-07
1980,40,1603,1599,193,211,2,2,0.000625390869293,0.000625390869293,-3.91113739284e-07,0.999999999716,0.000626173831181,3.91603396611e-07
1980,40,1603,1599,193,215,2,2,0.000625390869293,0.00125078173859,-7.82227478791e-07,0.999999999999,0.00125313185,7.83697217013e-07
1980,40,1603,1599,193,218,2,3,0.000625390869293,0.00125078173859,NaN,NaN,0.00503143070888,1.57330541241e-06
1980,40,1603,1599,193,220,2,2,0.000625390869293,0.00125078173859,-7.82227478791e-07,0.999999999999,0.00125313185,7.83697217013e-07
1980,40,1603,1599,193,221,2,3,0.000625390869293,0.000625390869293,NaN,NaN,0.00125313185,3.91848608506e-07
1980,40,1603,1599,193,222,2,2,0.000625390869293,0.000625390869293,-3.91113739284e-07,0.999999999716,0.000626173831181,3.91603396611e-07
1980,40,1603,1599,193,226,2,2,0.000625390869293,0.000625390869293,-3.91113739284e-07,0.999999999716,0.000626173831181,3.91603396611e-07
1980,40,1603,1599,193,227,2,2,0.000625390869293,0.000625390869293,-3.91113739284e-07,0.999999999716,0.000626173831181,3.91603396611e-07
1980,40,1603,1599,193,232,2,2,0.000625390869293,0.000625390869293,-3.91113739284e-07,0.999999999716,0.000626173831181,3.91603396611e-07
1980,40,1603,1599,193,233,2,2,0.000625390869293,0.000625390869293,-3.91113739284e-07,0.999999999716,0.000626173831181,3.91603396611e-07
1980,40,1603,1599,193,240,2,2,0.000625390869293,0.00187617260788,-1.17334121807e-06,0.999999999905,0.0018808755305,1.17628238305e-06
1980,40,1603,1599,193,244,2,2,0.000625390869293,0.000625390869293,-3.91113739284e-07,0.999999999716,0.000626173831181,3.91603396611e-07
1980,40,1603,1599,193,245,2,2,0.000625390869293,0.000625390869293,-3.91113739284e-07,0.999999999716,0.000626173831181,3.91603396611e-07
1980,40,1603,1599,196,15,3,2,0.000625390869293,0.000625390869293,NaN,NaN,0.00313872579118,9.81465225509e-07
1980,40,1603,1599,196,20,3,3,0.000625390869293,0.000625390869293,NaN,NaN,0.0062813823598,9.8207979359e-07
1980,40,1603,1599,196,22,3,2,0.000625390869293,0.00125078173859,NaN,NaN,0.0062813823598,1.96415958718e-06
1980,40,1603,1599,196,26,3,2,0.000625390869293,0.00375234521576,NaN,NaN,0.0188914644607,5.90727469064e-06
1980,40,1603,1599,196,33,3,2,0.000625390869293,0.000625390869293,NaN,NaN,0.00313872579118,9.81465225509e-07
1980,40,1603,1599,196,35,3,2,0.000625390869293,0.000625390869293,NaN,NaN,0.00313872579118,9.81465225509e-07
1980,40,1603,1599,196,46,3,3,0.000625390869293,0.000625390869293,NaN,NaN,0.0062813823598,9.8207979359e-07
1980,40,1603,1599,196,48,3,2,0.000625390869293,0.000625390869293,NaN,NaN,0.00313872579118,9.81465225509e-07
1980,40,1603,1599,196,49,3,2,0.000625390869293,0.000625390869293,NaN,NaN,0.00313872579118,9.81465225509e-07
1980,40,1603,1599,196,55,3,2,0.000625390869293,0.000625390869293,NaN,NaN,0.00313872579118,9.81465225509e-07
1980,40,1603,1599,196,60,3,2,0.000625390869293,0.000625390869293,NaN,NaN,0.00313872579118,9.81465225509e-07
1980,40,1603,1599,196,64,3,2,0.000625390869293,0.00250156347717,NaN,NaN,0.0125785174026,3.93324496643e-06
1980,40,1603,1599,196,73,3,2,0.000625390869293,0.000625390869293,NaN,NaN,0.00313872579118,9.81465225509e-07
1980,40,1603,1599,196,77,3,2,0.000625390869293,0.00375234521576,NaN,NaN,0.0188914644607,5.90727469064e-06
1980,40,1603,1599,196,94,3,2,0.000625390869293,0.000625390869293,NaN,NaN,0.00313872579118,9.81465225509e-07
1980,40,1603,1599,196,97,3,3,0.000625390869293,0.000625390869293,NaN,NaN,0.0062813823598,9.8207979359e-07
1980,40,1603,1599,196,101,3,2,0.000625390869293,0.00125078173859,NaN,NaN,0.0062813823598,1.96415958718e-06
1980,40,1603,1599,196,105,3,2,0.000625390869293,0.293308317699,NaN,NaN,0.451897997517,0.00014130644075
1980,40,1603,1599,196,115,3,3,0.000625390869293,0.000625390869293,NaN,NaN,0.0062813823598,9.8207979359e-07
1980,40,1603,1599,196,123,3,3,0.000625390869293,0.000625390869293,NaN,NaN,0.0125785174026,1.96662248321e-06
1980,40,1603,1599,196,124,3,2,0.000625390869293,0.00187617260788,NaN,NaN,0.00942797709456,2.94808539542e-06
1980,40,1603,1599,196,130,3,2,0.000625390869293,0.000625390869293,NaN,NaN,0.00313872579118,9.81465225509e-07
1980,40,1603,1599,196,131,3,2,0.000625390869293,0.00125078173859,NaN,NaN,0.0062813823598,1.96415958718e-06
1980,40,1603,1599,196,140,3,3,0.000625390869293,0.00125078173859,NaN,NaN,0.0283906630998,4.43881536895e-06
1980,40,1603,1599,196,146,3,2,0.000625390869293,0.000625390869293,NaN,NaN,0.00313872579118,9.81465225509e-07
1980,40,1603,1599,196,149,3,2,0.000625390869293,0.000625390869293,NaN,NaN,398.999530663,0.124765331665
1980,40,1603,1599,196,157,3,2,0.000625390869293,0.00125078173859,NaN,NaN,0.0062813823598,1.96415958718e-06
1980,40,1603,1599,196,159,3,2,0.000625390869293,0.00375234521576,NaN,NaN,0.0188914644607,5.90727469064e-06
1980,40,1603,1599,196,164,3,2,0.000625390869293,0.000625390869293,NaN,NaN,0.00313872579118,9.81465225509e-07
1980,40,1603,1599,196,167,3,2,0.000625390869293,0.00312695434647,NaN,NaN,0.0157330107099,4.91964062222e-06
1980,40,1603,1599,196,177,3,2,0.000625390869293,0.000625390869293,NaN,NaN,0.00313872579118,9.81465225509e-07
1980,40,1603,1598,196,186,3,2,0.000625782227785,0.000625782227785,NaN,NaN,0.00314069734487,9.82696290636e-07
1980,40,1603,1599,196,188,3,2,0.000625390869293,0.00625390869293,NaN,NaN,0.0315650334443,9.87024185251e-06
1980,40,1603,1599,196,192,3,3,0.000625390869293,0.000625390869293,NaN,NaN,0.0062813823598,9.8207979359e-07
1980,40,1603,1599,196,198,3,2,0.000625390869293,0.00312695434647,NaN,NaN,0.0157330107099,4.91964062222e-06
1980,40,1603,1599,196,200,3,2,0.000625390869293,0.00125078173859,NaN,NaN,0.0062813823598,1.96415958718e-06
1980,40,1603,1599,196,207,3,2,0.000625390869293,0.00813008130081,NaN,NaN,0.0411121624123,1.28555854948e-05
1980,40,1603,1599,196,208,3,2,0.000625390869293,0.000625390869293,NaN,NaN,0.00313872579118,9.81465225509e-07
1980,40,1603,1599,196,211,3,2,0.000625390869293,0.000625390869293,NaN,NaN,0.00313872579118,9.81465225509e-07
1980,40,1603,1599,196,215,3,2,0.000625390869293,0.00125078173859,NaN,NaN,0.0062813823598,1.96415958718e-06
1980,40,1603,1599,196,218,3,3,0.000625390869293,0.00125078173859,NaN,NaN,0.0252202831643,3.94313370299e-06
1980,40,1603,1599,196,220,3,2,0.000625390869293,0.00125078173859,NaN,NaN,0.0062813823598,1.96415958718e-06
1980,40,1603,1599,196,221,3,3,0.000625390869293,0.000625390869293,NaN,NaN,0.0062813823598,9.8207979359e-07
1980,40,1603,1599,196,222,3,2,0.000625390869293,0.000625390869293,NaN,NaN,0.00313872579118,9.81465225509e-07
1980,40,1603,1599,196,226,3,2,0.000625390869293,0.000625390869293,NaN,NaN,0.00313872579118,9.81465225509e-07
1980,40,1603,1599,196,227,3,2,0.000625390869293,0.000625390869293,NaN,NaN,0.00313872579118,9.81465225509e-07
1980,40,1603,1599,196,232,3,2,0.000625390869293,0.000625390869293,NaN,NaN,0.00313872579118,9.81465225509e-07
1980,40,1603,1599,196,233,3,2,0.000625390869293,0.000625390869293,NaN,NaN,0.00313872579118,9.81465225509e-07
1980,40,1603,1599,196,240,3,2,0.000625390869293,0.00187617260788,NaN,NaN,0.00942797709456,2.94808539542e-06
1980,40,1603,1599,196,244,3,2,0.000625390869293,0.000625390869293,NaN,NaN,0.00313872579118,9.81465225509e-07
1980,40,1603,1599,196,245,3,2,0.000625390869293,0.000625390869293,NaN,NaN,0.00313872579118,9.81465225509e-07
1980,40,1603,1599,197,15,2,2,0.000625390869293,0.000625390869293,-3.91113739284e-07,0.999999999716,0.000626173831181,3.91603396611e-07
1980,40,1603,1599,197,20,2,3,0.000625390869293,0.000625390869293,NaN,NaN,0.00125313185,3.91848608506e-07
1980,40,1603,1599,197,22,2,2,0.000625390869293,0.00125078173859,-7.82227478791e-07,0.999999999999,0.00125313185,7.83697217013e-07
1980,40,1603,1599,197,26,2,2,0.000625390869293,0.00375234521576,-2.34668243637e-06,0.999999999999,0.00376883533796,2.35699520823e-06
1980,40,1603,1599,197,33,2,2,0.000625390869293,0.000625390869293,-3.91113739284e-07,0.999999999716,0.000626173831181,3.91603396611e-07
1980,40,1603,1599,197,35,2,2,0.000625390869293,0.000625390869293,-3.91113739284e-07,0.999999999716,0.000626173831181,3.91603396611e-07
1980,40,1603,1599,197,46,2,3,0.000625390869293,0.000625390869293,NaN,NaN,0.00125313185,3.91848608506e-07
1980,40,1603,1599,197,48,2,2,0.000625390869293,0.000625390869293,-3.91113739284e-07,0.999999999716,0.000626173831181,3.91603396611e-07
1980,40,1603,1599,197,49,2,2,0.000625390869293,0.000625390869293,-3.91113739284e-07,0.999999999716,0.000626173831181,3.91603396611e-07
1980,40,1603,1599,197,55,2,2,0.000625390869293,0.000625390869293,-3.91113739284e-07,0.999999999716,0.000626173831181,3.91603396611e-07
1980,40,1603,1599,197,60,2,2,0.000625390869293,0.000625390869293,-3.91113739284e-07,0.999999999716,0.000626173831181,3.91603396611e-07
1980,40,1603,1599,197,64,2,2,0.000625390869293,0.00250156347717,-1.56445495758e-06,0.999999999999,0.00250940635041,1.5693598189e-06
1980,40,1603,1599,197,73,2,2,0.000625390869293,0.000625390869293,-3.91113739284e-07,0.999999999716,0.000626173831181,3.91603396611e-07
1980,40,1603,1599,197,77,2,2,0.000625390869293,0.00375234521576,-2.34668243637e-06,0.999999999999,0.00376883533796,2.35699520823e-06
1980,40,1603,1599,197,94,2,2,0.000625390869293,0.000625390869293,-3.91113739284e-07,0.999999999716,0.000626173831181,3.91603396611e-07
1980,40,1603,1599,197,97,2,3,0.000625390869293,0.000625390869293,NaN,NaN,0.00125313185,3.91848608506e-07
1980,40,1603,1599,197,101,2,2,0.000625390869293,0.00125078173859,-7.82227478791e-07,0.999999999999,0.00125313185,7.83697217013e-07
1980,40,1603,1599,197,105,2,2,0.000625390869293,0.293308317699,0.000441958525517,1.0,2.41088941134,0.00150774822473
1980,40,1603,1599,197,115,2,3,0.000625390869293,0.000625390869293,NaN,NaN,0.00125313185,3.91848608506e-07
1980,40,1603,1599,197,123,2,3,0.000625390869293,0.000625390869293,NaN,NaN,0.00250940635041,7.84679909448e-07
1980,40,1603,1599,197,124,2,2,0.000625390869293,0.00187617260788,-1.17334121807e-06,0.999999999905,0.0018808755305,1.17628238305e-06
1980,40,1603,1599,197,130,2,2,0.000625390869293,0.000625390869293,-3.91113739284e-07,0.999999999716,0.000626173831181,3.91603396611e-07
1980,40,1603,1599,197,131,2,2,0.000625390869293,0.00125078173859,-7.82227478791e-07,0.999999999999,0.00125313185,7.83697217013e-07
1980,40,1603,1599,197,140,2,3,0.000625390869293,0.00125078173859,NaN,NaN,0.00566391952204,1.77108177675e-06
1980,40,1603,1599,197,146,2,2,0.000625390869293,0.000625390869293,-3.91113739284e-07,0.999999999716,0.000626173831181,3.91603396611e-07
1980,40,1603,1599,197,149,2,2,0.000625390869293,0.000625390869293,-3.91113739284e-07,0.999999999716,0.000626173831181,3.91603396611e-07
1980,40,1603,1599,197,157,2,2,0.000625390869293,0.00125078173859,-7.82227478791e-07,0.999999999999,0.00125313185,7.83697217013e-07
1980,40,1603,1599,197,159,2,2,0.000625390869293,0.00375234521576,-2.34668243637e-06,0.999999999999,0.00376883533796,2.35699520823e-06
1980,40,1603,1599,197,164,2,2,0.000625390869293,0.000625390869293,-3.91113739284e-07,0.999999999716,0.000626173831181,3.91603396611e-07
1980,40,1603,1599,197,167,2,2,0.000625390869293,0.00312695434647,-1.95556869687e-06,0.999999999943,0.00313872579118,1.96293045102e-06
1980,40,1603,1599,197,177,2,2,0.000625390869293,0.000625390869293,-3.91113739284e-07,0.999999999716,0.000626173831181,3.91603396611e-07
1980,40,1603,1598,197,186,2,2,0.000625782227785,0.000625782227785,-3.91603396599e-07,0.999999999969,0.000626566170367,3.92093973947e-07
1980,40,1603,1599,197,188,2,2,0.000625390869293,0.00625390869293,-3.91113739395e-06,0.999999999999,0.00629720441931,3.93821414591e-06
1980,40,1603,1599,197,192,2,3,0.000625390869293,0.000625390869293,NaN,NaN,0.00125313185,3.91848608506e-07
1980,40,1603,1599,197,198,2,2,0.000625390869293,0.00312695434647,-1.95556869687e-06,0.999999999943,0.00313872579118,1.96293045102e-06
1980,40,1603,1599,197,200,2,2,0.000625390869293,0.00125078173859,-7.82227478791e-07,0.999999999999,0.00125313185,7.83697217013e-07
1980,40,1603,1599,197,207,2,2,0.000625390869293,0.00813008130081,-5.08447861203e-06,0.999999999978,0.008201850674,5.12936252283e-06
1980,40,1603,1599,197,208,2,2,0.000625390869293,0.000625390869293,-3.91113739284e-07,0.999999999716,0.000626173831181,3.91603396611e-07
1980,40,1603,1599,197,211,2,2,0.000625390869293,0.000625390869293,-3.91113739284e-07,0.999999999716,0.000626173831181,3.91603396611e-07
1980,40,1603,1599,197,215,2,2,0.000625390869293,0.00125078173859,-7.82227478791e-07,0.999999999999,0.00125313185,7.83697217013e-07
1980,40,1603,1599,197,218,2,3,0.000625390869293,0.00125078173859,NaN,NaN,0.00503143070888,1.57330541241e-06
1980,40,1603,1599,197,220,2,2,0.000625390869293,0.00125078173859,-7.82227478791e-07,0.999999999999,0.00125313185,7.83697217013e-07
1980,40,1603,1599,197,221,2,3,0.000625390869293,0.000625390869293,NaN,NaN,0.00125313185,3.91848608506e-07
1980,40,1603,1599,197,222,2,2,0.000625390869293,0.000625390869293,-3.91113739284e-07,0.999999999716,0.000626173831181,3.91603396611e-07
1980,40,1603,1599,197,226,2,2,0.000625390869293,0.000625390869293,-3.91113739284e-07,0.999999999716,0.000626173831181,3.91603396611e-07
1980,40,1603,1599,197,227,2,2,0.000625390869293,0.000625390869293,-3.91113739284e-07,0.999999999716,0.000626173831181,3.91603396611e-07
1980,40,1603,1599,197,232,2,2,0.000625390869293,0.000625390869293,-3.91113739284e-07,0.999999999716,0.000626173831181,3.91603396611e-07
1980,40,1603,1599,197,233,2,2,0.000625390869293,0.000625390869293,-3.91113739284e-07,0.999999999716,0.000626173831181,3.91603396611e-07
1980,40,1603,1599,197,240,2,2,0.000625390869293,0.00187617260788,-1.17334121807e-06,0.999999999905,0.0018808755305,1.17628238305e-06
1980,40,1603,1599,197,244,2,2,0.000625390869293,0.000625390869293,-3.91113739284e-07,0.999999999716,0.000626173831181,3.91603396611e-07
1980,40,1603,1599,197,245,2,2,0.000625390869293,0.000625390869293,-3.91113739284e-07,0.999999999716,0.000626173831181,3.91603396611e-07
1980,40,1603,1599,199,15,3,2,0.000625390869293,0.000625390869293,NaN,NaN,0.0018808755305,5.88141191527e-07
1980,40,1603,1599,199,20,3,3,0.000625390869293,0.000625390869293,NaN,NaN,0.003764106572,5.88509470294e-07
1980,40,1603,1599,199,22,3,2,0.000625390869293,0.00125078173859,NaN,NaN,0.003764106572,1.17701894059e-06
1980,40,1603,1599,199,26,3,2,0.000625390869293,0.00375234521576,NaN,NaN,0.0113206745678,3.53992325446e-06
1980,40,1603,1599,199,33,3,2,0.000625390869293,0.000625390869293,NaN,NaN,0.0018808755305,5.88141191527e-07
1980,40,1603,1599,199,35,3,2,0.000625390869293,0.000625390869293,NaN,NaN,0.0018808755305,5.88141191527e-07
1980,40,1603,1599,199,46,3,3,0.000625390869293,0.000625390869293,NaN,NaN,0.003764106572,5.88509470294e-07
1980,40,1603,1599,199,48,3,2,0.000625390869293,0.000625390869293,NaN,NaN,0.0018808755305,5.88141191527e-07
1980,40,1603,1599,199,49,3,2,0.000625390869293,0.000625390869293,NaN,NaN,0.0018808755305,5.88141191527e-07
1980,40,1603,1599,199,55,3,2,0.000625390869293,0.000625390869293,NaN,NaN,0.0018808755305,5.88141191527e-07
1980,40,1603,1599,199,60,3,2,0.000625390869293,0.000625390869293,NaN,NaN,0.0018808755305,5.88141191527e-07
1980,40,1603,1599,199,64,3,2,0.000625390869293,0.00250156347717,NaN,NaN,0.0075376529097,2.35698965282e-06
1980,40,1603,1599,199,73,3,2,0.000625390869293,0.000625390869293,NaN,NaN,0.0018808755305,5.88141191527e-07
1980,40,1603,1599,199,77,3,2,0.000625390869293,0.00375234521576,NaN,NaN,0.0113206745678,3.53992325446e-06
1980,40,1603,1599,199,94,3,2,0.000625390869293,0.000625390869293,NaN,NaN,0.0018808755305,5.88141191527e-07
1980,40,1603,1599,199,97,3,3,0.000625390869293,0.000625390869293,NaN,NaN,0.003764106572,5.88509470294e-07
1980,40,1603,1599,199,101,3,2,0.000625390869293,0.00125078173859,NaN,NaN,0.003764106572,1.17701894059e-06
1980,40,1603,1599,199,105,3,2,0.000625390869293,0.293308317699,NaN,NaN,1.24747321844,0.000390079180252
1980,40,1603,1599,199,115,3,3,0.000625390869293,0.000625390869293,NaN,NaN,0.003764106572,5.88509470294e-07
1980,40,1603,1599,199,123,3,3,0.000625390869293,0.000625390869293,NaN,NaN,0.0075376529097,1.17849482641e-06
1980,40,1603,1599,199,124,3,2,0.000625390869293,0.00187617260788,NaN,NaN,0.00564969755215,1.76663463169e-06
1980,40,1603,1599,199,130,3,2,0.000625390869293,0.000625390869293,NaN,NaN,0.0018808755305,5.88141191527e-07
1980,40,1603,1599,199,131,3,2,0.000625390869293,0.00125078173859,NaN,NaN,0.003764106572,1.17701894059e-06
1980,40,1603,1599,199,140,3,3,0.000625390869293,0.00125078173859,NaN,NaN,0.0170130514967,2.65995176621e-06
1980,40,1603,1599,199,146,3,2,0.000625390869293,0.000625390869293,NaN,NaN,0.0018808755305,5.88141191527e-07
1980,40,1603,1599,199,149,3,2,0.000625390869293,0.000625390869293,NaN,NaN,0.0018808755305,5.88141191527e-07
1980,40,1603,1599,199,157,3,2,0.000625390869293,0.00125078173859,NaN,NaN,0.003764106572,1.17701894059e-06
1980,40,1603,1599,199,159,3,2,0.000625390869293,0.00375234521576,NaN,NaN,0.0113206745678,3.53992325446e-06
1980,40,1603,1599,199,164,3,2,0.000625390869293,0.000625390869293,NaN,NaN,0.0018808755305,5.88141191527e-07
1980,40,1603,1599,199,167,3,2,0.000625390869293,0.00312695434647,NaN,NaN,0.00942797709456,2.94808539542e-06
1980,40,1603,1599,199,177,3,2,0.000625390869293,0.000625390869293,NaN,NaN,0.0018808755305,5.88141191527e-07
1980,40,1603,1598,199,186,3,2,0.000625782227785,0.000625782227785,NaN,NaN,0.00188205549983,5.88878441749e-07
1980,40,1603,1599,199,188,3,2,0.000625390869293,0.00625390869293,NaN,NaN,0.0189152869587,5.91472387703e-06
1980,40,1603,1599,199,192,3,3,0.000625390869293,0.000625390869293,NaN,NaN,0.003764106572,5.88509470294e-07
1980,40,1603,1599,199,198,3,2,0.000625390869293,0.00312695434647,NaN,NaN,0.00942797709456,2.94808539542e-06
1980,40,1603,1599,199,200,3,2,0.000625390869293,0.00125078173859,NaN,NaN,0.003764106572,1.17701894059e-06
1980,40,1603,1599,199,207,3,2,0.000625390869293,0.00813008130081,NaN,NaN,0.0246363860471,7.70368544312e-06
1980,40,1603,1599,199,208,3,2,0.000625390869293,0.000625390869293,NaN,NaN,0.0018808755305,5.88141191527e-07
1980,40,1603,1599,199,211,3,2,0.000625390869293,0.000625390869293,NaN,NaN,0.0018808755305,5.88141191527e-07
1980,40,1603,1599,199,215,3,2,0.000625390869293,0.00125078173859,NaN,NaN,0.003764106572,1.17701894059e-06
1980,40,1603,1599,199,218,3,3,0.000625390869293,0.00125078173859,NaN,NaN,0.0151132072797,2.36291545961e-06
1980,40,1603,1599,199,220,3,2,0.000625390869293,0.00125078173859,NaN,NaN,0.003764106572,1.17701894059e-06
1980,40,1603,1599,199,221,3,3,0.000625390869293,0.000625390869293,NaN,NaN,0.003764106572,5.88509470294e-07
1980,40,1603,1599,199,222,3,2,0.000625390869293,0.000625390869293,NaN,NaN,0.0018808755305,5.88141191527e-07
1980,40,1603,1599,199,226,3,2,0.000625390869293,0.000625390869293,NaN,NaN,0.0018808755305,5.88141191527e-07
1980,40,1603,1599,199,227,3,2,0.000625390869293,0.000625390869293,NaN,NaN,0.0018808755305,5.88141191527e-07
1980,40,1603,1599,199,232,3,2,0.000625390869293,0.000625390869293,NaN,NaN,0.0018808755305,5.88141191527e-07
1980,40,1603,1599,199,233,3,2,0.000625390869293,0.000625390869293,NaN,NaN,0.0018808755305,5.88141191527e-07
1980,40,1603,1599,199,240,3,2,0.000625390869293,0.00187617260788,NaN,NaN,0.00564969755215,1.76663463169e-06
1980,40,1603,1599,199,244,3,2,0.000625390869293,0.000625390869293,NaN,NaN,0.0018808755305,5.88141191527e-07
1980,40,1603,1599,199,245,3,2,0.000625390869293,0.000625390869293,NaN,NaN,0.0018808755305,5.88141191527e-07
1980,40,1603,1599,203,15,2,2,0.000625390869293,0.000625390869293,-3.91113739284e-07,0.999999999716,0.000626173831181,3.91603396611e-07
1980,40,1603,1599,203,20,2,3,0.000625390869293,0.000625390869293,NaN,NaN,0.00125313185,3.91848608506e-07
1980,40,1603,1599,203,22,2,2,0.000625390869293,0.00125078173859,-7.82227478791e-07,0.999999999999,0.00125313185,7.83697217013e-07
1980,40,1603,1599,203,26,2,2,0.000625390869293,0.00375234521576,-2.34668243637e-06,0.999999999999,0.00376883533796,2.35699520823e-06
1980,40,1603,1599,203,33,2,2,0.000625390869293,0.000625390869293,-3.91113739284e-07,0.999999999716,0.000626173831181,3.91603396611e-07
1980,40,1603,1599,203,35,2,2,0.000625390869293,0.000625390869293,-3.91113739284e-07,0.999999999716,0.000626173831181,3.91603396611e-07
1980,40,1603,1599,203,46,2,3,0.000625390869293,0.000625390869293,NaN,NaN,0.00125313185,3.91848608506e-07
1980,40,1603,1599,203,48,2,2,0.000625390869293,0.000625390869293,-3.91113739284e-07,0.999999999716,0.000626173831181,3.91603396611e-07
1980,40,1603,1599,203,49,2,2,0.000625390869293,0.000625390869293,-3.91113739284e-07,0.999999999716,0.000626173831181,3.91603396611e-07
1980,40,1603,1599,203,55,2,2,0.000625390869293,0.000625390869293,-3.91113739284e-07,0.999999999716,0.000626173831181,3.91603396611e-07
1980,40,1603,1599,203,60,2,2,0.000625390869293,0.000625390869293,-3.91113739284e-07,0.999999999716,0.000626173831181,3.91603396611e-07
1980,40,1603,1599,203,64,2,2,0.000625390869293,0.00250156347717,-1.56445495758e-06,0.999999999999,0.00250940635041,1.5693598189e-06
1980,40,1603,1599,203,73,2,2,0.000625390869293,0.000625390869293,-3.91113739284e-07,0.999999999716,0.000626173831181,3.91603396611e-07
1980,40,1603,1599,203,77,2,2,0.000625390869293,0.00375234521576,-2.34668243637e-06,0.999999999999,0.00376883533796,2.35699520823e-06
1980,40,1603,1599,203,94,2,2,0.000625390869293,0.000625390869293,-3.91113739284e-07,0.999999999716,0.000626173831181,3.91603396611e-07
1980,40,1603,1599,203,97,2,3,0.000625390869293,0.000625390869293,NaN,NaN,0.00125313185,3.91848608506e-07
1980,40,1603,1599,203,101,2,2,0.000625390869293,0.00125078173859,-7.82227478791e-07,0.999999999999,0.00125313185,7.83697217013e-07
1980,40,1603,1599,203,105,2,2,0.000625390869293,0.293308317699,-0.000183432343776,1.0,0.415303975102,0.00025972731401
1980,40,1603,1599,203,115,2,3,0.000625390869293,0.000625390869293,NaN,NaN,0.00125313185,3.91848608506e-07
1980,40,1603,1599,203,123,2,3,0.000625390869293,0.000625390869293,NaN,NaN,0.00250940635041,7.84679909448e-07
1980,40,1603,1599,203,124,2,2,0.000625390869293,0.00187617260788,-1.17334121807e-06,0.999999999905,0.0018808755305,1.17628238305e-06
1980,40,1603,1599,203,130,2,2,0.000625390869293,0.000625390869293,-3.91113739284e-07,0.999999999716,0.000626173831181,3.91603396611e-07
1980,40,1603,1599,203,131,2,2,0.000625390869293,0.00125078173859,-7.82227478791e-07,0.999999999999,0.00125313185,7.83697217013e-07
1980,40,1603,1599,203,140,2,3,0.000625390869293,0.00125078173859,NaN,NaN,0.00566391952204,1.77108177675e-06
1980,40,1603,1599,203,146,2,2,0.000625390869293,0.000625390869293,-3.91113739284e-07,0.999999999716,0.000626173831181,3.91603396611e-07
1980,40,1603,1599,203,149,2,2,0.000625390869293,0.000625390869293,-3.91113739284e-07,0.999999999716,0.000626173831181,3.91603396611e-07
1980,40,1603,1599,203,157,2,2,0.000625390869293,0.00125078173859,-7.82227478791e-07,0.999999999999,0.00125313185,7.83697217013e-07
1980,40,1603,1599,203,159,2,2,0.000625390869293,0.00375234521576,-2.34668243637e-06,0.999999999999,0.00376883533796,2.35699520823e-06
1980,40,1603,1599,203,164,2,2,0.000625390869293,0.000625390869293,-3.91113739284e-07,0.999999999716,0.000626173831181,3.91603396611e-07
1980,40,1603,1599,203,167,2,2,0.000625390869293,0.00312695434647,-1.95556869687e-06,0.999999999943,0.00313872579118,1.96293045102e-06
1980,40,1603,1599,203,177,2,2,0.000625390869293,0.000625390869293,-3.91113739284e-07,0.999999999716,0.000626173831181,3.91603396611e-07
1980,40,1603,1598,203,186,2,2,0.000625782227785,0.000625782227785,-3.91603396599e-07,0.999999999969,0.000626566170367,3.92093973947e-07
1980,40,1603,1599,203,188,2,2,0.000625390869293,0.00625390869293,-3.91113739395e-06,0.999999999999,0.00629720441931,3.93821414591e-06
1980,40,1603,1599,203,192,2,3,0.000625390869293,0.000625390869293,NaN,NaN,0.00125313185,3.91848608506e-07
1980,40,1603,1599,203,198,2,2,0.000625390869293,0.00312695434647,-1.95556869687e-06,0.999999999943,0.00313872579118,1.96293045102e-06
1980,40,1603,1599,203,200,2,2,0.000625390869293,0.00125078173859,-7.82227478791e-07,0.999999999999,0.00125313185,7.83697217013e-07
1980,40,1603,1599,203,207,2,2,0.000625390869293,0.00813008130081,-5.08447861203e-06,0.999999999978,0.008201850674,5.12936252283e-06
1980,40,1603,1599,203,208,2,2,0.000625390869293,0.000625390869293,-3.91113739284e-07,0.999999999716,0.000626173831181,3.91603396611e-07
1980,40,1603,1599,203,211,2,2,0.000625390869293,0.000625390869293,-3.91113739284e-07,0.999999999716,0.000626173831181,3.91603396611e-07
1980,40,1603,1599,203,215,2,2,0.000625390869293,0.00125078173859,-7.82227478791e-07,0.999999999999,0.00125313185,7.83697217013e-07
1980,40,1603,1599,203,218,2,3,0.000625390869293,0.00125078173859,NaN,NaN,0.00503143070888,1.57330541241e-06
1980,40,1603,1599,203,220,2,2,0.000625390869293,0.00125078173859,-7.82227478791e-07,0.999999999999,0.00125313185,7.83697217013e-07
1980,40,1603,1599,203,221,2,3,0.000625390869293,0.000625390869293,NaN,NaN,0.00125313185,3.91848608506e-07
1980,40,1603,1599,203,222,2,2,0.000625390869293,0.000625390869293,-3.91113739284e-07,0.999999999716,0.000626173831181,3.91603396611e-07
1980,40,1603,1599,203,226,2,2,0.000625390869293,0.000625390869293,-3.91113739284e-07,0.999999999716,0.000626173831181,3.91603396611e-07
1980,40,1603,1599,203,227,2,2,0.000625390869293,0.000625390869293,-3.91113739284e-07,0.999999999716,0.000626173831181,3.91603396611e-07
1980,40,1603,1599,203,232,2,2,0.000625390869293,0.000625390869293,-3.91113739284e-07,0.999999999716,0.000626173831181,3.91603396611e-07
1980,40,1603,1599,203,233,2,2,0.000625390869293,0.000625390869293,-3.91113739284e-07,0.999999999716,0.000626173831181,3.91603396611e-07
1980,40,1603,1599,203,240,2,2,0.000625390869293,0.00187617260788,-1.17334121807e-06,0.999999999905,0.0018808755305,1.17628238305e-06
1980,40,1603,1599,203,244,2,2,0.000625390869293,0.000625390869293,-3.91113739284e-07,0.999999999716,0.000626173831181,3.91603396611e-07
1980,40,1603,1599,203,245,2,2,0.000625390869293,0.000625390869293,-3.91113739284e-07,0.999999999716,0.000626173831181,3.91603396611e-07
1980,40,1603,1599,204,15,2,2,0.000625390869293,0.000625390869293,-3.91113739284e-07,0.999999999716,0.000626173831181,3.91603396611e-07
1980,40,1603,1599,204,20,2,3,0.000625390869293,0.000625390869293,NaN,NaN,0.00125313185,3.91848608506e-07
1980,40,1603,1599,204,22,2,2,0.000625390869293,0.00125078173859,-7.82227478791e-07,0.999999999999,0.00125313185,7.83697217013e-07
1980,40,1603,1599,204,26,2,2,0.000625390869293,0.00375234521576,-2.34668243637e-06,0.999999999999,0.00376883533796,2.35699520823e-06
1980,40,1603,1599,204,33,2,2,0.000625390869293,0.000625390869293,-3.91113739284e-07,0.999999999716,0.000626173831181,3.91603396611e-07
1980,40,1603,1599,204,35,2,2,0.000625390869293,0.000625390869293,-3.91113739284e-07,0.999999999716,0.000626173831181,3.91603396611e-07
1980,40,1603,1599,204,46,2,3,0.000625390869293,0.000625390869293,NaN,NaN,0.00125313185,3.91848608506e-07
1980,40,1603,1599,204,48,2,2,0.000625390869293,0.000625390869293,-3.91113739284e-07,0.999999999716,0.000626173831181,3.91603396611e-07
1980,40,1603,1599,204,49,2,2,0.000625390869293,0.000625390869293,-3.91113739284e-07,0.999999999716,0.000626173831181,3.91603396611e-07
1980,40,1603,1599,204,55,2,2,0.000625390869293,0.000625390869293,-3.91113739284e-07,0.999999999716,0.000626173831181,3.91603396611e-07
1980,40,1603,1599,204,60,2,2,0.000625390869293,0.000625390869293,-3.91113739284e-07,0.999999999716,0.000626173831181,3.91603396611e-07
1980,40,1603,1599,204,64,2,2,0.000625390869293,0.00250156347717,-1.56445495758e-06,0.999999999999,0.00250940635041,1.5693598189e-06
1980,40,1603,1599,204,73,2,2,0.000625390869293,0.000625390869293,-3.91113739284e-07,0.999999999716,0.000626173831181,3.91603396611e-07
1980,40,1603,1599,204,77,2,2,0.000625390869293,0.00375234521576,-2.34668243637e-06,0.999999999999,0.00376883533796,2.35699520823e-06
1980,40,1603,1599,204,94,2,2,0.000625390869293,0.000625390869293,-3.91113739284e-07,0.999999999716,0.000626173831181,3.91603396611e-07
1980,40,1603,1599,204,97,2,3,0.000625390869293,0.000625390869293,NaN,NaN,0.00125313185,3.91848608506e-07
1980,40,1603,1599,204,101,2,2,0.000625390869293,0.00125078173859,-7.82227478791e-07,0.999999999999,0.00125313185,7.83697217013e-07
1980,40,1603,1599,204,105,2,2,0.000625390869293,0.293308317699,-0.000183432343776,1.0,0.415303975102,0.00025972731401
1980,40,1603,1599,204,115,2,3,0.000625390869293,0.000625390869293,NaN,NaN,0.00125313185,3.91848608506e-07
1980,40,1603,1599,204,123,2,3,0.000625390869293,0.000625390869293,NaN,NaN,0.00250940635041,7.84679909448e-07
1980,40,1603,1599,204,124,2,2,0.000625390869293,0.00187617260788,-1.17334121807e-06,0.999999999905,0.0018808755305,1.17628238305e-06
1980,40,1603,1599,204,130,2,2,0.000625390869293,0.000625390869293,-3.91113739284e-07,0.999999999716,0.000626173831181,3.91603396611e-07
1980,40,1603,1599,204,131,2,2,0.000625390869293,0.00125078173859,-7.82227478791e-07,0.999999999999,0.00125313185,7.83697217013e-07
1980,40,1603,1599,204,140,2,3,0.000625390869293,0.00125078173859,NaN,NaN,0.00566391952204,1.77108177675e-06
1980,40,1603,1599,204,146,2,2,0.000625390869293,0.000625390869293,-3.91113739284e-07,0.999999999716,0.000626173831181,3.91603396611e-07
1980,40,1603,1599,204,149,2,2,0.000625390869293,0.000625390869293,-3.91113739284e-07,0.999999999716,0.000626173831181,3.91603396611e-07
1980,40,1603,1599,204,157,2,2,0.000625390869293,0.00125078173859,-7.82227478791e-07,0.999999999999,0.00125313185,7.83697217013e-07
1980,40,1603,1599,204,159,2,2,0.000625390869293,0.00375234521576,-2.34668243637e-06,0.999999999999,0.00376883533796,2.35699520823e-06
1980,40,1603,1599,204,164,2,2,0.000625390869293,0.000625390869293,-3.91113739284e-07,0.999999999716,0.000626173831181,3.91603396611e-07
1980,40,1603,1599,204,167,2,2,0.000625390869293,0.00312695434647,-1.95556869687e-06,0.999999999943,0.00313872579118,1.96293045102e-06
1980,40,1603,1599,204,177,2,2,0.000625390869293,0.000625390869293,-3.91113739284e-07,0.999999999716,0.000626173831181,3.91603396611e-07
1980,40,1603,1598,204,186,2,2,0.000625782227785,0.000625782227785,-3.91603396599e-07,0.999999999969,0.000626566170367,3.92093973947e-07
1980,40,1603,1599,204,188,2,2,0.000625390869293,0.00625390869293,-3.91113739395e-06,0.999999999999,0.00629720441931,3.93821414591e-06
1980,40,1603,1599,204,192,2,3,0.000625390869293,0.000625390869293,NaN,NaN,0.00125313185,3.91848608506e-07
1980,40,1603,1599,204,198,2,2,0.000625390869293,0.00312695434647,-1.95556869687e-06,0.999999999943,0.00313872579118,1.96293045102e-06
1980,40,1603,1599,204,200,2,2,0.000625390869293,0.00125078173859,-7.82227478791e-07,0.999999999999,0.00125313185,7.83697217013e-07
1980,40,1603,1599,204,207,2,2,0.000625390869293,0.00813008130081,-5.08447861203e-06,0.999999999978,0.008201850674,5.12936252283e-06
1980,40,1603,1599,204,208,2,2,0.000625390869293,0.000625390869293,-3.91113739284e-07,0.999999999716,0.000626173831181,3.91603396611e-07
1980,40,1603,1599,204,211,2,2,0.000625390869293,0.000625390869293,-3.91113739284e-07,0.999999999716,0.000626173831181,3.91603396611e-07
1980,40,1603,1599,204,215,2,2,0.000625390869293,0.00125078173859,-7.82227478791e-07,0.999999999999,0.00125313185,7.83697217013e-07
1980,40,1603,1599,204,218,2,3,0.000625390869293,0.00125078173859,NaN,NaN,0.00503143070888,1.57330541241e-06
1980,40,1603,1599,204,220,2,2,0.000625390869293,0.00125078173859,-7.82227478791e-07,0.999999999999,0.00125313185,7.83697217013e-07
1980,40,1603,1599,204,221,2,3,0.000625390869293,0.000625390869293,NaN,NaN,0.00125313185,3.91848608506e-07
1980,40,1603,1599,204,222,2,2,0.000625390869293,0.000625390869293,-3.91113739284e-07,0.999999999716,0.000626173831181,3.91603396611e-07
1980,40,1603,1599,204,226,2,2,0.000625390869293,0.000625390869293,-3.91113739284e-07,0.999999999716,0.000626173831181,3.91603396611e-07
1980,40,1603,1599,204,227,2,2,0.000625390869293,0.000625390869293,-3.91113739284e-07,0.999999999716,0.000626173831181,3.91603396611e-07
1980,40,1603,1599,204,232,2,2,0.000625390869293,0.000625390869293,-3.91113739284e-07,0.999999999716,0.000626173831181,3.91603396611e-07
1980,40,1603,1599,204,233,2,2,0.000625390869293,0.000625390869293,-3.91113739284e-07,0.999999999716,0.000626173831181,3.91603396611e-07
1980,40,1603,1599,204,240,2,2,0.000625390869293,0.00187617260788,-1.17334121807e-06,0.999999999905,0.0018808755305,1.17628238305e-06
1980,40,1603,1599,204,244,2,2,0.000625390869293,0.000625390869293,-3.91113739284e-07,0.999999999716,0.000626173831181,3.91603396611e-07
1980,40,1603,1599,204,245,2,2,0.000625390869293,0.000625390869293,-3.91113739284e-07,0.999999999716,0.000626173831181,3.91603396611e-07
1980,40,1603,1599,211,15,3,2,0.000625390869293,0.000625390869293,NaN,NaN,0.00125313185,3.91848608506e-07
1980,40,1603,1599,211,20,3,3,0.000625390869293,0.000625390869293,NaN,NaN,0.00250783305736,3.92093973947e-07
1980,40,1603,1599,211,22,3,2,0.000625390869293,0.00125078173859,NaN,NaN,0.00250783305736,7.84187947894e-07
1980,40,1603,1599,211,26,3,2,0.000625390869293,0.00375234521576,NaN,NaN,0.00754239056989,2.35847109753e-06
1980,40,1603,1599,211,33,3,2,0.000625390869293,0.000625390869293,NaN,NaN,0.00125313185,3.91848608506e-07
1980,40,1603,1599,211,35,3,2,0.000625390869293,0.000625390869293,NaN,NaN,0.00125313185,3.91848608506e-07
1980,40,1603,1599,211,46,3,3,0.000625390869293,0.000625390869293,NaN,NaN,0.00250783305736,3.92093973947e-07
1980,40,1603,1599,211,48,3,2,0.000625390869293,0.000625390869293,NaN,NaN,0.00125313185,3.91848608506e-07
1980,40,1603,1599,211,49,3,2,0.000625390869293,0.000625390869293,NaN,NaN,0.00125313185,3.91848608506e-07
1980,40,1603,1599,211,55,3,2,0.000625390869293,0.000625390869293,NaN,NaN,0.00125313185,3.91848608506e-07
1980,40,1603,1599,211,60,3,2,0.000625390869293,0.000625390869293,NaN,NaN,0.00125313185,3.91848608506e-07
1980,40,1603,1599,211,64,3,2,0.000625390869293,0.00250156347717,NaN,NaN,0.00502195535124,1.57034251133e-06
1980,40,1603,1599,211,73,3,2,0.000625390869293,0.000625390869293,NaN,NaN,0.00125313185,3.91848608506e-07
1980,40,1603,1599,211,77,3,2,0.000625390869293,0.00375234521576,NaN,NaN,0.00754239056989,2.35847109753e-06
1980,40,1603,1599,211,94,3,2,0.000625390869293,0.000625390869293,NaN,NaN,0.00125313185,3.91848608506e-07
1980,40,1603,1599,211,97,3,3,0.000625390869293,0.000625390869293,NaN,NaN,0.00250783305736,3.92093973947e-07
1980,40,1603,1599,211,101,3,2,0.000625390869293,0.00125078173859,NaN,NaN,0.00250783305736,7.84187947894e-07
1980,40,1603,1599,211,105,3,2,0.000625390869293,0.293308317699,NaN,NaN,2.82494214503,0.000883346511893
1980,40,1603,1599,211,115,3,3,0.000625390869293,0.000625390869293,NaN,NaN,0.00250783305736,3.92093973947e-07
1980,40,1603,1599,211,123,3,3,0.000625390869293,0.000625390869293,NaN,NaN,0.00502195535124,7.85171255666e-07
1980,40,1603,1599,211,124,3,2,0.000625390869293,0.00187617260788,NaN,NaN,0.003764106572,1.17701894059e-06
1980,40,1603,1599,211,130,3,2,0.000625390869293,0.000625390869293,NaN,NaN,0.00125313185,3.91848608506e-07
1980,40,1603,1599,211,131,3,2,0.000625390869293,0.00125078173859,NaN,NaN,0.00250783305736,7.84187947894e-07
1980,40,1603,1599,211,140,3,3,0.000625390869293,0.00125078173859,NaN,NaN,0.0113349322432,1.77219078225e-06
1980,40,1603,1599,211,146,3,2,0.000625390869293,0.000625390869293,NaN,NaN,0.00125313185,3.91848608506e-07
1980,40,1603,1599,211,149,3,2,0.000625390869293,0.000625390869293,NaN,NaN,0.00125313185,3.91848608506e-07
1980,40,1603,1599,211,157,3,2,0.000625390869293,0.00125078173859,NaN,NaN,0.00250783305736,7.84187947894e-07
1980,40,1603,1599,211,159,3,2,0.000625390869293,0.00375234521576,NaN,NaN,0.00754239056989,2.35847109753e-06
1980,40,1603,1599,211,164,3,2,0.000625390869293,0.000625390869293,NaN,NaN,0.00125313185,3.91848608506e-07
1980,40,1603,1599,211,167,3,2,0.000625390869293,0.00312695434647,NaN,NaN,0.0062813823598,1.96415958718e-06
1980,40,1603,1599,211,177,3,2,0.000625390869293,0.000625390869293,NaN,NaN,0.00125313185,3.91848608506e-07
1980,40,1603,1598,211,186,3,2,0.000625782227785,0.000625782227785,NaN,NaN,0.00125391751137,3.92339646863e-07
1980,40,1603,1599,211,188,3,2,0.000625390869293,0.00625390869293,NaN,NaN,0.0126022951309,3.94068015351e-06
1980,40,1603,1599,211,192,3,3,0.000625390869293,0.000625390869293,NaN,NaN,0.00250783305736,3.92093973947e-07
1980,40,1603,1599,211,198,3,2,0.000625390869293,0.00312695434647,NaN,NaN,0.0062813823598,1.96415958718e-06
1980,40,1603,1599,211,200,3,2,0.000625390869293,0.00125078173859,NaN,NaN,0.00250783305736,7.84187947894e-07
1980,40,1603,1599,211,207,3,2,0.000625390869293,0.00813008130081,NaN,NaN,0.0164139729205,5.13257439667e-06
1980,40,1603,1599,211,208,3,2,0.000625390869293,0.000625390869293,NaN,NaN,0.00125313185,3.91848608506e-07
1980,40,1603,1599,211,211,3,2,0.000625390869293,0.000625390869293,NaN,NaN,0.00125313185,3.91848608506e-07
1980,40,1603,1599,211,215,3,2,0.000625390869293,0.00125078173859,NaN,NaN,0.00250783305736,7.84187947894e-07
1980,40,1603,1599,211,218,3,3,0.000625390869293,0.00125078173859,NaN,NaN,0.0100691625207,1.57429057547e-06
1980,40,1603,1599,211,220,3,2,0.000625390869293,0.00125078173859,NaN,NaN,0.00250783305736,7.84187947894e-07
1980,40,1603,1599,211,221,3,3,0.000625390869293,0.000625390869293,NaN,NaN,0.00250783305736,3.92093973947e-07
1980,40,1603,1599,211,222,3,2,0.000625390869293,0.000625390869293,NaN,NaN,0.00125313185,3.91848608506e-07
1980,40,1603,1599,211,226,3,2,0.000625390869293,0.000625390869293,NaN,NaN,0.00125313185,3.91848608506e-07
1980,40,1603,1599,211,227,3,2,0.000625390869293,0.000625390869293,NaN,NaN,0.00125313185,3.91848608506e-07
1980,40,1603,1599,211,232,3,2,0.000625390869293,0.000625390869293,NaN,NaN,0.00125313185,3.91848608506e-07
1980,40,1603,1599,211,233,3,2,0.000625390869293,0.000625390869293,NaN,NaN,0.00125313185,3.91848608506e-07
1980,40,1603,1599,211,240,3,2,0.000625390869293,0.00187617260788,NaN,NaN,0.003764106572,1.17701894059e-06
1980,40,1603,1599,211,244,3,2,0.000625390869293,0.000625390869293,NaN,NaN,0.00125313185,3.91848608506e-07
1980,40,1603,1599,211,245,3,2,0.000625390869293,0.000625390869293,NaN,NaN,0.00125313185,3.91848608506e-07
1980,40,1603,1599,214,15,2,2,0.000625390869293,0.000625390869293,-3.91113739284e-07,0.999999999716,0.000626173831181,3.91603396611e-07
1980,40,1603,1599,214,20,2,3,0.000625390869293,0.000625390869293,NaN,NaN,0.00125313185,3.91848608506e-07
1980,40,1603,1599,214,22,2,2,0.000625390869293,0.00125078173859,-7.82227478791e-07,0.999999999999,0.00125313185,7.83697217013e-07
1980,40,1603,1599,214,26,2,2,0.000625390869293,0.00375234521576,-2.34668243637e-06,0.999999999999,0.00376883533796,2.35699520823e-06
1980,40,1603,1599,214,33,2,2,0.000625390869293,0.000625390869293,-3.91113739284e-07,0.999999999716,0.000626173831181,3.91603396611e-07
1980,40,1603,1599,214,35,2,2,0.000625390869293,0.000625390869293,-3.91113739284e-07,0.999999999716,0.000626173831181,3.91603396611e-07
1980,40,1603,1599,214,46,2,3,0.000625390869293,0.000625390869293,NaN,NaN,0.00125313185,3.91848608506e-07
1980,40,1603,1599,214,48,2,2,0.000625390869293,0.000625390869293,-3.91113739284e-07,0.999999999716,0.000626173831181,3.91603396611e-07
1980,40,1603,1599,214,49,2,2,0.000625390869293,0.000625390869293,-3.91113739284e-07,0.999999999716,0.000626173831181,3.91603396611e-07
1980,40,1603,1599,214,55,2,2,0.000625390869293,0.000625390869293,-3.91113739284e-07,0.999999999716,0.000626173831181,3.91603396611e-07
1980,40,1603,1599,214,60,2,2,0.000625390869293,0.000625390869293,-3.91113739284e-07,0.999999999716,0.000626173831181,3.91603396611e-07
1980,40,1603,1599,214,64,2,2,0.000625390869293,0.00250156347717,-1.56445495758e-06,0.999999999999,0.00250940635041,1.5693598189e-06
1980,40,1603,1599,214,73,2,2,0.000625390869293,0.000625390869293,-3.91113739284e-07,0.999999999716,0.000626173831181,3.91603396611e-07
1980,40,1603,1599,214,77,2,2,0.000625390869293,0.00375234521576,-2.34668243637e-06,0.999999999999,0.00376883533796,2.35699520823e-06
1980,40,1603,1599,214,94,2,2,0.000625390869293,0.000625390869293,-3.91113739284e-07,0.999999999716,0.000626173831181,3.91603396611e-07
1980,40,1603,1599,214,97,2,3,0.000625390869293,0.000625390869293,NaN,NaN,0.00125313185,3.91848608506e-07
1980,40,1603,1599,214,101,2,2,0.000625390869293,0.00125078173859,-7.82227478791e-07,0.999999999999,0.00125313185,7.83697217013e-07
1980,40,1603,1599,214,105,2,2,0.000625390869293,0.293308317699,0.000441958525517,1.0,2.41088941134,0.00150774822473
1980,40,1603,1599,214,115,2,3,0.000625390869293,0.000625390869293,NaN,NaN,0.00125313185,3.91848608506e-07
1980,40,1603,1599,214,123,2,3,0.000625390869293,0.000625390869293,NaN,NaN,0.00250940635041,7.84679909448e-07
1980,40,1603,1599,214,124,2,2,0.000625390869293,0.00187617260788,-1.17334121807e-06,0.999999999905,0.0018808755305,1.17628238305e-06
1980,40,1603,1599,214,130,2,2,0.000625390869293,0.000625390869293,-3.91113739284e-07,0.999999999716,0.000626173831181,3.91603396611e-07
1980,40,1603,1599,214,131,2,2,0.000625390869293,0.00125078173859,-7.82227478791e-07,0.999999999999,0.00125313185,7.83697217013e-07
1980,40,1603,1599,214,140,2,3,0.000625390869293,0.00125078173859,NaN,NaN,0.00566391952204,1.77108177675e-06
1980,40,1603,1599,214,146,2,2,0.000625390869293,0.000625390869293,-3.91113739284e-07,0.999999999716,0.000626173831181,3.91603396611e-07
1980,40,1603,1599,214,149,2,2,0.000625390869293,0.000625390869293,-3.91113739284e-07,0.999999999716,0.000626173831181,3.91603396611e-07
1980,40,1603,1599,214,157,2,2,0.000625390869293,0.00125078173859,-7.82227478791e-07,0.999999999999,0.00125313185,7.83697217013e-07
1980,40,1603,1599,214,159,2,2,0.000625390869293,0.00375234521576,-2.34668243637e-06,0.999999999999,0.00376883533796,2.35699520823e-06
1980,40,1603,1599,214,164,2,2,0.000625390869293,0.000625390869293,-3.91113739284e-07,0.999999999716,0.000626173831181,3.91603396611e-07
1980,40,1603,1599,214,167,2,2,0.000625390869293,0.00312695434647,-1.95556869687e-06,0.999999999943,0.00313872579118,1.96293045102e-06
1980,40,1603,1599,214,177,2,2,0.000625390869293,0.000625390869293,-3.91113739284e-07,0.999999999716,0.000626173831181,3.91603396611e-07
1980,40,1603,1598,214,186,2,2,0.000625782227785,0.000625782227785,-3.91603396599e-07,0.999999999969,0.000626566170367,3.92093973947e-07
1980,40,1603,1599,214,188,2,2,0.000625390869293,0.00625390869293,-3.91113739395e-06,0.999999999999,0.00629720441931,3.93821414591e-06
1980,40,1603,1599,214,192,2,3,0.000625390869293,0.000625390869293,NaN,NaN,0.00125313185,3.91848608506e-07
1980,40,1603,1599,214,198,2,2,0.000625390869293,0.00312695434647,-1.95556869687e-06,0.999999999943,0.00313872579118,1.96293045102e-06
1980,40,1603,1599,214,200,2,2,0.000625390869293,0.00125078173859,-7.82227478791e-07,0.999999999999,0.00125313185,7.83697217013e-07
1980,40,1603,1599,214,207,2,2,0.000625390869293,0.00813008130081,-5.08447861203e-06,0.999999999978,0.008201850674,5.12936252283e-06
1980,40,1603,1599,214,208,2,2,0.000625390869293,0.000625390869293,-3.91113739284e-07,0.999999999716,0.000626173831181,3.91603396611e-07
1980,40,1603,1599,214,211,2,2,0.000625390869293,0.000625390869293,-3.91113739284e-07,0.999999999716,0.000626173831181,3.91603396611e-07
1980,40,1603,1599,214,215,2,2,0.000625390869293,0.00125078173859,-7.82227478791e-07,0.999999999999,0.00125313185,7.83697217013e-07
1980,40,1603,1599,214,218,2,3,0.000625390869293,0.00125078173859,NaN,NaN,0.00503143070888,1.57330541241e-06
1980,40,1603,1599,214,220,2,2,0.000625390869293,0.00125078173859,-7.82227478791e-07,0.999999999999,0.00125313185,7.83697217013e-07
1980,40,1603,1599,214,221,2,3,0.000625390869293,0.000625390869293,NaN,NaN,0.00125313185,3.91848608506e-07
1980,40,1603,1599,214,222,2,2,0.000625390869293,0.000625390869293,-3.91113739284e-07,0.999999999716,0.000626173831181,3.91603396611e-07
1980,40,1603,1599,214,226,2,2,0.000625390869293,0.000625390869293,-3.91113739284e-07,0.999999999716,0.000626173831181,3.91603396611e-07
1980,40,1603,1599,214,227,2,2,0.000625390869293,0.000625390869293,-3.91113739284e-07,0.999999999716,0.000626173831181,3.91603396611e-07
1980,40,1603,1599,214,232,2,2,0.000625390869293,0.000625390869293,-3.91113739284e-07,0.999999999716,0.000626173831181,3.91603396611e-07
1980,40,1603,1599,214,233,2,2,0.000625390869293,0.000625390869293,-3.91113739284e-07,0.999999999716,0.000626173831181,3.91603396611e-07
1980,40,1603,1599,214,240,2,2,0.000625390869293,0.00187617260788,-1.17334121807e-06,0.999999999905,0.0018808755305,1.17628238305e-06
1980,40,1603,1599,214,244,2,2,0.000625390869293,0.000625390869293,-3.91113739284e-07,0.999999999716,0.000626173831181,3.91603396611e-07
1980,40,1603,1599,214,245,2,2,0.000625390869293,0.000625390869293,-3.91113739284e-07,0.999999999716,0.000626173831181,3.91603396611e-07
1980,40,1603,1599,216,15,3,2,0.00125078173859,0.000625390869293,NaN,NaN,0.00503143070888,1.57330541241e-06
1980,40,1603,1599,216,20,3,3,0.00125078173859,0.000625390869293,NaN,NaN,0.0100691625207,1.57429057547e-06
1980,40,1603,1599,216,22,3,2,0.00125078173859,0.00125078173859,NaN,NaN,0.0100691625207,3.14858115094e-06
1980,40,1603,1599,216,26,3,2,0.00125078173859,0.00375234521576,NaN,NaN,0.0302833381272,9.46946157825e-06
1980,40,1603,1599,216,33,3,2,0.00125078173859,0.000625390869293,NaN,NaN,0.00503143070888,1.57330541241e-06
1980,40,1603,1599,216,35,3,2,0.00125078173859,0.000625390869293,NaN,NaN,0.00503143070888,1.57330541241e-06
1980,40,1603,1599,216,46,3,3,0.00125078173859,0.000625390869293,NaN,NaN,0.0100691625207,1.57429057547e-06
1980,40,1603,1599,216,48,3,2,0.00125078173859,0.000625390869293,NaN,NaN,0.00503143070888,1.57330541241e-06
1980,40,1603,1599,216,49,3,2,0.00125078173859,0.000625390869293,NaN,NaN,0.00503143070888,1.57330541241e-06
1980,40,1603,1599,216,55,3,2,0.00125078173859,0.000625390869293,NaN,NaN,0.00503143070888,1.57330541241e-06
1980,40,1603,1599,216,60,3,2,0.00125078173859,0.000625390869293,NaN,NaN,0.00503143070888,1.57330541241e-06
1980,40,1603,1599,216,64,3,2,0.00125078173859,0.00250156347717,NaN,NaN,0.0201635768596,6.30505843016e-06
1980,40,1603,1599,216,73,3,2,0.00125078173859,0.000625390869293,NaN,NaN,0.00503143070888,1.57330541241e-06
1980,40,1603,1599,216,77,3,2,0.00125078173859,0.00375234521576,NaN,NaN,0.0302833381272,9.46946157825e-06
1980,40,1603,1599,216,94,3,2,0.00125078173859,0.000625390869293,NaN,NaN,0.00503143070888,1.57330541241e-06
1980,40,1603,1599,216,97,3,3,0.00125078173859,0.000625390869293,NaN,NaN,0.0100691625207,1.57429057547e-06
1980,40,1603,1599,216,101,3,2,0.00125078173859,0.00125078173859,NaN,NaN,0.0100691625207,3.14858115094e-06
1980,40,1603,1599,216,105,3,2,0.00125078173859,0.293308317699,NaN,NaN,9.2930374467,0.00290589038358
1980,40,1603,1599,216,115,3,3,0.00125078173859,0.000625390869293,NaN,NaN,0.0100691625207,1.57429057547e-06
1980,40,1603,1599,216,123,3,3,0.00125078173859,0.000625390869293,NaN,NaN,0.0201635768596,3.15252921508e-06
1980,40,1603,1599,216,124,3,2,0.00125078173859,0.00187617260788,NaN,NaN,265.337857332,0.0829699366266
1980,40,1603,1599,216,130,3,2,0.00125078173859,0.000625390869293,NaN,NaN,0.00503143070888,1.57330541241e-06
1980,40,1603,1599,216,131,3,2,0.00125078173859,0.00125078173859,NaN,NaN,0.0100691625207,3.14858115094e-06
1980,40,1603,1599,216,140,3,3,0.00125078173859,0.00125078173859,NaN,NaN,0.0455107147516,7.11549636517e-06
1980,40,1603,1599,216,146,3,2,0.00125078173859,0.000625390869293,NaN,NaN,0.00503143070888,1.57330541241e-06
1980,40,1603,1599,216,149,3,2,0.00125078173859,0.000625390869293,NaN,NaN,0.00503143070888,1.57330541241e-06
1980,40,1603,1599,216,157,3,2,0.00125078173859,0.00125078173859,NaN,NaN,0.0100691625207,3.14858115094e-06
1980,40,1603,1599,216,159,3,2,0.00125078173859,0.00375234521576,NaN,NaN,0.0302833381272,9.46946157825e-06
1980,40,1603,1599,216,164,3,2,0.00125078173859,0.000625390869293,NaN,NaN,0.00503143070888,1.57330541241e-06
1980,40,1603,1599,216,167,3,2,0.00125078173859,0.00312695434647,NaN,NaN,0.0252202831643,7.88626740598e-06
1980,40,1603,1599,216,177,3,2,0.00125078173859,0.000625390869293,NaN,NaN,0.00503143070888,1.57330541241e-06
1980,40,1603,1598,216,186,3,2,0.00125156445557,0.000625782227785,NaN,NaN,0.00503459710227,1.57528069533e-06
1980,40,1603,1599,216,188,3,2,0.00125078173859,0.00625390869293,NaN,NaN,0.0505992842844,1.58221651921e-05
1980,40,1603,1599,216,192,3,3,0.00125078173859,0.000625390869293,NaN,NaN,0.0100691625207,1.57429057547e-06
1980,40,1603,1599,216,198,3,2,0.00125078173859,0.00312695434647,NaN,NaN,0.0252202831643,7.88626740598e-06
1980,40,1603,1599,216,200,3,2,0.00125078173859,0.00125078173859,NaN,NaN,0.0100691625207,3.14858115094e-06
1980,40,1603,1599,216,207,3,2,0.00125078173859,0.00813008130081,NaN,NaN,0.0659034940392,2.06077217133e-05
1980,40,1603,1599,216,208,3,2,0.00125078173859,0.000625390869293,NaN,NaN,0.00503143070888,1.57330541241e-06
1980,40,1603,1599,216,211,3,2,0.00125078173859,0.000625390869293,NaN,NaN,0.00503143070888,1.57330541241e-06
1980,40,1603,1599,216,215,3,2,0.00125078173859,0.00125078173859,NaN,NaN,0.0100691625207,3.14858115094e-06
1980,40,1603,1599,216,218,3,3,0.00125078173859,0.00125078173859,NaN,NaN,0.0404285419122,6.32091024268e-06
1980,40,1603,1599,216,220,3,2,0.00125078173859,0.00125078173859,NaN,NaN,0.0100691625207,3.14858115094e-06
1980,40,1603,1599,216,221,3,3,0.00125078173859,0.000625390869293,NaN,NaN,0.0100691625207,1.57429057547e-06
1980,40,1603,1599,216,222,3,2,0.00125078173859,0.000625390869293,NaN,NaN,0.00503143070888,1.57330541241e-06
1980,40,1603,1599,216,226,3,2,0.00125078173859,0.000625390869293,NaN,NaN,0.00503143070888,1.57330541241e-06
1980,40,1603,1599,216,227,3,2,0.00125078173859,0.000625390869293,NaN,NaN,0.00503143070888,1.57330541241e-06
1980,40,1603,1599,216,232,3,2,0.00125078173859,0.000625390869293,NaN,NaN,0.00503143070888,1.57330541241e-06
1980,40,1603,1599,216,233,3,2,0.00125078173859,0.000625390869293,NaN,NaN,0.00503143070888,1.57330541241e-06
1980,40,1603,1599,216,240,3,2,0.00125078173859,0.00187617260788,NaN,NaN,0.0151132072797,4.72583091922e-06
1980,40,1603,1599,216,244,3,2,0.00125078173859,0.000625390869293,NaN,NaN,0.00503143070888,1.57330541241e-06
1980,40,1603,1599,216,245,3,2,0.00125078173859,0.000625390869293,NaN,NaN,0.00503143070888,1.57330541241e-06
1980,40,1603,1599,226,15,2,2,0.00125078173859,0.000625390869293,-7.82227478791e-07,0.999999999999,0.00125313185,7.83697217013e-07
1980,40,1603,1599,226,20,2,3,0.00125078173859,0.000625390869293,NaN,NaN,0.00250783305736,7.84187947894e-07
1980,40,1603,1599,226,22,2,2,0.00125078173859,0.00125078173859,-1.56445495758e-06,1.0,0.00250783305736,1.56837589579e-06
1980,40,1603,1599,226,26,2,2,0.00125078173859,0.00375234521576,-4.69336487274e-06,1.0,0.00754239056989,4.71694219505e-06
1980,40,1603,1599,226,33,2,2,0.00125078173859,0.000625390869293,-7.82227478791e-07,0.999999999999,0.00125313185,7.83697217013e-07
1980,40,1603,1599,226,35,2,2,0.00125078173859,0.000625390869293,-7.82227478791e-07,0.999999999999,0.00125313185,7.83697217013e-07
1980,40,1603,1599,226,46,2,3,0.00125078173859,0.000625390869293,NaN,NaN,0.00250783305736,7.84187947894e-07
1980,40,1603,1599,226,48,2,2,0.00125078173859,0.000625390869293,-7.82227478791e-07,0.999999999999,0.00125313185,7.83697217013e-07
1980,40,1603,1599,226,49,2,2,0.00125078173859,0.000625390869293,-7.82227478791e-07,0.999999999999,0.00125313185,7.83697217013e-07
1980,40,1603,1599,226,55,2,2,0.00125078173859,0.000625390869293,-7.82227478791e-07,0.999999999999,0.00125313185,7.83697217013e-07
1980,40,1603,1599,226,60,2,2,0.00125078173859,0.000625390869293,-7.82227478791e-07,0.999999999999,0.00125313185,7.83697217013e-07
1980,40,1603,1599,226,64,2,2,0.00125078173859,0.00250156347717,-3.12890991516e-06,1.0,0.00502195535124,3.14068502266e-06
1980,40,1603,1599,226,73,2,2,0.00125078173859,0.000625390869293,-7.82227478791e-07,0.999999999999,0.00125313185,7.83697217013e-07
1980,40,1603,1599,226,77,2,2,0.00125078173859,0.00375234521576,-4.69336487274e-06,1.0,0.00754239056989,4.71694219505e-06
1980,40,1603,1599,226,94,2,2,0.00125078173859,0.000625390869293,-7.82227478791e-07,0.999999999999,0.00125313185,7.83697217013e-07
1980,40,1603,1599,226,97,2,3,0.00125078173859,0.000625390869293,NaN,NaN,0.00250783305736,7.84187947894e-07
1980,40,1603,1599,226,101,2,2,0.00125078173859,0.00125078173859,-1.56445495758e-06,1.0,0.00250783305736,1.56837589579e-06
1980,40,1603,1599,226,105,2,2,0.00125078173859,0.293308317699,0.000883917051034,1.0,4.82479809558,0.00301738467516
1980,40,1603,1599,226,115,2,3,0.00125078173859,0.000625390869293,NaN,NaN,0.00250783305736,7.84187947894e-07
1980,40,1603,1599,226,123,2,3,0.00125078173859,0.000625390869293,NaN,NaN,0.00502195535124,1.57034251133e-06
1980,40,1603,1599,226,124,2,2,0.00125078173859,0.00187617260788,-2.34668243637e-06,1.0,0.003764106572,2.35403788118e-06
1980,40,1603,1599,226,130,2,2,0.00125078173859,0.000625390869293,-7.82227478791e-07,0.999999999999,0.00125313185,7.83697217013e-07
1980,40,1603,1599,226,131,2,2,0.00125078173859,0.00125078173859,-1.56445495758e-06,1.0,0.00250783305736,1.56837589579e-06
1980,40,1603,1599,226,140,2,3,0.00125078173859,0.00125078173859,NaN,NaN,0.0113349322432,3.54438156449e-06
1980,40,1603,1599,226,146,2,2,0.00125078173859,0.000625390869293,-7.82227478791e-07,0.999999999999,0.00125313185,7.83697217013e-07
1980,40,1603,1599,226,149,2,2,0.00125078173859,0.000625390869293,-7.82227478791e-07,0.999999999999,0.00125313185,7.83697217013e-07
1980,40,1603,1599,226,157,2,2,0.00125078173859,0.00125078173859,-1.56445495758e-06,1.0,0.00250783305736,1.56837589579e-06
1980,40,1603,1599,226,159,2,2,0.00125078173859,0.00375234521576,-4.69336487274e-06,1.0,0.00754239056989,4.71694219505e-06
1980,40,1603,1599,226,164,2,2,0.00125078173859,0.000625390869293,-7.82227478791e-07,0.999999999999,0.00125313185,7.83697217013e-07
1980,40,1603,1599,226,167,2,2,0.00125078173859,0.00312695434647,-3.91113739395e-06,1.0,0.0062813823598,3.92831917436e-06
1980,40,1603,1599,226,177,2,2,0.00125078173859,0.000625390869293,-7.82227478791e-07,0.999999999999,0.00125313185,7.83697217013e-07
1980,40,1603,1598,226,186,2,2,0.00125156445557,0.000625782227785,-7.83206793087e-07,0.999999999827,0.00125391751137,7.84679293726e-07
1980,40,1603,1599,226,188,2,2,0.00125078173859,0.00625390869293,-7.82227478791e-06,1.0,0.0126022951309,7.88136030703e-06
1980,40,1603,1599,226,192,2,3,0.00125078173859,0.000625390869293,NaN,NaN,0.00250783305736,7.84187947894e-07
1980,40,1603,1599,226,198,2,2,0.00125078173859,0.00312695434647,-3.91113739395e-06,1.0,0.0062813823598,3.92831917436e-06
1980,40,1603,1599,226,200,2,2,0.00125078173859,0.00125078173859,-1.56445495758e-06,1.0,0.00250783305736,1.56837589579e-06
1980,40,1603,1599,226,207,2,2,0.00125078173859,0.00813008130081,-1.01689572243e-05,1.0,0.0164139729205,1.02651487933e-05
1980,40,1603,1599,226,208,2,2,0.00125078173859,0.000625390869293,-7.82227478791e-07,0.999999999999,0.00125313185,7.83697217013e-07
1980,40,1603,1599,226,211,2,2,0.00125078173859,0.000625390869293,-7.82227478791e-07,0.999999999999,0.00125313185,7.83697217013e-07
1980,40,1603,1599,226,215,2,2,0.00125078173859,0.00125078173859,-1.56445495758e-06,1.0,0.00250783305736,1.56837589579e-06
1980,40,1603,1599,226,218,2,3,0.00125078173859,0.00125078173859,NaN,NaN,0.0100691625207,3.14858115094e-06
1980,40,1603,1599,226,220,2,2,0.00125078173859,0.00125078173859,-1.56445495758e-06,1.0,0.00250783305736,1.56837589579e-06
1980,40,1603,1599,226,221,2,3,0.00125078173859,0.000625390869293,NaN,NaN,0.00250783305736,7.84187947894e-07
1980,40,1603,1599,226,222,2,2,0.00125078173859,0.000625390869293,-7.82227478791e-07,0.999999999999,0.00125313185,7.83697217013e-07
1980,40,1603,1599,226,226,2,2,0.00125078173859,0.000625390869293,-7.82227478791e-07,0.999999999999,0.00125313185,7.83697217013e-07
1980,40,1603,1599,226,227,2,2,0.00125078173859,0.000625390869293,-7.82227478791e-07,0.999999999999,0.00125313185,7.83697217013e-07
1980,40,1603,1599,226,232,2,2,0.00125078173859,0.000625390869293,-7.82227478791e-07,0.999999999999,0.00125313185,7.83697217013e-07
1980,40,1603,1599,226,233,2,2,0.00125078173859,0.000625390869293,-7.82227478791e-07,0.999999999999,0.00125313185,7.83697217013e-07
1980,40,1603,1599,226,240,2,2,0.00125078173859,0.00187617260788,-2.34668243637e-06,1.0,0.003764106572,2.35403788118e-06
1980,40,1603,1599,226,244,2,2,0.00125078173859,0.000625390869293,-7.82227478791e-07,0.999999999999,0.00125313185,7.83697217013e-07
1980,40,1603,1599,226,245,2,2,0.00125078173859,0.000625390869293,-7.82227478791e-07,0.999999999999,0.00125313185,7.83697217013e-07
1980,40,1603,1599,231,15,2,2,0.000625390869293,0.000625390869293,-3.91113739284e-07,0.999999999716,0.000626173831181,3.91603396611e-07
1980,40,1603,1599,231,20,2,3,0.000625390869293,0.000625390869293,NaN,NaN,0.00125313185,3.91848608506e-07
1980,40,1603,1599,231,22,2,2,0.000625390869293,0.00125078173859,-7.82227478791e-07,0.999999999999,0.00125313185,7.83697217013e-07
1980,40,1603,1599,231,26,2,2,0.000625390869293,0.00375234521576,-2.34668243637e-06,0.999999999999,0.00376883533796,2.35699520823e-06
1980,40,1603,1599,231,33,2,2,0.000625390869293,0.000625390869293,-3.91113739284e-07,0.999999999716,0.000626173831181,3.91603396611e-07
1980,40,1603,1599,231,35,2,2,0.000625390869293,0.000625390869293,-3.91113739284e-07,0.999999999716,0.000626173831181,3.91603396611e-07
1980,40,1603,1599,231,46,2,3,0.000625390869293,0.000625390869293,NaN,NaN,0.00125313185,3.91848608506e-07
1980,40,1603,1599,231,48,2,2,0.000625390869293,0.000625390869293,-3.91113739284e-07,0.999999999716,0.000626173831181,3.91603396611e-07
1980,40,1603,1599,231,49,2,2,0.000625390869293,0.000625390869293,-3.91113739284e-07,0.999999999716,0.000626173831181,3.91603396611e-07
1980,40,1603,1599,231,55,2,2,0.000625390869293,0.000625390869293,-3.91113739284e-07,0.999999999716,0.000626173831181,3.91603396611e-07
1980,40,1603,1599,231,60,2,2,0.000625390869293,0.000625390869293,-3.91113739284e-07,0.999999999716,0.000626173831181,3.91603396611e-07
1980,40,1603,1599,231,64,2,2,0.000625390869293,0.00250156347717,-1.56445495758e-06,0.999999999999,0.00250940635041,1.5693598189e-06
1980,40,1603,1599,231,73,2,2,0.000625390869293,0.000625390869293,-3.91113739284e-07,0.999999999716,0.000626173831181,3.91603396611e-07
1980,40,1603,1599,231,77,2,2,0.000625390869293,0.00375234521576,-2.34668243637e-06,0.999999999999,0.00376883533796,2.35699520823e-06
1980,40,1603,1599,231,94,2,2,0.000625390869293,0.000625390869293,-3.91113739284e-07,0.999999999716,0.000626173831181,3.91603396611e-07
1980,40,1603,1599,231,97,2,3,0.000625390869293,0.000625390869293,NaN,NaN,0.00125313185,3.91848608506e-07
1980,40,1603,1599,231,101,2,2,0.000625390869293,0.00125078173859,-7.82227478791e-07,0.999999999999,0.00125313185,7.83697217013e-07
1980,40,1603,1599,231,105,2,2,0.000625390869293,0.293308317699,-0.000183432343776,1.0,0.415303975102,0.00025972731401
1980,40,1603,1599,231,115,2,3,0.000625390869293,0.000625390869293,NaN,NaN,0.00125313185,3.91848608506e-07
1980,40,1603,1599,231,123,2,3,0.000625390869293,0.000625390869293,NaN,NaN,0.00250940635041,7.84679909448e-07
1980,40,1603,1599,231,124,2,2,0.000625390869293,0.00187617260788,-1.17334121807e-06,0.999999999905,0.0018808755305,1.17628238305e-06
1980,40,1603,1599,231,130,2,2,0.000625390869293,0.000625390869293,-3.91113739284e-07,0.999999999716,0.000626173831181,3.91603396611e-07
1980,40,1603,1599,231,131,2,2,0.000625390869293,0.00125078173859,-7.82227478791e-07,0.999999999999,0.00125313185,7.83697217013e-07
1980,40,1603,1599,231,140,2,3,0.000625390869293,0.00125078173859,NaN,NaN,0.00566391952204,1.77108177675e-06
1980,40,1603,1599,231,146,2,2,0.000625390869293,0.000625390869293,-3.91113739284e-07,0.999999999716,0.000626173831181,3.91603396611e-07
1980,40,1603,1599,231,149,2,2,0.000625390869293,0.000625390869293,-3.91113739284e-07,0.999999999716,0.000626173831181,3.91603396611e-07
1980,40,1603,1599,231,157,2,2,0.000625390869293,0.00125078173859,-7.82227478791e-07,0.999999999999,0.00125313185,7.83697217013e-07
1980,40,1603,1599,231,159,2,2,0.000625390869293,0.00375234521576,-2.34668243637e-06,0.999999999999,0.00376883533796,2.35699520823e-06
1980,40,1603,1599,231,164,2,2,0.000625390869293,0.000625390869293,-3.91113739284e-07,0.999999999716,0.000626173831181,3.91603396611e-07
1980,40,1603,1599,231,167,2,2,0.000625390869293,0.00312695434647,-1.95556869687e-06,0.999999999943,0.00313872579118,1.96293045102e-06
1980,40,1603,1599,231,177,2,2,0.000625390869293,0.000625390869293,-3.91113739284e-07,0.999999999716,0.000626173831181,3.91603396611e-07
1980,40,1603,1598,231,186,2,2,0.000625782227785,0.000625782227785,-3.91603396599e-07,0.999999999969,0.000626566170367,3.92093973947e-07
1980,40,1603,1599,231,188,2,2,0.000625390869293,0.00625390869293,-3.91113739395e-06,0.999999999999,0.00629720441931,3.93821414591e-06
1980,40,1603,1599,231,192,2,3,0.000625390869293,0.000625390869293,NaN,NaN,0.00125313185,3.91848608506e-07
1980,40,1603,1599,231,198,2,2,0.000625390869293,0.00312695434647,-1.95556869687e-06,0.999999999943,0.00313872579118,1.96293045102e-06
1980,40,1603,1599,231,200,2,2,0.000625390869293,0.00125078173859,-7.82227478791e-07,0.999999999999,0.00125313185,7.83697217013e-07
1980,40,1603,1599,231,207,2,2,0.000625390869293,0.00813008130081,-5.08447861203e-06,0.999999999978,0.008201850674,5.12936252283e-06
1980,40,1603,1599,231,208,2,2,0.000625390869293,0.000625390869293,-3.91113739284e-07,0.999999999716,0.000626173831181,3.91603396611e-07
1980,40,1603,1599,231,211,2,2,0.000625390869293,0.000625390869293,-3.91113739284e-07,0.999999999716,0.000626173831181,3.91603396611e-07
1980,40,1603,1599,231,215,2,2,0.000625390869293,0.00125078173859,-7.82227478791e-07,0.999999999999,0.00125313185,7.83697217013e-07
1980,40,1603,1599,231,218,2,3,0.000625390869293,0.00125078173859,NaN,NaN,0.00503143070888,1.57330541241e-06
1980,40,1603,1599,231,220,2,2,0.000625390869293,0.00125078173859,-7.82227478791e-07,0.999999999999,0.00125313185,7.83697217013e-07
1980,40,1603,1599,231,221,2,3,0.000625390869293,0.000625390869293,NaN,NaN,0.00125313185,3.91848608506e-07
1980,40,1603,1599,231,222,2,2,0.000625390869293,0.000625390869293,-3.91113739284e-07,0.999999999716,0.000626173831181,3.91603396611e-07
1980,40,1603,1599,231,226,2,2,0.000625390869293,0.000625390869293,-3.91113739284e-07,0.999999999716,0.000626173831181,3.91603396611e-07
1980,40,1603,1599,231,227,2,2,0.000625390869293,0.000625390869293,-3.91113739284e-07,0.999999999716,0.000626173831181,3.91603396611e-07
1980,40,1603,1599,231,232,2,2,0.000625390869293,0.000625390869293,-3.91113739284e-07,0.999999999716,0.000626173831181,3.91603396611e-07
1980,40,1603,1599,231,233,2,2,0.000625390869293,0.000625390869293,-3.91113739284e-07,0.999999999716,0.000626173831181,3.91603396611e-07
1980,40,1603,1599,231,240,2,2,0.000625390869293,0.00187617260788,-1.17334121807e-06,0.999999999905,0.0018808755305,1.17628238305e-06
1980,40,1603,1599,231,244,2,2,0.000625390869293,0.000625390869293,-3.91113739284e-07,0.999999999716,0.000626173831181,3.91603396611e-07
1980,40,1603,1599,231,245,2,2,0.000625390869293,0.000625390869293,-3.91113739284e-07,0.999999999716,0.000626173831181,3.91603396611e-07
1980,40,1603,1599,233,15,2,2,0.000625390869293,0.000625390869293,-3.91113739284e-07,0.999999999716,0.000626173831181,3.91603396611e-07
1980,40,1603,1599,233,20,2,3,0.000625390869293,0.000625390869293,NaN,NaN,0.00125313185,3.91848608506e-07
1980,40,1603,1599,233,22,2,2,0.000625390869293,0.00125078173859,-7.82227478791e-07,0.999999999999,0.00125313185,7.83697217013e-07
1980,40,1603,1599,233,26,2,2,0.000625390869293,0.00375234521576,-2.34668243637e-06,0.999999999999,0.00376883533796,2.35699520823e-06
1980,40,1603,1599,233,33,2,2,0.000625390869293,0.000625390869293,-3.91113739284e-07,0.999999999716,0.000626173831181,3.91603396611e-07
1980,40,1603,1599,233,35,2,2,0.000625390869293,0.000625390869293,-3.91113739284e-07,0.999999999716,0.000626173831181,3.91603396611e-07
1980,40,1603,1599,233,46,2,3,0.000625390869293,0.000625390869293,NaN,NaN,0.00125313185,3.91848608506e-07
1980,40,1603,1599,233,48,2,2,0.000625390869293,0.000625390869293,-3.91113739284e-07,0.999999999716,0.000626173831181,3.91603396611e-07
1980,40,1603,1599,233,49,2,2,0.000625390869293,0.000625390869293,-3.91113739284e-07,0.999999999716,0.000626173831181,3.91603396611e-07
1980,40,1603,1599,233,55,2,2,0.000625390869293,0.000625390869293,-3.91113739284e-07,0.999999999716,0.000626173831181,3.91603396611e-07
1980,40,1603,1599,233,60,2,2,0.000625390869293,0.000625390869293,-3.91113739284e-07,0.999999999716,0.000626173831181,3.91603396611e-07
1980,40,1603,1599,233,64,2,2,0.000625390869293,0.00250156347717,-1.56445495758e-06,0.999999999999,0.00250940635041,1.5693598189e-06
1980,40,1603,1599,233,73,2,2,0.000625390869293,0.000625390869293,-3.91113739284e-07,0.999999999716,0.000626173831181,3.91603396611e-07
1980,40,1603,1599,233,77,2,2,0.000625390869293,0.00375234521576,-2.34668243637e-06,0.999999999999,0.00376883533796,2.35699520823e-06
1980,40,1603,1599,233,94,2,2,0.000625390869293,0.000625390869293,-3.91113739284e-07,0.999999999716,0.000626173831181,3.91603396611e-07
1980,40,1603,1599,233,97,2,3,0.000625390869293,0.000625390869293,NaN,NaN,0.00125313185,3.91848608506e-07
1980,40,1603,1599,233,101,2,2,0.000625390869293,0.00125078173859,-7.82227478791e-07,0.999999999999,0.00125313185,7.83697217013e-07
1980,40,1603,1599,233,105,2,2,0.000625390869293,0.293308317699,-0.000183432343776,1.0,0.415303975102,0.00025972731401
1980,40,1603,1599,233,115,2,3,0.000625390869293,0.000625390869293,NaN,NaN,0.00125313185,3.91848608506e-07
1980,40,1603,1599,233,123,2,3,0.000625390869293,0.000625390869293,NaN,NaN,0.00250940635041,7.84679909448e-07
1980,40,1603,1599,233,124,2,2,0.000625390869293,0.00187617260788,-1.17334121807e-06,0.999999999905,0.0018808755305,1.17628238305e-06
1980,40,1603,1599,233,130,2,2,0.000625390869293,0.000625390869293,-3.91113739284e-07,0.999999999716,0.000626173831181,3.91603396611e-07
1980,40,1603,1599,233,131,2,2,0.000625390869293,0.00125078173859,-7.82227478791e-07,0.999999999999,0.00125313185,7.83697217013e-07
1980,40,1603,1599,233,140,2,3,0.000625390869293,0.00125078173859,NaN,NaN,0.00566391952204,1.77108177675e-06
1980,40,1603,1599,233,146,2,2,0.000625390869293,0.000625390869293,-3.91113739284e-07,0.999999999716,0.000626173831181,3.91603396611e-07
1980,40,1603,1599,233,149,2,2,0.000625390869293,0.000625390869293,-3.91113739284e-07,0.999999999716,0.000626173831181,3.91603396611e-07
1980,40,1603,1599,233,157,2,2,0.000625390869293,0.00125078173859,-7.82227478791e-07,0.999999999999,0.00125313185,7.83697217013e-07
1980,40,1603,1599,233,159,2,2,0.000625390869293,0.00375234521576,-2.34668243637e-06,0.999999999999,0.00376883533796,2.35699520823e-06
1980,40,1603,1599,233,164,2,2,0.000625390869293,0.000625390869293,-3.91113739284e-07,0.999999999716,0.000626173831181,3.91603396611e-07
1980,40,1603,1599,233,167,2,2,0.000625390869293,0.00312695434647,-1.95556869687e-06,0.999999999943,0.00313872579118,1.96293045102e-06
1980,40,1603,1599,233,177,2,2,0.000625390869293,0.000625390869293,-3.91113739284e-07,0.999999999716,0.000626173831181,3.91603396611e-07
1980,40,1603,1598,233,186,2,2,0.000625782227785,0.000625782227785,-3.91603396599e-07,0.999999999969,0.000626566170367,3.92093973947e-07
1980,40,1603,1599,233,188,2,2,0.000625390869293,0.00625390869293,-3.91113739395e-06,0.999999999999,0.00629720441931,3.93821414591e-06
1980,40,1603,1599,233,192,2,3,0.000625390869293,0.000625390869293,NaN,NaN,0.00125313185,3.91848608506e-07
1980,40,1603,1599,233,198,2,2,0.000625390869293,0.00312695434647,-1.95556869687e-06,0.999999999943,0.00313872579118,1.96293045102e-06
1980,40,1603,1599,233,200,2,2,0.000625390869293,0.00125078173859,-7.82227478791e-07,0.999999999999,0.00125313185,7.83697217013e-07
1980,40,1603,1599,233,207,2,2,0.000625390869293,0.00813008130081,-5.08447861203e-06,0.999999999978,0.008201850674,5.12936252283e-06
1980,40,1603,1599,233,208,2,2,0.000625390869293,0.000625390869293,-3.91113739284e-07,0.999999999716,0.000626173831181,3.91603396611e-07
1980,40,1603,1599,233,211,2,2,0.000625390869293,0.000625390869293,-3.91113739284e-07,0.999999999716,0.000626173831181,3.91603396611e-07
1980,40,1603,1599,233,215,2,2,0.000625390869293,0.00125078173859,-7.82227478791e-07,0.999999999999,0.00125313185,7.83697217013e-07
1980,40,1603,1599,233,218,2,3,0.000625390869293,0.00125078173859,NaN,NaN,0.00503143070888,1.57330541241e-06
1980,40,1603,1599,233,220,2,2,0.000625390869293,0.00125078173859,-7.82227478791e-07,0.999999999999,0.00125313185,7.83697217013e-07
1980,40,1603,1599,233,221,2,3,0.000625390869293,0.000625390869293,NaN,NaN,0.00125313185,3.91848608506e-07
1980,40,1603,1599,233,222,2,2,0.000625390869293,0.000625390869293,-3.91113739284e-07,0.999999999716,0.000626173831181,3.91603396611e-07
1980,40,1603,1599,233,226,2,2,0.000625390869293,0.000625390869293,-3.91113739284e-07,0.999999999716,0.000626173831181,3.91603396611e-07
1980,40,1603,1599,233,227,2,2,0.000625390869293,0.000625390869293,-3.91113739284e-07,0.999999999716,0.000626173831181,3.91603396611e-07
1980,40,1603,1599,233,232,2,2,0.000625390869293,0.000625390869293,-3.91113739284e-07,0.999999999716,0.000626173831181,3.91603396611e-07
1980,40,1603,1599,233,233,2,2,0.000625390869293,0.000625390869293,-3.91113739284e-07,0.999999999716,0.000626173831181,3.91603396611e-07
1980,40,1603,1599,233,240,2,2,0.000625390869293,0.00187617260788,-1.17334121807e-06,0.999999999905,0.0018808755305,1.17628238305e-06
1980,40,1603,1599,233,244,2,2,0.000625390869293,0.000625390869293,-3.91113739284e-07,0.999999999716,0.000626173831181,3.91603396611e-07
1980,40,1603,1599,233,245,2,2,0.000625390869293,0.000625390869293,-3.91113739284e-07,0.999999999716,0.000626173831181,3.91603396611e-07
1980,40,1603,1598,238,15,2,2,0.000625782227785,0.000625782227785,-3.91603396599e-07,0.999999999969,0.000626566170367,3.92093973947e-07
1980,40,1603,1598,238,20,2,3,0.000625782227785,0.000625782227785,NaN,NaN,0.00125391751137,3.92339646863e-07
1980,40,1603,1598,238,22,2,2,0.000625782227785,0.00125156445557,-7.83206793087e-07,0.999999999827,0.00125391751137,7.84679293726e-07
1980,40,1603,1598,238,26,2,2,0.000625782227785,0.00375469336671,-2.3496203797e-06,1.00000000002,0.00377120417365,2.35995254922e-06
1980,40,1603,1598,238,33,2,2,0.000625782227785,0.000625782227785,-3.91603396599e-07,0.999999999969,0.000626566170367,3.92093973947e-07
1980,40,1603,1598,238,35,2,2,0.000625782227785,0.000625782227785,-3.91603396599e-07,0.999999999969,0.000626566170367,3.92093973947e-07
1980,40,1603,1598,238,46,2,3,0.000625782227785,0.000625782227785,NaN,NaN,0.00125391751137,3.92339646863e-07
1980,40,1603,1598,238,48,2,2,0.000625782227785,0.000625782227785,-3.91603396599e-07,0.999999999969,0.000626566170367,3.92093973947e-07
1980,40,1603,1598,238,49,2,2,0.000625782227785,0.000625782227785,-3.91603396599e-07,0.999999999969,0.000626566170367,3.92093973947e-07
1980,40,1603,1598,238,55,2,2,0.000625782227785,0.000625782227785,-3.91603396599e-07,0.999999999969,0.000626566170367,3.92093973947e-07
1980,40,1603,1598,238,60,2,2,0.000625782227785,0.000625782227785,-3.91603396599e-07,0.999999999969,0.000626566170367,3.92093973947e-07
1980,40,1603,1598,238,64,2,2,0.000625782227785,0.00250312891114,-1.5664135864e-06,0.999999999969,0.00251098161625,1.57132766974e-06
1980,40,1603,1598,238,73,2,2,0.000625782227785,0.000625782227785,-3.91603396599e-07,0.999999999969,0.000626566170367,3.92093973947e-07
1980,40,1603,1598,238,77,2,2,0.000625782227785,0.00375469336671,-2.3496203797e-06,1.00000000002,0.00377120417365,2.35995254922e-06
1980,40,1603,1598,238,94,2,2,0.000625782227785,0.000625782227785,-3.91603396599e-07,0.999999999969,0.000626566170367,3.92093973947e-07
1980,40,1603,1598,238,97,2,3,0.000625782227785,0.000625782227785,NaN,NaN,0.00125391751137,3.92339646863e-07
1980,40,1603,1598,238,101,2,2,0.000625782227785,0.00125156445557,-7.83206793087e-07,0.999999999827,0.00125391751137,7.84679293726e-07
1980,40,1603,1598,238,105,2,2,0.000625782227785,0.292866082603,-0.000183270389614,1.0,0.414418627848,0.00025933581217
1980,40,1603,1598,238,115,2,2,0.000625782227785,0.000625782227785,-3.91603396599e-07,0.999999999969,0.000626566170367,3.92093973947e-07
1980,40,1603,1598,238,123,2,3,0.000625782227785,0.000625782227785,NaN,NaN,0.00251098161625,7.85663834872e-07
1980,40,1603,1598,238,124,2,2,0.000625782227785,0.00187734668335,-1.1748101898e-06,0.999999999969,0.00188205549983,1.1777568835e-06
1980,40,1603,1598,238,130,2,2,0.000625782227785,0.000625782227785,-3.91603396599e-07,0.999999999969,0.000626566170367,3.92093973947e-07
1980,40,1603,1598,238,131,2,2,0.000625782227785,0.00125156445557,-7.83206793087e-07,0.999999999827,0.00125391751137,7.84679293726e-07
1980,40,1603,1598,238,140,2,3,0.000625782227785,0.00125156445557,NaN,NaN,0.00566748619678,1.77330606908e-06
1980,40,1603,1598,238,146,2,2,0.000625782227785,0.000625782227785,-3.91603396599e-07,0.999999999969,0.000626566170367,3.92093973947e-07
1980,40,1603,1598,238,149,2,2,0.000625782227785,0.000625782227785,-3.91603396599e-07,0.999999999969,0.000626566170367,3.92093973947e-07
1980,40,1603,1598,238,157,2,2,0.000625782227785,0.00125156445557,-7.83206793087e-07,0.999999999827,0.00125391751137,7.84679293726e-07
1980,40,1603,1598,238,159,2,2,0.000625782227785,0.00375469336671,-2.3496203797e-06,1.00000000002,0.00377120417365,2.35995254922e-06
1980,40,1603,1598,238,164,2,2,0.000625782227785,0.000625782227785,-3.91603396599e-07,0.999999999969,0.000626566170367,3.92093973947e-07
1980,40,1603,1598,238,167,2,2,0.000625782227785,0.00312891113892,-1.95801698311e-06,1.00000000003,0.00314069734487,1.96539258127e-06
1980,40,1603,1598,238,177,2,2,0.000625782227785,0.000625782227785,-3.91603396599e-07,0.999999999969,0.000626566170367,3.92093973947e-07
1980,40,1603,1597,238,186,2,2,0.000626174076393,0.000626174076393,-3.92093974066e-07,1.00000000031,0.000626959001514,3.92585473709e-07
1980,40,1603,1598,238,188,2,2,0.000625782227785,0.00625782227785,-3.9160339661e-06,0.999999999997,0.00630117238083,3.94316169013e-06
1980,40,1603,1598,238,192,2,3,0.000625782227785,0.000625782227785,NaN,NaN,0.00125391751137,3.92339646863e-07
1980,40,1603,1598,238,198,2,2,0.000625782227785,0.00312891113892,-1.95801698311e-06,1.00000000003,0.00314069734487,1.96539258127e-06
1980,40,1603,1598,238,200,2,2,0.000625782227785,0.00125156445557,-7.83206793087e-07,0.999999999827,0.00125391751137,7.84679293726e-07
1980,40,1603,1598,238,207,2,2,0.000625782227785,0.0081351689612,-5.0908441559e-06,0.99999999999,0.00820702855709,5.13581261395e-06
1980,40,1603,1598,238,208,2,2,0.000625782227785,0.000625782227785,-3.91603396599e-07,0.999999999969,0.000626566170367,3.92093973947e-07
1980,40,1603,1598,238,211,2,2,0.000625782227785,0.000625782227785,-3.91603396599e-07,0.999999999969,0.000626566170367,3.92093973947e-07
1980,40,1603,1598,238,215,2,2,0.000625782227785,0.00125156445557,-7.83206793087e-07,0.999999999827,0.00125391751137,7.84679293726e-07
1980,40,1603,1598,238,218,2,3,0.000625782227785,0.00125156445557,NaN,NaN,0.00503459710227,1.57528069533e-06
1980,40,1603,1598,238,220,2,2,0.000625782227785,0.00125156445557,-7.83206793087e-07,0.999999999827,0.00125391751137,7.84679293726e-07
1980,40,1603,1598,238,221,2,3,0.000625782227785,0.000625782227785,NaN,NaN,0.00125391751137,3.92339646863e-07
1980,40,1603,1598,238,222,2,2,0.000625782227785,0.000625782227785,-3.91603396599e-07,0.999999999969,0.000626566170367,3.92093973947e-07
1980,40,1603,1598,238,226,2,2,0.000625782227785,0.000625782227785,-3.91603396599e-07,0.999999999969,0.000626566170367,3.92093973947e-07
1980,40,1603,1598,238,227,2,2,0.000625782227785,0.000625782227785,-3.91603396599e-07,0.999999999969,0.000626566170367,3.92093973947e-07
1980,40,1603,1598,238,232,2,2,0.000625782227785,0.000625782227785,-3.91603396599e-07,0.999999999969,0.000626566170367,3.92093973947e-07
1980,40,1603,1598,238,233,2,2,0.000625782227785,0.000625782227785,-3.91603396599e-07,0.999999999969,0.000626566170367,3.92093973947e-07
1980,40,1603,1598,238,240,2,2,0.000625782227785,0.00187734668335,-1.1748101898e-06,0.999999999969,0.00188205549983,1.1777568835e-06
1980,40,1603,1598,238,244,2,2,0.000625782227785,0.000625782227785,-3.91603396599e-07,0.999999999969,0.000626566170367,3.92093973947e-07
1980,40,1603,1598,238,245,2,2,0.000625782227785,0.000625782227785,-3.91603396599e-07,0.999999999969,0.000626566170367,3.92093973947e-07
1980,40,1603,1597,243,15,2,2,0.00125234815279,0.000626174076393,-7.84187947911e-07,1.00000000002,0.00125470415852,7.85663217605e-07
1980,40,1603,1597,243,20,2,3,0.00125234815279,0.000626174076393,NaN,NaN,0.00251098161378,7.86155796425e-07
1980,40,1603,1597,243,22,2,2,0.00125234815279,0.00125234815279,-1.56837589571e-06,0.999999999951,0.00251098161378,1.57231159285e-06
1980,40,1603,1597,243,26,2,2,0.00125234815279,0.00375704445836,-4.70512768724e-06,0.999999999975,0.00755188373472,4.72879382262e-06
1980,40,1603,1597,243,33,2,2,0.00125234815279,0.000626174076393,-7.84187947911e-07,1.00000000002,0.00125470415852,7.85663217605e-07
1980,40,1603,1597,243,35,2,2,0.00125234815279,0.000626174076393,-7.84187947911e-07,1.00000000002,0.00125470415852,7.85663217605e-07
1980,40,1603,1597,243,46,2,3,0.00125234815279,0.000626174076393,NaN,NaN,0.00251098161378,7.86155796425e-07
1980,40,1603,1597,243,48,2,2,0.00125234815279,0.000626174076393,-7.84187947911e-07,1.00000000002,0.00125470415852,7.85663217605e-07
1980,40,1603,1597,243,49,2,2,0.00125234815279,0.000626174076393,-7.84187947911e-07,1.00000000002,0.00125470415852,7.85663217605e-07
1980,40,1603,1597,243,55,2,2,0.00125234815279,0.000626174076393,-7.84187947911e-07,1.00000000002,0.00125470415852,7.85663217605e-07
1980,40,1603,1597,243,60,2,2,0.00125234815279,0.000626174076393,-7.84187947911e-07,1.00000000002,0.00125470415852,7.85663217605e-07
1980,40,1603,1597,243,64,2,2,0.00125234815279,0.00250469630557,-3.13675179153e-06,0.999999999986,0.00502826826614,3.14857123741e-06
1980,40,1603,1597,243,73,2,2,0.00125234815279,0.000626174076393,-7.84187947911e-07,1.00000000002,0.00125470415852,7.85663217605e-07
1980,40,1603,1597,243,77,2,2,0.00125234815279,0.00375704445836,-4.70512768724e-06,0.999999999975,0.00755188373472,4.72879382262e-06
1980,40,1603,1597,243,94,2,2,0.00125234815279,0.000626174076393,-7.84187947911e-07,1.00000000002,0.00125470415852,7.85663217605e-07
1980,40,1603,1597,243,97,2,3,0.00125234815279,0.000626174076393,NaN,NaN,0.00251098161378,7.86155796425e-07
1980,40,1603,1597,243,101,2,2,0.00125234815279,0.00125234815279,-1.56837589571e-06,0.999999999951,0.00251098161378,1.57231159285e-06
1980,40,1603,1597,243,105,2,2,0.00125234815279,0.293049467752,-0.000366999959614,1.0,0.830091822597,0.000519781980336
1980,40,1603,1597,243,115,2,2,0.00125234815279,0.000626174076393,-7.84187947911e-07,1.00000000002,0.00125470415852,7.85663217605e-07
1980,40,1603,1597,243,123,2,3,0.00125234815279,0.000626174076393,NaN,NaN,0.00502826826614,1.5742856187e-06
1980,40,1603,1597,243,124,2,2,0.00125234815279,0.00187852222918,-2.35256384362e-06,0.999999999975,0.00376883532683,2.35994697986e-06
1980,40,1603,1597,243,130,2,2,0.00125234815279,0.000626174076393,-7.84187947911e-07,1.00000000002,0.00125470415852,7.85663217605e-07
1980,40,1603,1597,243,131,2,2,0.00125234815279,0.00125234815279,-1.56837589571e-06,0.999999999951,0.00251098161378,1.57231159285e-06
1980,40,1603,1597,243,140,2,3,0.00125234815279,0.00125234815279,NaN,NaN,0.0113492257764,3.55329548416e-06
1980,40,1603,1597,243,146,2,2,0.00125234815279,0.000626174076393,-7.84187947911e-07,1.00000000002,0.00125470415852,7.85663217605e-07
1980,40,1603,1597,243,149,2,2,0.00125234815279,0.000626174076393,-7.84187947911e-07,1.00000000002,0.00125470415852,7.85663217605e-07
1980,40,1603,1597,243,157,2,2,0.00125234815279,0.00125234815279,-1.56837589571e-06,0.999999999951,0.00251098161378,1.57231159285e-06
1980,40,1603,1597,243,159,2,2,0.00125234815279,0.00375704445836,-4.70512768724e-06,0.999999999975,0.00755188373472,4.72879382262e-06
1980,40,1603,1597,243,164,2,2,0.00125234815279,0.000626174076393,-7.84187947911e-07,1.00000000002,0.00125470415852,7.85663217605e-07
1980,40,1603,1597,243,167,2,2,0.00125234815279,0.00313087038197,-3.92093973944e-06,0.999999999993,0.00628928340763,3.93818622895e-06
1980,40,1603,1597,243,177,2,2,0.00125234815279,0.000626174076393,-7.84187947911e-07,1.00000000002,0.00125470415852,7.85663217605e-07
1980,40,1603,1596,243,186,2,2,0.00125313283208,0.00062656641604,-7.85170947371e-07,0.999999999939,0.00125549179328,7.86648993286e-07
1980,40,1603,1597,243,188,2,2,0.00125234815279,0.00626174076393,-7.84187947889e-06,0.999999999993,0.0126181968304,7.90118774605e-06
1980,40,1603,1597,243,192,2,3,0.00125234815279,0.000626174076393,NaN,NaN,0.00251098161378,7.86155796425e-07
1980,40,1603,1597,243,198,2,2,0.00125234815279,0.00313087038197,-3.92093973944e-06,0.999999999993,0.00628928340763,3.93818622895e-06
1980,40,1603,1597,243,200,2,2,0.00125234815279,0.00125234815279,-1.56837589571e-06,0.999999999951,0.00251098161378,1.57231159285e-06
1980,40,1603,1597,243,207,2,2,0.00125234815279,0.00814026299311,-1.01944433225e-05,0.999999999989,0.0164347234096,1.02909977518e-05
1980,40,1603,1597,243,208,2,2,0.00125234815279,0.000626174076393,-7.84187947911e-07,1.00000000002,0.00125470415852,7.85663217605e-07
1980,40,1603,1597,243,211,2,2,0.00125234815279,0.000626174076393,-7.84187947911e-07,1.00000000002,0.00125470415852,7.85663217605e-07
1980,40,1603,1597,243,215,2,2,0.00125234815279,0.00125234815279,-1.56837589571e-06,0.999999999951,0.00251098161378,1.57231159285e-06
1980,40,1603,1597,243,218,2,3,0.00125234815279,0.00125234815279,NaN,NaN,0.0100818519169,3.15649715619e-06
1980,40,1603,1597,243,220,2,2,0.00125234815279,0.00125234815279,-1.56837589571e-06,0.999999999951,0.00251098161378,1.57231159285e-06
1980,40,1603,1597,243,221,2,3,0.00125234815279,0.000626174076393,NaN,NaN,0.00251098161378,7.86155796425e-07
1980,40,1603,1597,243,222,2,2,0.00125234815279,0.000626174076393,-7.84187947911e-07,1.00000000002,0.00125470415852,7.85663217605e-07
1980,40,1603,1597,243,226,2,2,0.00125234815279,0.000626174076393,-7.84187947911e-07,1.00000000002,0.00125470415852,7.85663217605e-07
1980,40,1603,1597,243,227,2,2,0.00125234815279,0.000626174076393,-7.84187947911e-07,1.00000000002,0.00125470415852,7.85663217605e-07
1980,40,1603,1597,243,232,2,2,0.00125234815279,0.000626174076393,-7.84187947911e-07,1.00000000002,0.00125470415852,7.85663217605e-07
1980,40,1603,1597,243,233,2,2,0.00125234815279,0.000626174076393,-7.84187947911e-07,1.00000000002,0.00125470415852,7.85663217605e-07
1980,40,1603,1597,243,240,2,2,0.00125234815279,0.00187852222918,-2.35256384362e-06,0.999999999975,0.00376883532683,2.35994697986e-06
1980,40,1603,1597,243,244,2,2,0.00125234815279,0.000626174076393,-7.84187947911e-07,1.00000000002,0.00125470415852,7.85663217605e-07
1980,40,1603,1597,243,245,2,2,0.00125234815279,0.000626174076393,-7.84187947911e-07,1.00000000002,0.00125470415852,7.85663217605e-07
1980,40,1603,1597,245,15,2,2,0.00250469630557,0.000626174076393,-1.56837589582e-06,1.00000000002,0.00251255886106,1.57329922421e-06
1980,40,1603,1597,245,20,2,3,0.00250469630557,0.000626174076393,NaN,NaN,0.00502826826614,1.5742856187e-06
1980,40,1603,1597,245,22,2,2,0.00250469630557,0.00125234815279,-3.13675179153e-06,0.999999999986,0.00502826826614,3.14857123741e-06
1980,40,1603,1597,245,26,2,2,0.00250469630557,0.00375704445836,-9.41025537471e-06,0.999999999998,0.0151227301405,9.46946157825e-06
1980,40,1603,1597,245,33,2,2,0.00250469630557,0.000626174076393,-1.56837589582e-06,1.00000000002,0.00251255886106,1.57329922421e-06
1980,40,1603,1597,245,35,2,2,0.00250469630557,0.000626174076393,-1.56837589582e-06,1.00000000002,0.00251255886106,1.57329922421e-06
1980,40,1603,1597,245,46,2,3,0.00250469630557,0.000626174076393,NaN,NaN,0.00502826826614,1.5742856187e-06
1980,40,1603,1597,245,48,2,2,0.00250469630557,0.000626174076393,-1.56837589582e-06,1.00000000002,0.00251255886106,1.57329922421e-06
1980,40,1603,1597,245,49,2,2,0.00250469630557,0.000626174076393,-1.56837589582e-06,1.00000000002,0.00251255886106,1.57329922421e-06
1980,40,1603,1597,245,55,2,2,0.00250469630557,0.000626174076393,-1.56837589582e-06,1.00000000002,0.00251255886106,1.57329922421e-06
1980,40,1603,1597,245,60,2,2,0.00250469630557,0.000626174076393,-1.56837589582e-06,1.00000000002,0.00251255886106,1.57329922421e-06
1980,40,1603,1597,245,64,2,2,0.00250469630557,0.00250469630557,-6.27350358318e-06,1.0,0.0100691624413,6.30504849173e-06
1980,40,1603,1597,245,73,2,2,0.00250469630557,0.000626174076393,-1.56837589582e-06,1.00000000002,0.00251255886106,1.57329922421e-06
1980,40,1603,1597,245,77,2,2,0.00250469630557,0.00375704445836,-9.41025537471e-06,0.999999999998,0.0151227301405,9.46946157825e-06
1980,40,1603,1597,245,94,2,2,0.00250469630557,0.000626174076393,-1.56837589582e-06,1.00000000002,0.00251255886106,1.57329922421e-06
1980,40,1603,1597,245,97,2,3,0.00250469630557,0.000626174076393,NaN,NaN,0.00502826826614,1.5742856187e-06
1980,40,1603,1597,245,101,2,2,0.00250469630557,0.00125234815279,-3.13675179153e-06,0.999999999986,0.00502826826614,3.14857123741e-06
1980,40,1603,1597,245,105,2,2,0.00250469630557,0.293049467752,-0.000733999919229,1.0,1.66226799377,0.00104086912572
1980,40,1603,1597,245,115,2,2,0.00250469630557,0.000626174076393,-1.56837589582e-06,1.00000000002,0.00251255886106,1.57329922421e-06
1980,40,1603,1597,245,123,2,3,0.00250469630557,0.000626174076393,NaN,NaN,0.0100691624413,3.15252424587e-06
1980,40,1603,1597,245,124,2,2,0.00250469630557,0.00187852222918,-4.70512768735e-06,0.999999999998,0.00754713414476,4.72581975251e-06
1980,40,1603,1597,245,130,2,2,0.00250469630557,0.000626174076393,-1.56837589582e-06,1.00000000002,0.00251255886106,1.57329922421e-06
1980,40,1603,1597,245,131,2,2,0.00250469630557,0.00125234815279,-3.13675179153e-06,0.999999999986,0.00502826826614,3.14857123741e-06
1980,40,1603,1597,245,140,2,3,0.00250469630557,0.00125234815279,NaN,NaN,0.0227269492949,7.11551324197e-06
1980,40,1603,1597,245,146,2,2,0.00250469630557,0.000626174076393,-1.56837589582e-06,1.00000000002,0.00251255886106,1.57329922421e-06
1980,40,1603,1597,245,149,2,2,0.00250469630557,0.000626174076393,-1.56837589582e-06,1.00000000002,0.00251255886106,1.57329922421e-06
1980,40,1603,1597,245,157,2,2,0.00250469630557,0.00125234815279,-3.13675179153e-06,0.999999999986,0.00502826826614,3.14857123741e-06
1980,40,1603,1597,245,159,2,2,0.00250469630557,0.00375704445836,-9.41025537471e-06,0.999999999998,0.0151227301405,9.46946157825e-06
1980,40,1603,1597,245,164,2,2,0.00250469630557,0.000626174076393,-1.56837589582e-06,1.00000000002,0.00251255886106,1.57329922421e-06
1980,40,1603,1597,245,167,2,2,0.00250469630557,0.00313087038197,-7.841879479e-06,1.00000000001,0.0125943591151,7.88626118666e-06
1980,40,1603,1597,245,177,2,2,0.00250469630557,0.000626174076393,-1.56837589582e-06,1.00000000002,0.00251255886106,1.57329922421e-06
1980,40,1603,1596,245,186,2,2,0.00250626566416,0.00062656641604,-1.57034189485e-06,1.00000000001,0.00251413808856,1.57527449158e-06
1980,40,1603,1597,245,188,2,2,0.00250469630557,0.00626174076393,-1.56837589579e-05,1.0,0.0252680777709,1.58222152604e-05
1980,40,1603,1597,245,192,2,3,0.00250469630557,0.000626174076393,NaN,NaN,0.00502826826614,1.5742856187e-06
1980,40,1603,1597,245,198,2,2,0.00250469630557,0.00313087038197,-7.841879479e-06,1.00000000001,0.0125943591151,7.88626118666e-06
1980,40,1603,1597,245,200,2,2,0.00250469630557,0.00125234815279,-3.13675179153e-06,0.999999999986,0.00502826826614,3.14857123741e-06
1980,40,1603,1597,245,207,2,2,0.00250469630557,0.00814026299311,-2.03888866452e-05,1.0,0.0329107141725,2.06078360504e-05
1980,40,1603,1597,245,208,2,2,0.00250469630557,0.000626174076393,-1.56837589582e-06,1.00000000002,0.00251255886106,1.57329922421e-06
1980,40,1603,1597,245,211,2,2,0.00250469630557,0.000626174076393,-1.56837589582e-06,1.00000000002,0.00251255886106,1.57329922421e-06
1980,40,1603,1597,245,215,2,2,0.00250469630557,0.00125234815279,-3.13675179153e-06,0.999999999986,0.00502826826614,3.14857123741e-06
1980,40,1603,1597,245,218,2,3,0.00250469630557,0.00125234815279,NaN,NaN,0.0201890192184,6.32092023117e-06
1980,40,1603,1597,245,220,2,2,0.00250469630557,0.00125234815279,-3.13675179153e-06,0.999999999986,0.00502826826614,3.14857123741e-06
1980,40,1603,1597,245,221,2,3,0.00250469630557,0.000626174076393,NaN,NaN,0.00502826826614,1.5742856187e-06
1980,40,1603,1597,245,222,2,2,0.00250469630557,0.000626174076393,-1.56837589582e-06,1.00000000002,0.00251255886106,1.57329922421e-06
1980,40,1603,1597,245,226,2,2,0.00250469630557,0.000626174076393,-1.56837589582e-06,1.00000000002,0.00251255886106,1.57329922421e-06
1980,40,1603,1597,245,227,2,2,0.00250469630557,0.000626174076393,-1.56837589582e-06,1.00000000002,0.00251255886106,1.57329922421e-06
1980,40,1603,1597,245,232,2,2,0.00250469630557,0.000626174076393,-1.56837589582e-06,1.00000000002,0.00251255886106,1.57329922421e-06
1980,40,1603,1597,245,233,2,2,0.00250469630557,0.000626174076393,-1.56837589582e-06,1.00000000002,0.00251255886106,1.57329922421e-06
1980,40,1603,1597,245,240,2,2,0.00250469630557,0.00187852222918,-4.70512768735e-06,0.999999999998,0.00754713414476,4.72581975251e-06
1980,40,1603,1597,245,244,2,2,0.00250469630557,0.000626174076393,-1.56837589582e-06,1.00000000002,0.00251255886106,1.57329922421e-06
1980,40,1603,1597,245,245,2,2,0.00250469630557,0.000626174076393,-1.56837589582e-06,1.00000000002,0.00251255886106,1.57329922421e-06
1980,40,1603,1595,252,15,2,2,0.0137931034483,0.000626959247649,-8.64771376063e-06,0.999999999995,0.0139947881479,8.77416184819e-06
1980,40,1603,1595,252,20,2,3,0.0137931034483,0.000626959247649,NaN,NaN,0.0280071466512,8.77966979662e-06
1980,40,1603,1595,252,22,2,2,0.0137931034483,0.0012539184953,-1.72954275214e-05,1.0,0.0280071466512,1.75593395932e-05
1980,40,1603,1595,252,26,2,2,0.0137931034483,0.00376175548589,-5.1886282564e-05,1.0,0.0842329476691,5.28106254979e-05
1980,40,1603,1595,252,33,2,2,0.0137931034483,0.000626959247649,-8.64771376063e-06,0.999999999995,0.0139947881479,8.77416184819e-06
1980,40,1603,1595,252,35,2,2,0.0137931034483,0.000626959247649,-8.64771376063e-06,0.999999999995,0.0139947881479,8.77416184819e-06
1980,40,1603,1595,252,46,2,3,0.0137931034483,0.000626959247649,NaN,NaN,0.0280071466512,8.77966979662e-06
1980,40,1603,1595,252,48,2,2,0.0137931034483,0.000626959247649,-8.64771376063e-06,0.999999999995,0.0139947881479,8.77416184819e-06
1980,40,1603,1595,252,49,2,2,0.0137931034483,0.000626959247649,-8.64771376063e-06,0.999999999995,0.0139947881479,8.77416184819e-06
1980,40,1603,1595,252,55,2,2,0.0137931034483,0.000626959247649,-8.64771376063e-06,0.999999999995,0.0139947881479,8.77416184819e-06
1980,40,1603,1595,252,60,2,2,0.0137931034483,0.000626959247649,-8.64771376063e-06,0.999999999995,0.0139947881479,8.77416184819e-06
1980,40,1603,1595,252,64,2,2,0.0137931034483,0.0025078369906,-3.45908550425e-05,0.999999999995,0.0560847072475,3.51628258605e-05
1980,40,1603,1595,252,73,2,2,0.0137931034483,0.000626959247649,-8.64771376063e-06,0.999999999995,0.0139947881479,8.77416184819e-06
1980,40,1603,1595,252,77,2,2,0.0137931034483,0.00376175548589,-5.1886282564e-05,1.0,0.0842329476691,5.28106254979e-05
1980,40,1603,1595,252,94,2,2,0.0137931034483,0.000626959247649,-8.64771376063e-06,0.999999999995,0.0139947881479,8.77416184819e-06
1980,40,1603,1595,252,97,2,3,0.0137931034483,0.000626959247649,NaN,NaN,0.0280071466512,8.77966979662e-06
1980,40,1603,1595,252,101,2,2,0.0137931034483,0.0012539184953,-1.72954275214e-05,1.0,0.0280071466512,1.75593395932e-05
1980,40,1603,1595,252,105,2,2,0.0137931034483,0.292163009404,-0.00402983461247,1.0,9.20760373373,0.00577279230955
1980,40,1603,1595,252,115,2,2,0.0137931034483,0.000626959247649,-8.64771376063e-06,0.999999999995,0.0139947881479,8.77416184819e-06
1980,40,1603,1595,252,123,2,3,0.0137931034483,0.000626959247649,NaN,NaN,0.0560847072475,1.75814129303e-05
1980,40,1603,1595,252,124,2,2,0.0137931034483,0.00188087774295,-2.59431412819e-05,0.999999999995,0.04203710862,2.63555539937e-05
1980,40,1603,1595,252,130,2,2,0.0137931034483,0.000626959247649,-8.64771376063e-06,0.999999999995,0.0139947881479,8.77416184819e-06
1980,40,1603,1595,252,131,2,2,0.0137931034483,0.0012539184953,-1.72954275214e-05,1.0,0.0280071466512,1.75593395932e-05
1980,40,1603,1595,252,140,2,3,0.0137931034483,0.0012539184953,NaN,NaN,0.126588417887,3.96828896198e-05
1980,40,1603,1595,252,146,2,2,0.0137931034483,0.000626959247649,-8.64771376063e-06,0.999999999995,0.0139947881479,8.77416184819e-06
1980,40,1603,1595,252,149,2,2,0.0137931034483,0.000626959247649,-8.64771376063e-06,0.999999999995,0.0139947881479,8.77416184819e-06
1980,40,1603,1595,252,157,2,2,0.0137931034483,0.0012539184953,-1.72954275214e-05,1.0,0.0280071466512,1.75593395932e-05
1980,40,1603,1595,252,159,2,2,0.0137931034483,0.00376175548589,-5.1886282564e-05,1.0,0.0842329476691,5.28106254979e-05
1980,40,1603,1595,252,164,2,2,0.0137931034483,0.000626959247649,-8.64771376063e-06,0.999999999995,0.0139947881479,8.77416184819e-06
1980,40,1603,1595,252,167,2,2,0.0137931034483,0.00313479623824,-4.32385688034e-05,1.0,0.0701499758104,4.39811760566e-05
1980,40,1603,1595,252,177,2,2,0.0137931034483,0.000626959247649,-8.64771376063e-06,0.999999999995,0.0139947881479,8.77416184819e-06
1980,40,1603,1594,252,186,2,2,0.0138017565872,0.000627352572146,-8.65856749521e-06,1.00000000001,0.0140036961963,8.7852548283e-06
1980,40,1603,1595,252,188,2,2,0.0137931034483,0.00626959247649,-8.64771376067e-05,0.999999999999,0.140742538219,8.82398358739e-05
1980,40,1603,1595,252,192,2,3,0.0137931034483,0.000626959247649,NaN,NaN,0.0280071466512,8.77966979662e-06
1980,40,1603,1595,252,198,2,2,0.0137931034483,0.00313479623824,-4.32385688034e-05,1.0,0.0701499758104,4.39811760566e-05
1980,40,1603,1595,252,200,2,2,0.0137931034483,0.0012539184953,-1.72954275214e-05,1.0,0.0280071466512,1.75593395932e-05
1980,40,1603,1595,252,207,2,2,0.0137931034483,0.00815047021944,-0.000112420278889,1.0,0.183312262958,0.000114929318469
1980,40,1603,1595,252,208,2,2,0.0137931034483,0.000626959247649,-8.64771376063e-06,0.999999999995,0.0139947881479,8.77416184819e-06
1980,40,1603,1595,252,211,2,2,0.0137931034483,0.000626959247649,-8.64771376063e-06,0.999999999995,0.0139947881479,8.77416184819e-06
1980,40,1603,1595,252,215,2,2,0.0137931034483,0.0012539184953,-1.72954275214e-05,1.0,0.0280071466512,1.75593395932e-05
1980,40,1603,1595,252,218,2,3,0.0137931034483,0.0012539184953,NaN,NaN,10.3729108006,0.00325169617574
1980,40,1603,1595,252,220,2,2,0.0137931034483,0.0012539184953,-1.72954275214e-05,1.0,0.0280071466512,1.75593395932e-05
1980,40,1603,1595,252,221,2,3,0.0137931034483,0.000626959247649,NaN,NaN,0.0280071466512,8.77966979662e-06
1980,40,1603,1595,252,222,2,2,0.0137931034483,0.000626959247649,-8.64771376063e-06,0.999999999995,0.0139947881479,8.77416184819e-06
1980,40,1603,1595,252,226,2,2,0.0137931034483,0.000626959247649,-8.64771376063e-06,0.999999999995,0.0139947881479,8.77416184819e-06
1980,40,1603,1595,252,227,2,2,0.0137931034483,0.000626959247649,-8.64771376063e-06,0.999999999995,0.0139947881479,8.77416184819e-06
1980,40,1603,1595,252,232,2,2,0.0137931034483,0.000626959247649,-8.64771376063e-06,0.999999999995,0.0139947881479,8.77416184819e-06
1980,40,1603,1595,252,233,2,2,0.0137931034483,0.000626959247649,-8.64771376063e-06,0.999999999995,0.0139947881479,8.77416184819e-06
1980,40,1603,1595,252,240,2,2,0.0137931034483,0.00188087774295,-2.59431412819e-05,0.999999999995,0.04203710862,2.63555539937e-05
1980,40,1603,1595,252,244,2,2,0.0137931034483,0.000626959247649,-8.64771376063e-06,0.999999999995,0.0139947881479,8.77416184819e-06
1980,40,1603,1595,252,245,2,2,0.0137931034483,0.000626959247649,-8.64771376063e-06,0.999999999995,0.0139947881479,8.77416184819e-06
1980,40,1603,1595,255,15,3,2,0.000626959247649,0.000626959247649,NaN,NaN,0.00314662689488,9.86403415323e-07
1980,40,1603,1595,255,20,3,3,0.000626959247649,0.000626959247649,NaN,NaN,0.00629720435711,9.87022626507e-07
1980,40,1603,1595,255,22,3,2,0.000626959247649,0.0012539184953,NaN,NaN,0.00629720435711,1.97404525301e-06
1980,40,1603,1595,255,26,3,2,0.000626959247649,0.00376175548589,NaN,NaN,0.0189391690514,5.93704358977e-06
1980,40,1603,1595,255,33,3,2,0.000626959247649,0.000626959247649,NaN,NaN,0.00314662689488,9.86403415323e-07
1980,40,1603,1595,255,35,3,2,0.000626959247649,0.000626959247649,NaN,NaN,0.00314662689488,9.86403415323e-07
1980,40,1603,1595,255,46,3,3,0.000626959247649,0.000626959247649,NaN,NaN,0.00629720435711,9.87022626507e-07
1980,40,1603,1595,255,48,3,2,0.000626959247649,0.000626959247649,NaN,NaN,0.00314662689488,9.86403415323e-07
1980,40,1603,1595,255,49,3,2,0.000626959247649,0.000626959247649,NaN,NaN,0.00314662689488,9.86403415323e-07
1980,40,1603,1595,255,55,3,2,0.000626959247649,0.000626959247649,NaN,NaN,0.00314662689488,9.86403415323e-07
1980,40,1603,1595,255,60,3,2,0.000626959247649,0.000626959247649,NaN,NaN,0.00314662689488,9.86403415323e-07
1980,40,1603,1595,255,64,3,2,0.000626959247649,0.0025078369906,NaN,NaN,0.0126102407805,3.9530535362e-06
1980,40,1603,1595,255,73,3,2,0.000626959247649,0.000626959247649,NaN,NaN,0.00314662689488,9.86403415323e-07
1980,40,1603,1595,255,77,3,2,0.000626959247649,0.00376175548589,NaN,NaN,0.0189391690514,5.93704358977e-06
1980,40,1603,1595,255,94,3,2,0.000626959247649,0.000626959247649,NaN,NaN,0.00314662689488,9.86403415323e-07
1980,40,1603,1595,255,97,3,3,0.000626959247649,0.000626959247649,NaN,NaN,0.00629720435711,9.87022626507e-07
1980,40,1603,1595,255,101,3,2,0.000626959247649,0.0012539184953,NaN,NaN,0.00629720435711,1.97404525301e-06
1980,40,1603,1595,255,105,3,2,0.000626959247649,0.292163009404,NaN,NaN,2.45801557691,0.000770537798406
1980,40,1603,1595,255,115,3,2,0.000626959247649,0.000626959247649,NaN,NaN,0.00314662689488,9.86403415323e-07
1980,40,1603,1595,255,123,3,3,0.000626959247649,0.000626959247649,NaN,NaN,0.0126102407805,1.9765267681e-06
1980,40,1603,1595,255,124,3,2,0.000626959247649,0.00188087774295,NaN,NaN,0.00945173983123,2.96292784678e-06
1980,40,1603,1595,255,130,3,2,0.000626959247649,0.000626959247649,NaN,NaN,0.00314662689488,9.86403415323e-07
1980,40,1603,1595,255,131,3,2,0.000626959247649,0.0012539184953,NaN,NaN,0.00629720435711,1.97404525301e-06
1980,40,1603,1595,255,140,3,3,0.000626959247649,0.0012539184953,NaN,NaN,0.0284624901853,4.46120535821e-06
1980,40,1603,1595,255,146,3,2,0.000626959247649,0.000626959247649,NaN,NaN,0.00314662689488,9.86403415323e-07
1980,40,1603,1595,255,149,3,2,0.000626959247649,0.000626959247649,NaN,NaN,0.00314662689488,9.86403415323e-07
1980,40,1603,1595,255,157,3,2,0.000626959247649,0.0012539184953,NaN,NaN,0.00629720435711,1.97404525301e-06
1980,40,1603,1595,255,159,3,2,0.000626959247649,0.00376175548589,NaN,NaN,0.0189391690514,5.93704358977e-06
1980,40,1603,1595,255,164,3,2,0.000626959247649,0.000626959247649,NaN,NaN,0.00314662689488,9.86403415323e-07
1980,40,1603,1595,255,167,3,2,0.000626959247649,0.00313479623824,NaN,NaN,0.0157727146869,4.94442466675e-06
1980,40,1603,1595,255,177,3,2,0.000626959247649,0.000626959247649,NaN,NaN,0.00314662689488,9.86403415323e-07
1980,40,1603,1594,255,186,3,2,0.000627352572146,0.000627352572146,NaN,NaN,0.00314860839015,9.87643786121e-07
1980,40,1603,1595,255,188,3,2,0.000626959247649,0.00626959247649,NaN,NaN,0.0316449417693,9.9200444418e-06
1980,40,1603,1595,255,192,3,3,0.000626959247649,0.000626959247649,NaN,NaN,0.00629720435711,9.87022626507e-07
1980,40,1603,1595,255,198,3,2,0.000626959247649,0.00313479623824,NaN,NaN,0.0157727146869,4.94442466675e-06
1980,40,1603,1595,255,200,3,2,0.000626959247649,0.0012539184953,NaN,NaN,0.00629720435711,1.97404525301e-06
1980,40,1603,1595,255,207,3,2,0.000626959247649,0.00815047021944,NaN,NaN,0.0412164364828,1.2920513004e-05
1980,40,1603,1595,255,208,3,2,0.000626959247649,0.000626959247649,NaN,NaN,0.00314662689488,9.86403415323e-07
1980,40,1603,1595,255,211,3,2,0.000626959247649,0.000626959247649,NaN,NaN,0.00314662689488,9.86403415323e-07
1980,40,1603,1595,255,215,3,2,0.000626959247649,0.0012539184953,NaN,NaN,0.00629720435711,1.97404525301e-06
1980,40,1603,1595,255,218,3,3,0.000626959247649,0.0012539184953,NaN,NaN,0.0252840492524,3.9630171242e-06
1980,40,1603,1595,255,220,3,2,0.000626959247649,0.0012539184953,NaN,NaN,0.00629720435711,1.97404525301e-06
1980,40,1603,1595,255,221,3,3,0.000626959247649,0.000626959247649,NaN,NaN,0.00629720435711,9.87022626507e-07
1980,40,1603,1595,255,222,3,2,0.000626959247649,0.000626959247649,NaN,NaN,0.00314662689488,9.86403415323e-07
1980,40,1603,1595,255,226,3,2,0.000626959247649,0.000626959247649,NaN,NaN,0.00314662689488,9.86403415323e-07
1980,40,1603,1595,255,227,3,2,0.000626959247649,0.000626959247649,NaN,NaN,0.00314662689488,9.86403415323e-07
1980,40,1603,1595,255,232,3,2,0.000626959247649,0.000626959247649,NaN,NaN,0.00314662689488,9.86403415323e-07
1980,40,1603,1595,255,233,3,2,0.000626959247649,0.000626959247649,NaN,NaN,0.00314662689488,9.86403415323e-07
1980,40,1603,1595,255,240,3,2,0.000626959247649,0.00188087774295,NaN,NaN,0.00945173983123,2.96292784678e-06
1980,40,1603,1595,255,244,3,2,0.000626959247649,0.000626959247649,NaN,NaN,0.00314662689488,9.86403415323e-07
1980,40,1603,1595,255,245,3,2,0.000626959247649,0.000626959247649,NaN,NaN,0.00314662689488,9.86403415323e-07
1980,40,1603,1595,257,15,2,2,0.000626959247649,0.000626959247649,-3.93077898231e-07,1.00000000005,0.000627746143395,3.93571249778e-07
1980,40,1603,1595,257,20,2,3,0.000626959247649,0.000626959247649,NaN,NaN,0.00125628041754,3.93818312709e-07
1980,40,1603,1595,257,22,2,2,0.000626959247649,0.0012539184953,-7.86155796573e-07,1.00000000019,0.00125628041754,7.87636625418e-07
1980,40,1603,1595,257,26,2,2,0.000626959247649,0.00376175548589,-2.35846738927e-06,1.0,0.00377832858114,2.3688580446e-06
1980,40,1603,1595,257,33,2,2,0.000626959247649,0.000626959247649,-3.93077898231e-07,1.00000000005,0.000627746143395,3.93571249778e-07
1980,40,1603,1595,257,35,2,2,0.000626959247649,0.000626959247649,-3.93077898231e-07,1.00000000005,0.000627746143395,3.93571249778e-07
1980,40,1603,1595,257,46,2,3,0.000626959247649,0.000626959247649,NaN,NaN,0.00125628041754,3.93818312709e-07
1980,40,1603,1595,257,48,2,2,0.000626959247649,0.000626959247649,-3.93077898231e-07,1.00000000005,0.000627746143395,3.93571249778e-07
1980,40,1603,1595,257,49,2,2,0.000626959247649,0.000626959247649,-3.93077898231e-07,1.00000000005,0.000627746143395,3.93571249778e-07
1980,40,1603,1595,257,55,2,2,0.000626959247649,0.000626959247649,-3.93077898231e-07,1.00000000005,0.000627746143395,3.93571249778e-07
1980,40,1603,1595,257,60,2,2,0.000626959247649,0.000626959247649,-3.93077898231e-07,1.00000000005,0.000627746143395,3.93571249778e-07
1980,40,1603,1595,257,64,2,2,0.000626959247649,0.0025078369906,-1.57231159281e-06,0.999999999976,0.00251571930251,1.5772534812e-06
1980,40,1603,1595,257,73,2,2,0.000626959247649,0.000626959247649,-3.93077898231e-07,1.00000000005,0.000627746143395,3.93571249778e-07
1980,40,1603,1595,257,77,2,2,0.000626959247649,0.00376175548589,-2.35846738927e-06,1.0,0.00377832858114,2.3688580446e-06
1980,40,1603,1595,257,94,2,2,0.000626959247649,0.000626959247649,-3.93077898231e-07,1.00000000005,0.000627746143395,3.93571249778e-07
1980,40,1603,1595,257,97,2,3,0.000626959247649,0.000626959247649,NaN,NaN,0.00125628041754,3.93818312709e-07
1980,40,1603,1595,257,101,2,2,0.000626959247649,0.0012539184953,-7.86155796573e-07,1.00000000019,0.00125628041754,7.87636625418e-07
1980,40,1603,1595,257,105,2,2,0.000626959247649,0.292789968652,-0.000183567378465,1.0,0.414266820613,0.000259728414177
1980,40,1603,1595,257,115,2,2,0.000626959247649,0.000626959247649,-3.93077898231e-07,1.00000000005,0.000627746143395,3.93571249778e-07
1980,40,1603,1595,257,123,2,3,0.000626959247649,0.000626959247649,NaN,NaN,0.00251571930251,7.88626740598e-07
1980,40,1603,1595,257,124,2,2,0.000626959247649,0.00188087774295,-1.17923369469e-06,1.00000000005,0.00188560430761,1.18219705806e-06
1980,40,1603,1595,257,130,2,2,0.000626959247649,0.000626959247649,-3.93077898231e-07,1.00000000005,0.000627746143395,3.93571249778e-07
1980,40,1603,1595,257,131,2,2,0.000626959247649,0.0012539184953,-7.86155796573e-07,1.00000000019,0.00125628041754,7.87636625418e-07
1980,40,1603,1595,257,140,2,3,0.000626959247649,0.0012539184953,NaN,NaN,0.00567821322393,1.78000414543e-06
1980,40,1603,1595,257,146,2,2,0.000626959247649,0.000626959247649,-3.93077898231e-07,1.00000000005,0.000627746143395,3.93571249778e-07
1980,40,1603,1595,257,149,2,2,0.000626959247649,0.000626959247649,-3.93077898231e-07,1.00000000005,0.000627746143395,3.93571249778e-07
1980,40,1603,1595,257,157,2,2,0.000626959247649,0.0012539184953,-7.86155796573e-07,1.00000000019,0.00125628041754,7.87636625418e-07
1980,40,1603,1595,257,159,2,2,0.000626959247649,0.00376175548589,-2.35846738927e-06,1.0,0.00377832858114,2.3688580446e-06
1980,40,1603,1595,257,164,2,2,0.000626959247649,0.000626959247649,-3.93077898231e-07,1.00000000005,0.000627746143395,3.93571249778e-07
1980,40,1603,1595,257,167,2,2,0.000626959247649,0.00313479623824,-1.96538949104e-06,0.99999999999,0.00314662689488,1.97280683065e-06
1980,40,1603,1595,257,177,2,2,0.000626959247649,0.000626959247649,-3.93077898231e-07,1.00000000005,0.000627746143395,3.93571249778e-07
1980,40,1603,1594,257,186,2,2,0.000627352572146,0.000627352572146,0.000626959000896,1.0,1594.0,1.0
1980,40,1603,1595,257,188,2,2,0.000626959247649,0.00626959247649,-3.93077898209e-06,0.99999999999,0.00631310632538,3.95806039209e-06
1980,40,1603,1595,257,192,2,3,0.000626959247649,0.000626959247649,NaN,NaN,0.00125628041754,3.93818312709e-07
1980,40,1603,1595,257,198,2,2,0.000626959247649,0.00313479623824,-1.96538949104e-06,0.99999999999,0.00314662689488,1.97280683065e-06
1980,40,1603,1595,257,200,2,2,0.000626959247649,0.0012539184953,-7.86155796573e-07,1.00000000019,0.00125628041754,7.87636625418e-07
1980,40,1603,1595,257,207,2,2,0.000626959247649,0.00815047021944,-5.11001267678e-06,1.0,0.0082226015066,5.15523605429e-06
1980,40,1603,1595,257,208,2,2,0.000626959247649,0.000626959247649,-3.93077898231e-07,1.00000000005,0.000627746143395,3.93571249778e-07
1980,40,1603,1595,257,211,2,2,0.000626959247649,0.000626959247649,-3.93077898231e-07,1.00000000005,0.000627746143395,3.93571249778e-07
1980,40,1603,1595,257,215,2,2,0.000626959247649,0.0012539184953,-7.86155796573e-07,1.00000000019,0.00125628041754,7.87636625418e-07
1980,40,1603,1595,257,218,2,3,0.000626959247649,0.0012539184953,NaN,NaN,0.00504412023981,1.5812289153e-06
1980,40,1603,1595,257,220,2,2,0.000626959247649,0.0012539184953,-7.86155796573e-07,1.00000000019,0.00125628041754,7.87636625418e-07
1980,40,1603,1595,257,221,2,3,0.000626959247649,0.000626959247649,NaN,NaN,0.00125628041754,3.93818312709e-07
1980,40,1603,1595,257,222,2,2,0.000626959247649,0.000626959247649,-3.93077898231e-07,1.00000000005,0.000627746143395,3.93571249778e-07
1980,40,1603,1595,257,226,2,2,0.000626959247649,0.000626959247649,-3.93077898231e-07,1.00000000005,0.000627746143395,3.93571249778e-07
1980,40,1603,1595,257,227,2,2,0.000626959247649,0.000626959247649,-3.93077898231e-07,1.00000000005,0.000627746143395,3.93571249778e-07
1980,40,1603,1595,257,232,2,2,0.000626959247649,0.000626959247649,-3.93077898231e-07,1.00000000005,0.000627746143395,3.93571249778e-07
1980,40,1603,1595,257,233,2,2,0.000626959247649,0.000626959247649,-3.93077898231e-07,1.00000000005,0.000627746143395,3.93571249778e-07
1980,40,1603,1595,257,240,2,2,0.000626959247649,0.00188087774295,-1.17923369469e-06,1.00000000005,0.00188560430761,1.18219705806e-06
1980,40,1603,1595,257,244,2,2,0.000626959247649,0.000626959247649,-3.93077898231e-07,1.00000000005,0.000627746143395,3.93571249778e-07
1980,40,1603,1595,257,245,2,2,0.000626959247649,0.000626959247649,-3.93077898231e-07,1.00000000005,0.000627746143395,3.93571249778e-07
1980,40,1603,1595,258,15,2,2,0.0012539184953,0.000626959247649,-7.86155796573e-07,1.00000000019,0.00125628041754,7.87636625418e-07
1980,40,1603,1595,258,20,2,3,0.0012539184953,0.000626959247649,NaN,NaN,0.00251413808608,7.88131061467e-07
1980,40,1603,1595,258,22,2,2,0.0012539184953,0.0012539184953,-1.57231159292e-06,1.00000000005,0.00251413808608,1.57626212293e-06
1980,40,1603,1595,258,26,2,2,0.0012539184953,0.00376175548589,-4.71693477855e-06,1.0,0.00756140082654,4.74069017338e-06
1980,40,1603,1595,258,33,2,2,0.0012539184953,0.000626959247649,-7.86155796573e-07,1.00000000019,0.00125628041754,7.87636625418e-07
1980,40,1603,1595,258,35,2,2,0.0012539184953,0.000626959247649,-7.86155796573e-07,1.00000000019,0.00125628041754,7.87636625418e-07
1980,40,1603,1595,258,46,2,3,0.0012539184953,0.000626959247649,NaN,NaN,0.00251413808608,7.88131061467e-07
1980,40,1603,1595,258,48,2,2,0.0012539184953,0.000626959247649,-7.86155796573e-07,1.00000000019,0.00125628041754,7.87636625418e-07
1980,40,1603,1595,258,49,2,2,0.0012539184953,0.000626959247649,-7.86155796573e-07,1.00000000019,0.00125628041754,7.87636625418e-07
1980,40,1603,1595,258,55,2,2,0.0012539184953,0.000626959247649,-7.86155796573e-07,1.00000000019,0.00125628041754,7.87636625418e-07
1980,40,1603,1595,258,60,2,2,0.0012539184953,0.000626959247649,-7.86155796573e-07,1.00000000019,0.00125628041754,7.87636625418e-07
1980,40,1603,1595,258,64,2,2,0.0012539184953,0.0025078369906,-3.14462318574e-06,1.00000000001,0.00503459707244,3.15648719275e-06
1980,40,1603,1595,258,73,2,2,0.0012539184953,0.000626959247649,-7.86155796573e-07,1.00000000019,0.00125628041754,7.87636625418e-07
1980,40,1603,1595,258,77,2,2,0.0012539184953,0.00376175548589,-4.71693477855e-06,1.0,0.00756140082654,4.74069017338e-06
1980,40,1603,1595,258,94,2,2,0.0012539184953,0.000626959247649,-7.86155796573e-07,1.00000000019,0.00125628041754,7.87636625418e-07
1980,40,1603,1595,258,97,2,3,0.0012539184953,0.000626959247649,NaN,NaN,0.00251413808608,7.88131061467e-07
1980,40,1603,1595,258,101,2,2,0.0012539184953,0.0012539184953,-1.57231159292e-06,1.00000000005,0.00251413808608,1.57626212293e-06
1980,40,1603,1595,258,105,2,2,0.0012539184953,0.292789968652,-0.00036713475693,1.0,0.829053750228,0.000519782915504
1980,40,1603,1595,258,115,2,2,0.0012539184953,0.000626959247649,-7.86155796573e-07,1.00000000019,0.00125628041754,7.87636625418e-07
1980,40,1603,1595,258,123,2,3,0.0012539184953,0.000626959247649,NaN,NaN,0.00503459707244,1.57824359638e-06
1980,40,1603,1595,258,124,2,2,0.0012539184953,0.00188087774295,-2.35846738927e-06,1.0,0.00377357597782,2.365878356e-06
1980,40,1603,1595,258,130,2,2,0.0012539184953,0.000626959247649,-7.86155796573e-07,1.00000000019,0.00125628041754,7.87636625418e-07
1980,40,1603,1595,258,131,2,2,0.0012539184953,0.0012539184953,-1.57231159292e-06,1.00000000005,0.00251413808608,1.57626212293e-06
1980,40,1603,1595,258,140,2,3,0.0012539184953,0.0012539184953,NaN,NaN,0.0113635554036,3.56224307322e-06
1980,40,1603,1595,258,146,2,2,0.0012539184953,0.000626959247649,-7.86155796573e-07,1.00000000019,0.00125628041754,7.87636625418e-07
1980,40,1603,1595,258,149,2,2,0.0012539184953,0.000626959247649,-7.86155796573e-07,1.00000000019,0.00125628041754,7.87636625418e-07
1980,40,1603,1595,258,157,2,2,0.0012539184953,0.0012539184953,-1.57231159292e-06,1.00000000005,0.00251413808608,1.57626212293e-06
1980,40,1603,1595,258,159,2,2,0.0012539184953,0.00376175548589,-4.71693477855e-06,1.0,0.00756140082654,4.74069017338e-06
1980,40,1603,1595,258,164,2,2,0.0012539184953,0.000626959247649,-7.86155796573e-07,1.00000000019,0.00125628041754,7.87636625418e-07
1980,40,1603,1595,258,167,2,2,0.0012539184953,0.00313479623824,-3.93077898209e-06,0.99999999999,0.00629720435711,3.94809050603e-06
1980,40,1603,1595,258,177,2,2,0.0012539184953,0.000626959247649,-7.86155796573e-07,1.00000000019,0.00125628041754,7.87636625418e-07
1980,40,1603,1594,258,186,2,2,0.00125470514429,0.000627352572146,-7.87142499625e-07,1.00000000009,0.00125707003315,7.88626118666e-07
1980,40,1603,1595,258,188,2,2,0.0012539184953,0.00626959247649,-7.86155796428e-06,1.0,0.0126341387102,7.92109010042e-06
1980,40,1603,1595,258,192,2,3,0.0012539184953,0.000626959247649,NaN,NaN,0.00251413808608,7.88131061467e-07
1980,40,1603,1595,258,198,2,2,0.0012539184953,0.00313479623824,-3.93077898209e-06,0.99999999999,0.00629720435711,3.94809050603e-06
1980,40,1603,1595,258,200,2,2,0.0012539184953,0.0012539184953,-1.57231159292e-06,1.00000000005,0.00251413808608,1.57626212293e-06
1980,40,1603,1595,258,207,2,2,0.0012539184953,0.00815047021944,-1.02200253537e-05,1.00000000001,0.01645552643,1.03169444702e-05
1980,40,1603,1595,258,208,2,2,0.0012539184953,0.000626959247649,-7.86155796573e-07,1.00000000019,0.00125628041754,7.87636625418e-07
1980,40,1603,1595,258,211,2,2,0.0012539184953,0.000626959247649,-7.86155796573e-07,1.00000000019,0.00125628041754,7.87636625418e-07
1980,40,1603,1595,258,215,2,2,0.0012539184953,0.0012539184953,-1.57231159292e-06,1.00000000005,0.00251413808608,1.57626212293e-06
1980,40,1603,1595,258,218,2,3,0.0012539184953,0.0012539184953,NaN,NaN,0.0100945733362,3.16444305209e-06
1980,40,1603,1595,258,220,2,2,0.0012539184953,0.0012539184953,-1.57231159292e-06,1.00000000005,0.00251413808608,1.57626212293e-06
1980,40,1603,1595,258,221,2,3,0.0012539184953,0.000626959247649,NaN,NaN,0.00251413808608,7.88131061467e-07
1980,40,1603,1595,258,222,2,2,0.0012539184953,0.000626959247649,-7.86155796573e-07,1.00000000019,0.00125628041754,7.87636625418e-07
1980,40,1603,1595,258,226,2,2,0.0012539184953,0.000626959247649,-7.86155796573e-07,1.00000000019,0.00125628041754,7.87636625418e-07
1980,40,1603,1595,258,227,2,2,0.0012539184953,0.000626959247649,-7.86155796573e-07,1.00000000019,0.00125628041754,7.87636625418e-07
1980,40,1603,1595,258,232,2,2,0.0012539184953,0.000626959247649,-7.86155796573e-07,1.00000000019,0.00125628041754,7.87636625418e-07
1980,40,1603,1595,258,233,2,2,0.0012539184953,0.000626959247649,-7.86155796573e-07,1.00000000019,0.00125628041754,7.87636625418e-07
1980,40,1603,1595,258,240,2,2,0.0012539184953,0.00188087774295,-2.35846738927e-06,1.0,0.00377357597782,2.365878356e-06
1980,40,1603,1595,258,244,2,2,0.0012539184953,0.000626959247649,-7.86155796573e-07,1.00000000019,0.00125628041754,7.87636625418e-07
1980,40,1603,1595,258,245,2,2,0.0012539184953,0.000626959247649,-7.86155796573e-07,1.00000000019,0.00125628041754,7.87636625418e-07
1980,40,1603,1595,259,15,3,2,0.000626959247649,0.000626959247649,NaN,NaN,0.00188560430761,5.91098529032e-07
1980,40,1603,1595,259,20,3,3,0.000626959247649,0.000626959247649,NaN,NaN,0.00377357597782,5.91469589e-07
1980,40,1603,1595,259,22,3,2,0.000626959247649,0.0012539184953,NaN,NaN,0.00377357597782,1.182939178e-06
1980,40,1603,1595,259,26,3,2,0.000626959247649,0.00376175548589,NaN,NaN,0.0113492256753,3.55775099538e-06
1980,40,1603,1595,259,33,3,2,0.000626959247649,0.000626959247649,NaN,NaN,0.00188560430761,5.91098529032e-07
1980,40,1603,1595,259,35,3,2,0.000626959247649,0.000626959247649,NaN,NaN,0.00188560430761,5.91098529032e-07
1980,40,1603,1595,259,46,3,3,0.000626959247649,0.000626959247649,NaN,NaN,0.00377357597782,5.91469589e-07
1980,40,1603,1595,259,48,3,2,0.000626959247649,0.000626959247649,NaN,NaN,0.00188560430761,5.91098529032e-07
1980,40,1603,1595,259,49,3,2,0.000626959247649,0.000626959247649,NaN,NaN,0.00188560430761,5.91098529032e-07
1980,40,1603,1595,259,55,3,2,0.000626959247649,0.000626959247649,NaN,NaN,0.00188560430761,5.91098529032e-07
1980,40,1603,1595,259,60,3,2,0.000626959247649,0.000626959247649,NaN,NaN,0.00188560430761,5.91098529032e-07
1980,40,1603,1595,259,64,3,2,0.000626959247649,0.0025078369906,NaN,NaN,0.00755663926168,2.36885243313e-06
1980,40,1603,1595,259,73,3,2,0.000626959247649,0.000626959247649,NaN,NaN,0.00188560430761,5.91098529032e-07
1980,40,1603,1595,259,77,3,2,0.000626959247649,0.00376175548589,NaN,NaN,0.0113492256753,3.55775099538e-06
1980,40,1603,1595,259,94,3,2,0.000626959247649,0.000626959247649,NaN,NaN,0.00188560430761,5.91098529032e-07
1980,40,1603,1595,259,97,3,3,0.000626959247649,0.000626959247649,NaN,NaN,0.00377357597782,5.91469589e-07
1980,40,1603,1595,259,101,3,2,0.000626959247649,0.0012539184953,NaN,NaN,0.00377357597782,1.182939178e-06
1980,40,1603,1595,259,105,3,2,0.000626959247649,0.292789968652,NaN,NaN,5.2486585902,0.00164534752044
1980,40,1603,1595,259,115,3,2,0.000626959247649,0.000626959247649,NaN,NaN,0.00188560430761,5.91098529032e-07
1980,40,1603,1595,259,123,3,3,0.000626959247649,0.000626959247649,NaN,NaN,0.00755663926168,1.18442621656e-06
1980,40,1603,1595,259,124,3,2,0.000626959247649,0.00188087774295,NaN,NaN,0.00566391947173,1.77552334537e-06
1980,40,1603,1595,259,130,3,2,0.000626959247649,0.000626959247649,NaN,NaN,0.00188560430761,5.91098529032e-07
1980,40,1603,1595,259,131,3,2,0.000626959247649,0.0012539184953,NaN,NaN,0.00377357597782,1.182939178e-06
1980,40,1603,1595,259,140,3,3,0.000626959247649,0.0012539184953,NaN,NaN,0.0170560399729,2.67336049732e-06
1980,40,1603,1595,259,146,3,2,0.000626959247649,0.000626959247649,NaN,NaN,0.00188560430761,5.91098529032e-07
1980,40,1603,1595,259,149,3,2,0.000626959247649,0.000626959247649,NaN,NaN,0.00188560430761,5.91098529032e-07
1980,40,1603,1595,259,157,3,2,0.000626959247649,0.0012539184953,NaN,NaN,0.00377357597782,1.182939178e-06
1980,40,1603,1595,259,159,3,2,0.000626959247649,0.00376175548589,NaN,NaN,0.0113492256753,3.55775099538e-06
1980,40,1603,1595,259,164,3,2,0.000626959247649,0.000626959247649,NaN,NaN,0.00188560430761,5.91098529032e-07
1980,40,1603,1595,259,167,3,2,0.000626959247649,0.00313479623824,NaN,NaN,0.00945173983123,2.96292784678e-06
1980,40,1603,1595,259,177,3,2,0.000626959247649,0.000626959247649,NaN,NaN,0.00188560430761,5.91098529032e-07
1980,40,1603,1594,259,186,3,2,0.000627352572146,0.000627352572146,NaN,NaN,0.00188679021947,5.91841348641e-07
1980,40,1603,1595,259,188,3,2,0.000626959247649,0.00626959247649,NaN,NaN,0.0189631120904,5.94454924465e-06
1980,40,1603,1595,259,192,3,3,0.000626959247649,0.000626959247649,NaN,NaN,0.00377357597782,5.91469589e-07
1980,40,1603,1595,259,198,3,2,0.000626959247649,0.00313479623824,NaN,NaN,0.00945173983123,2.96292784678e-06
1980,40,1603,1595,259,200,3,2,0.000626959247649,0.0012539184953,NaN,NaN,0.00377357597782,1.182939178e-06
1980,40,1603,1595,259,207,3,2,0.000626959247649,0.00815047021944,NaN,NaN,0.024698794224,7.74256872225e-06
1980,40,1603,1595,259,208,3,2,0.000626959247649,0.000626959247649,NaN,NaN,0.00188560430761,5.91098529032e-07
1980,40,1603,1595,259,211,3,2,0.000626959247649,0.000626959247649,NaN,NaN,0.00188560430761,5.91098529032e-07
1980,40,1603,1595,259,215,3,2,0.000626959247649,0.0012539184953,NaN,NaN,0.00377357597782,1.182939178e-06
1980,40,1603,1595,259,218,3,3,0.000626959247649,0.0012539184953,NaN,NaN,0.0151513712228,2.37482307568e-06
1980,40,1603,1595,259,220,3,2,0.000626959247649,0.0012539184953,NaN,NaN,0.00377357597782,1.182939178e-06
1980,40,1603,1595,259,221,3,3,0.000626959247649,0.000626959247649,NaN,NaN,0.00377357597782,5.91469589e-07
1980,40,1603,1595,259,222,3,2,0.000626959247649,0.000626959247649,NaN,NaN,0.00188560430761,5.91098529032e-07
1980,40,1603,1595,259,226,3,2,0.000626959247649,0.000626959247649,NaN,NaN,0.00188560430761,5.91098529032e-07
1980,40,1603,1595,259,227,3,2,0.000626959247649,0.000626959247649,NaN,NaN,0.00188560430761,5.91098529032e-07
1980,40,1603,1595,259,232,3,2,0.000626959247649,0.000626959247649,NaN,NaN,0.00188560430761,5.91098529032e-07
1980,40,1603,1595,259,233,3,2,0.000626959247649,0.000626959247649,NaN,NaN,0.00188560430761,5.91098529032e-07
1980,40,1603,1595,259,240,3,2,0.000626959247649,0.00188087774295,NaN,NaN,0.00566391947173,1.77552334537e-06
1980,40,1603,1595,259,244,3,2,0.000626959247649,0.000626959247649,NaN,NaN,0.00188560430761,5.91098529032e-07
1980,40,1603,1595,259,245,3,2,0.000626959247649,0.000626959247649,NaN,NaN,0.00188560430761,5.91098529032e-07
1980,40,1603,1594,262,15,2,2,0.000627352572146,0.000627352572146,-3.93571249813e-07,1.00000000009,0.000628140455989,3.94065530733e-07
1980,40,1603,1594,262,20,2,3,0.000627352572146,0.000627352572146,NaN,NaN,0.00125707003315,3.94313059333e-07
1980,40,1603,1594,262,22,2,2,0.000627352572146,0.00125470514429,-7.87142499625e-07,1.00000000009,0.00125707003315,7.88626118666e-07
1980,40,1603,1594,262,26,2,2,0.000627352572146,0.00376411543287,-2.36142749865e-06,0.999999999995,0.00378070936923,2.37183774732e-06
1980,40,1603,1594,262,33,2,2,0.000627352572146,0.000627352572146,-3.93571249813e-07,1.00000000009,0.000628140455989,3.94065530733e-07
1980,40,1603,1594,262,35,2,2,0.000627352572146,0.000627352572146,-3.93571249813e-07,1.00000000009,0.000628140455989,3.94065530733e-07
1980,40,1603,1594,262,46,2,3,0.000627352572146,0.000627352572146,NaN,NaN,0.00125707003315,3.94313059333e-07
1980,40,1603,1594,262,48,2,2,0.000627352572146,0.000627352572146,-3.93571249813e-07,1.00000000009,0.000628140455989,3.94065530733e-07
1980,40,1603,1594,262,49,2,2,0.000627352572146,0.000627352572146,-3.93571249813e-07,1.00000000009,0.000628140455989,3.94065530733e-07
1980,40,1603,1594,262,55,2,2,0.000627352572146,0.000627352572146,-3.93571249813e-07,1.00000000009,0.000628140455989,3.94065530733e-07
1980,40,1603,1594,262,60,2,2,0.000627352572146,0.000627352572146,-3.93571249813e-07,1.00000000009,0.000628140455989,3.94065530733e-07
1980,40,1603,1594,262,64,2,2,0.000627352572146,0.00250941028858,-1.57428499914e-06,1.00000000002,0.00251730250664,1.57923620241e-06
1980,40,1603,1594,262,73,2,2,0.000627352572146,0.000627352572146,-3.93571249813e-07,1.00000000009,0.000628140455989,3.94065530733e-07
1980,40,1603,1594,262,77,2,2,0.000627352572146,0.00376411543287,-2.36142749865e-06,0.999999999995,0.00378070936923,2.37183774732e-06
1980,40,1603,1594,262,94,2,2,0.000627352572146,0.000627352572146,-3.93571249813e-07,1.00000000009,0.000628140455989,3.94065530733e-07
1980,40,1603,1594,262,97,2,3,0.000627352572146,0.000627352572146,NaN,NaN,0.00125707003315,3.94313059333e-07
1980,40,1603,1594,262,101,2,2,0.000627352572146,0.00125470514429,-7.87142499625e-07,1.00000000009,0.00125707003315,7.88626118666e-07
1980,40,1603,1594,262,105,2,2,0.000627352572146,0.29234629862,-0.000183404202396,1.0,0.413379902321,0.000259334944994
1980,40,1603,1594,262,115,2,2,0.000627352572146,0.000627352572146,-3.93571249813e-07,1.00000000009,0.000628140455989,3.94065530733e-07
1980,40,1603,1594,262,123,2,3,0.000627352572146,0.000627352572146,NaN,NaN,0.00251730250664,7.89618101205e-07
1980,40,1603,1594,262,124,2,2,0.000627352572146,0.00188205771644,-1.18071374933e-06,0.999999999995,0.00188679021947,1.18368269728e-06
1980,40,1603,1594,262,130,2,2,0.000627352572146,0.000627352572146,-3.93571249813e-07,1.00000000009,0.000628140455989,3.94065530733e-07
1980,40,1603,1594,262,131,2,2,0.000627352572146,0.00125470514429,-7.87142499625e-07,1.00000000009,0.00125707003315,7.88626118666e-07
1980,40,1603,1594,262,140,2,3,0.000627352572146,0.00125470514429,NaN,NaN,0.00568179792903,1.78224527259e-06
1980,40,1603,1594,262,146,2,2,0.000627352572146,0.000627352572146,-3.93571249813e-07,1.00000000009,0.000628140455989,3.94065530733e-07
1980,40,1603,1594,262,149,2,2,0.000627352572146,0.000627352572146,-3.93571249813e-07,1.00000000009,0.000628140455989,3.94065530733e-07
1980,40,1603,1594,262,157,2,2,0.000627352572146,0.00125470514429,-7.87142499625e-07,1.00000000009,0.00125707003315,7.88626118666e-07
1980,40,1603,1594,262,159,2,2,0.000627352572146,0.00376411543287,-2.36142749865e-06,0.999999999995,0.00378070936923,2.37183774732e-06
1980,40,1603,1594,262,164,2,2,0.000627352572146,0.000627352572146,-3.93571249813e-07,1.00000000009,0.000628140455989,3.94065530733e-07
1980,40,1603,1594,262,167,2,2,0.000627352572146,0.00313676286073,-1.96785624884e-06,0.999999999976,0.00314860839015,1.97528757224e-06
1980,40,1603,1594,262,177,2,2,0.000627352572146,0.000627352572146,-3.93571249813e-07,1.00000000009,0.000628140455989,3.94065530733e-07
1980,40,1603,1593,262,186,2,2,0.000627746390458,0.000627746390458,-3.94065530762e-07,1.00000000007,0.000628535264261,3.94560743416e-07
1980,40,1603,1594,262,188,2,2,0.000627352572146,0.00627352572146,-3.93571249779e-06,1.0,0.00631709435853,3.96304539431e-06
1980,40,1603,1594,262,192,2,3,0.000627352572146,0.000627352572146,NaN,NaN,0.00125707003315,3.94313059333e-07
1980,40,1603,1594,262,198,2,2,0.000627352572146,0.00313676286073,-1.96785624884e-06,0.999999999976,0.00314860839015,1.97528757224e-06
1980,40,1603,1594,262,200,2,2,0.000627352572146,0.00125470514429,-7.87142499625e-07,1.00000000009,0.00125707003315,7.88626118666e-07
1980,40,1603,1594,262,207,2,2,0.000627352572146,0.00815558343789,-5.11642624712e-06,1.0,0.00822780563129,5.16173502591e-06
1980,40,1603,1594,262,208,2,2,0.000627352572146,0.000627352572146,-3.93571249813e-07,1.00000000009,0.000628140455989,3.94065530733e-07
1980,40,1603,1594,262,211,2,2,0.000627352572146,0.000627352572146,-3.93571249813e-07,1.00000000009,0.000628140455989,3.94065530733e-07
1980,40,1603,1594,262,215,2,2,0.000627352572146,0.00125470514429,-7.87142499625e-07,1.00000000009,0.00125707003315,7.88626118666e-07
1980,40,1603,1594,262,218,2,3,0.000627352572146,0.00125470514429,NaN,NaN,0.00504730262996,1.58321914365e-06
1980,40,1603,1594,262,220,2,2,0.000627352572146,0.00125470514429,-7.87142499625e-07,1.00000000009,0.00125707003315,7.88626118666e-07
1980,40,1603,1594,262,221,2,3,0.000627352572146,0.000627352572146,NaN,NaN,0.00125707003315,3.94313059333e-07
1980,40,1603,1594,262,222,2,2,0.000627352572146,0.000627352572146,-3.93571249813e-07,1.00000000009,0.000628140455989,3.94065530733e-07
1980,40,1603,1594,262,226,2,2,0.000627352572146,0.000627352572146,-3.93571249813e-07,1.00000000009,0.000628140455989,3.94065530733e-07
1980,40,1603,1594,262,227,2,2,0.000627352572146,0.000627352572146,-3.93571249813e-07,1.00000000009,0.000628140455989,3.94065530733e-07
1980,40,1603,1594,262,232,2,2,0.000627352572146,0.000627352572146,-3.93571249813e-07,1.00000000009,0.000628140455989,3.94065530733e-07
1980,40,1603,1594,262,233,2,2,0.000627352572146,0.000627352572146,-3.93571249813e-07,1.00000000009,0.000628140455989,3.94065530733e-07
1980,40,1603,1594,262,240,2,2,0.000627352572146,0.00188205771644,-1.18071374933e-06,0.999999999995,0.00188679021947,1.18368269728e-06
1980,40,1603,1594,262,244,2,2,0.000627352572146,0.000627352572146,-3.93571249813e-07,1.00000000009,0.000628140455989,3.94065530733e-07
1980,40,1603,1594,262,245,2,2,0.000627352572146,0.000627352572146,-3.93571249813e-07,1.00000000009,0.000628140455989,3.94065530733e-07
1980,40,1603,1594,263,15,2,2,0.000627352572146,0.000627352572146,-3.93571249813e-07,1.00000000009,0.000628140455989,3.94065530733e-07
1980,40,1603,1594,263,20,2,3,0.000627352572146,0.000627352572146,NaN,NaN,0.00125707003315,3.94313059333e-07
1980,40,1603,1594,263,22,2,2,0.000627352572146,0.00125470514429,-7.87142499625e-07,1.00000000009,0.00125707003315,7.88626118666e-07
1980,40,1603,1594,263,26,2,2,0.000627352572146,0.00376411543287,-2.36142749865e-06,0.999999999995,0.00378070936923,2.37183774732e-06
1980,40,1603,1594,263,33,2,2,0.000627352572146,0.000627352572146,-3.93571249813e-07,1.00000000009,0.000628140455989,3.94065530733e-07
1980,40,1603,1594,263,35,2,2,0.000627352572146,0.000627352572146,-3.93571249813e-07,1.00000000009,0.000628140455989,3.94065530733e-07
1980,40,1603,1594,263,46,2,3,0.000627352572146,0.000627352572146,NaN,NaN,0.00125707003315,3.94313059333e-07
1980,40,1603,1594,263,48,2,2,0.000627352572146,0.000627352572146,-3.93571249813e-07,1.00000000009,0.000628140455989,3.94065530733e-07
1980,40,1603,1594,263,49,2,2,0.000627352572146,0.000627352572146,-3.93571249813e-07,1.00000000009,0.000628140455989,3.94065530733e-07
1980,40,1603,1594,263,55,2,2,0.000627352572146,0.000627352572146,-3.93571249813e-07,1.00000000009,0.000628140455989,3.94065530733e-07
1980,40,1603,1594,263,60,2,2,0.000627352572146,0.000627352572146,-3.93571249813e-07,1.00000000009,0.000628140455989,3.94065530733e-07
1980,40,1603,1594,263,64,2,2,0.000627352572146,0.00250941028858,-1.57428499914e-06,1.00000000002,0.00251730250664,1.57923620241e-06
1980,40,1603,1594,263,73,2,2,0.000627352572146,0.000627352572146,-3.93571249813e-07,1.00000000009,0.000628140455989,3.94065530733e-07
1980,40,1603,1594,263,77,2,2,0.000627352572146,0.00376411543287,-2.36142749865e-06,0.999999999995,0.00378070936923,2.37183774732e-06
1980,40,1603,1594,263,94,2,2,0.000627352572146,0.000627352572146,-3.93571249813e-07,1.00000000009,0.000628140455989,3.94065530733e-07
1980,40,1603,1594,263,97,2,3,0.000627352572146,0.000627352572146,NaN,NaN,0.00125707003315,3.94313059333e-07
1980,40,1603,1594,263,101,2,2,0.000627352572146,0.00125470514429,-7.87142499625e-07,1.00000000009,0.00125707003315,7.88626118666e-07
1980,40,1603,1594,263,105,2,2,0.000627352572146,0.29234629862,-0.000183404202396,1.0,0.413379902321,0.000259334944994
1980,40,1603,1594,263,115,2,2,0.000627352572146,0.000627352572146,-3.93571249813e-07,1.00000000009,0.000628140455989,3.94065530733e-07
1980,40,1603,1594,263,123,2,3,0.000627352572146,0.000627352572146,NaN,NaN,0.00251730250664,7.89618101205e-07
1980,40,1603,1594,263,124,2,2,0.000627352572146,0.00188205771644,-1.18071374933e-06,0.999999999995,0.00188679021947,1.18368269728e-06
1980,40,1603,1594,263,130,2,2,0.000627352572146,0.000627352572146,-3.93571249813e-07,1.00000000009,0.000628140455989,3.94065530733e-07
1980,40,1603,1594,263,131,2,2,0.000627352572146,0.00125470514429,-7.87142499625e-07,1.00000000009,0.00125707003315,7.88626118666e-07
1980,40,1603,1594,263,140,2,3,0.000627352572146,0.00125470514429,NaN,NaN,0.00568179792903,1.78224527259e-06
1980,40,1603,1594,263,146,2,2,0.000627352572146,0.000627352572146,-3.93571249813e-07,1.00000000009,0.000628140455989,3.94065530733e-07
1980,40,1603,1594,263,149,2,2,0.000627352572146,0.000627352572146,-3.93571249813e-07,1.00000000009,0.000628140455989,3.94065530733e-07
1980,40,1603,1594,263,157,2,2,0.000627352572146,0.00125470514429,-7.87142499625e-07,1.00000000009,0.00125707003315,7.88626118666e-07
1980,40,1603,1594,263,159,2,2,0.000627352572146,0.00376411543287,-2.36142749865e-06,0.999999999995,0.00378070936923,2.37183774732e-06
1980,40,1603,1594,263,164,2,2,0.000627352572146,0.000627352572146,-3.93571249813e-07,1.00000000009,0.000628140455989,3.94065530733e-07
1980,40,1603,1594,263,167,2,2,0.000627352572146,0.00313676286073,-1.96785624884e-06,0.999999999976,0.00314860839015,1.97528757224e-06
1980,40,1603,1594,263,177,2,2,0.000627352572146,0.000627352572146,-3.93571249813e-07,1.00000000009,0.000628140455989,3.94065530733e-07
1980,40,1603,1593,263,186,2,2,0.000627746390458,0.000627746390458,-3.94065530762e-07,1.00000000007,0.000628535264261,3.94560743416e-07
1980,40,1603,1594,263,188,2,2,0.000627352572146,0.00627352572146,-3.93571249779e-06,1.0,0.00631709435853,3.96304539431e-06
1980,40,1603,1594,263,192,2,3,0.000627352572146,0.000627352572146,NaN,NaN,0.00125707003315,3.94313059333e-07
1980,40,1603,1594,263,198,2,2,0.000627352572146,0.00313676286073,-1.96785624884e-06,0.999999999976,0.00314860839015,1.97528757224e-06
1980,40,1603,1594,263,200,2,2,0.000627352572146,0.00125470514429,-7.87142499625e-07,1.00000000009,0.00125707003315,7.88626118666e-07
1980,40,1603,1594,263,207,2,2,0.000627352572146,0.00815558343789,-5.11642624712e-06,1.0,0.00822780563129,5.16173502591e-06
1980,40,1603,1594,263,208,2,2,0.000627352572146,0.000627352572146,-3.93571249813e-07,1.00000000009,0.000628140455989,3.94065530733e-07
1980,40,1603,1594,263,211,2,2,0.000627352572146,0.000627352572146,-3.93571249813e-07,1.00000000009,0.000628140455989,3.94065530733e-07
1980,40,1603,1594,263,215,2,2,0.000627352572146,0.00125470514429,-7.87142499625e-07,1.00000000009,0.00125707003315,7.88626118666e-07
1980,40,1603,1594,263,218,2,3,0.000627352572146,0.00125470514429,NaN,NaN,0.00504730262996,1.58321914365e-06
1980,40,1603,1594,263,220,2,2,0.000627352572146,0.00125470514429,-7.87142499625e-07,1.00000000009,0.00125707003315,7.88626118666e-07
1980,40,1603,1594,263,221,2,3,0.000627352572146,0.000627352572146,NaN,NaN,0.00125707003315,3.94313059333e-07
1980,40,1603,1594,263,222,2,2,0.000627352572146,0.000627352572146,-3.93571249813e-07,1.00000000009,0.000628140455989,3.94065530733e-07
1980,40,1603,1594,263,226,2,2,0.000627352572146,0.000627352572146,-3.93571249813e-07,1.00000000009,0.000628140455989,3.94065530733e-07
1980,40,1603,1594,263,227,2,2,0.000627352572146,0.000627352572146,-3.93571249813e-07,1.00000000009,0.000628140455989,3.94065530733e-07
1980,40,1603,1594,263,232,2,2,0.000627352572146,0.000627352572146,-3.93571249813e-07,1.00000000009,0.000628140455989,3.94065530733e-07
1980,40,1603,1594,263,233,2,2,0.000627352572146,0.000627352572146,-3.93571249813e-07,1.00000000009,0.000628140455989,3.94065530733e-07
1980,40,1603,1594,263,240,2,2,0.000627352572146,0.00188205771644,-1.18071374933e-06,0.999999999995,0.00188679021947,1.18368269728e-06
1980,40,1603,1594,263,244,2,2,0.000627352572146,0.000627352572146,-3.93571249813e-07,1.00000000009,0.000628140455989,3.94065530733e-07
1980,40,1603,1594,263,245,2,2,0.000627352572146,0.000627352572146,-3.93571249813e-07,1.00000000009,0.000628140455989,3.94065530733e-07
1980,40,1603,1594,270,15,2,2,0.000627352572146,0.000627352572146,-3.93571249813e-07,1.00000000009,0.000628140455989,3.94065530733e-07
1980,40,1603,1594,270,20,2,3,0.000627352572146,0.000627352572146,NaN,NaN,0.00125707003315,3.94313059333e-07
1980,40,1603,1594,270,22,2,2,0.000627352572146,0.00125470514429,-7.87142499625e-07,1.00000000009,0.00125707003315,7.88626118666e-07
1980,40,1603,1594,270,26,2,2,0.000627352572146,0.00376411543287,-2.36142749865e-06,0.999999999995,0.00378070936923,2.37183774732e-06
1980,40,1603,1594,270,33,2,2,0.000627352572146,0.000627352572146,-3.93571249813e-07,1.00000000009,0.000628140455989,3.94065530733e-07
1980,40,1603,1594,270,35,2,2,0.000627352572146,0.000627352572146,-3.93571249813e-07,1.00000000009,0.000628140455989,3.94065530733e-07
1980,40,1603,1594,270,46,2,3,0.000627352572146,0.000627352572146,NaN,NaN,0.00125707003315,3.94313059333e-07
1980,40,1603,1594,270,48,2,2,0.000627352572146,0.000627352572146,-3.93571249813e-07,1.00000000009,0.000628140455989,3.94065530733e-07
1980,40,1603,1594,270,49,2,2,0.000627352572146,0.000627352572146,-3.93571249813e-07,1.00000000009,0.000628140455989,3.94065530733e-07
1980,40,1603,1594,270,55,2,2,0.000627352572146,0.000627352572146,-3.93571249813e-07,1.00000000009,0.000628140455989,3.94065530733e-07
1980,40,1603,1594,270,60,2,2,0.000627352572146,0.000627352572146,-3.93571249813e-07,1.00000000009,0.000628140455989,3.94065530733e-07
1980,40,1603,1594,270,64,2,2,0.000627352572146,0.00250941028858,-1.57428499914e-06,1.00000000002,0.00251730250664,1.57923620241e-06
1980,40,1603,1594,270,73,2,2,0.000627352572146,0.000627352572146,-3.93571249813e-07,1.00000000009,0.000628140455989,3.94065530733e-07
1980,40,1603,1594,270,77,2,2,0.000627352572146,0.00376411543287,-2.36142749865e-06,0.999999999995,0.00378070936923,2.37183774732e-06
1980,40,1603,1594,270,94,2,2,0.000627352572146,0.000627352572146,-3.93571249813e-07,1.00000000009,0.000628140455989,3.94065530733e-07
1980,40,1603,1594,270,97,2,3,0.000627352572146,0.000627352572146,NaN,NaN,0.00125707003315,3.94313059333e-07
1980,40,1603,1594,270,101,2,2,0.000627352572146,0.00125470514429,-7.87142499625e-07,1.00000000009,0.00125707003315,7.88626118666e-07
1980,40,1603,1594,270,105,2,2,0.000627352572146,0.29234629862,-0.000183404202396,1.0,0.413379902321,0.000259334944994
1980,40,1603,1594,270,115,2,2,0.000627352572146,0.000627352572146,-3.93571249813e-07,1.00000000009,0.000628140455989,3.94065530733e-07
1980,40,1603,1594,270,123,2,3,0.000627352572146,0.000627352572146,NaN,NaN,0.00251730250664,7.89618101205e-07
1980,40,1603,1594,270,124,2,2,0.000627352572146,0.00188205771644,-1.18071374933e-06,0.999999999995,0.00188679021947,1.18368269728e-06
1980,40,1603,1594,270,130,2,2,0.000627352572146,0.000627352572146,-3.93571249813e-07,1.00000000009,0.000628140455989,3.94065530733e-07
1980,40,1603,1594,270,131,2,2,0.000627352572146,0.00125470514429,-7.87142499625e-07,1.00000000009,0.00125707003315,7.88626118666e-07
1980,40,1603,1594,270,140,2,3,0.000627352572146,0.00125470514429,NaN,NaN,0.00568179792903,1.78224527259e-06
1980,40,1603,1594,270,146,2,2,0.000627352572146,0.000627352572146,-3.93571249813e-07,1.00000000009,0.000628140455989,3.94065530733e-07
1980,40,1603,1594,270,149,2,2,0.000627352572146,0.000627352572146,-3.93571249813e-07,1.00000000009,0.000628140455989,3.94065530733e-07
1980,40,1603,1594,270,157,2,2,0.000627352572146,0.00125470514429,-7.87142499625e-07,1.00000000009,0.00125707003315,7.88626118666e-07
1980,40,1603,1594,270,159,2,2,0.000627352572146,0.00376411543287,-2.36142749865e-06,0.999999999995,0.00378070936923,2.37183774732e-06
1980,40,1603,1594,270,164,2,2,0.000627352572146,0.000627352572146,-3.93571249813e-07,1.00000000009,0.000628140455989,3.94065530733e-07
1980,40,1603,1594,270,167,2,2,0.000627352572146,0.00313676286073,-1.96785624884e-06,0.999999999976,0.00314860839015,1.97528757224e-06
1980,40,1603,1594,270,177,2,2,0.000627352572146,0.000627352572146,-3.93571249813e-07,1.00000000009,0.000628140455989,3.94065530733e-07
1980,40,1603,1593,270,186,2,2,0.000627746390458,0.000627746390458,-3.94065530762e-07,1.00000000007,0.000628535264261,3.94560743416e-07
1980,40,1603,1594,270,188,2,2,0.000627352572146,0.00627352572146,-3.93571249779e-06,1.0,0.00631709435853,3.96304539431e-06
1980,40,1603,1594,270,192,2,3,0.000627352572146,0.000627352572146,NaN,NaN,0.00125707003315,3.94313059333e-07
1980,40,1603,1594,270,198,2,2,0.000627352572146,0.00313676286073,-1.96785624884e-06,0.999999999976,0.00314860839015,1.97528757224e-06
1980,40,1603,1594,270,200,2,2,0.000627352572146,0.00125470514429,-7.87142499625e-07,1.00000000009,0.00125707003315,7.88626118666e-07
1980,40,1603,1594,270,207,2,2,0.000627352572146,0.00815558343789,-5.11642624712e-06,1.0,0.00822780563129,5.16173502591e-06
1980,40,1603,1594,270,208,2,2,0.000627352572146,0.000627352572146,-3.93571249813e-07,1.00000000009,0.000628140455989,3.94065530733e-07
1980,40,1603,1594,270,211,2,2,0.000627352572146,0.000627352572146,-3.93571249813e-07,1.00000000009,0.000628140455989,3.94065530733e-07
1980,40,1603,1594,270,215,2,2,0.000627352572146,0.00125470514429,-7.87142499625e-07,1.00000000009,0.00125707003315,7.88626118666e-07
1980,40,1603,1594,270,218,2,3,0.000627352572146,0.00125470514429,NaN,NaN,0.00504730262996,1.58321914365e-06
1980,40,1603,1594,270,220,2,2,0.000627352572146,0.00125470514429,-7.87142499625e-07,1.00000000009,0.00125707003315,7.88626118666e-07
1980,40,1603,1594,270,221,2,3,0.000627352572146,0.000627352572146,NaN,NaN,0.00125707003315,3.94313059333e-07
1980,40,1603,1594,270,222,2,2,0.000627352572146,0.000627352572146,-3.93571249813e-07,1.00000000009,0.000628140455989,3.94065530733e-07
1980,40,1603,1594,270,226,2,2,0.000627352572146,0.000627352572146,-3.93571249813e-07,1.00000000009,0.000628140455989,3.94065530733e-07
1980,40,1603,1594,270,227,2,2,0.000627352572146,0.000627352572146,-3.93571249813e-07,1.00000000009,0.000628140455989,3.94065530733e-07
1980,40,1603,1594,270,232,2,2,0.000627352572146,0.000627352572146,-3.93571249813e-07,1.00000000009,0.000628140455989,3.94065530733e-07
1980,40,1603,1594,270,233,2,2,0.000627352572146,0.000627352572146,-3.93571249813e-07,1.00000000009,0.000628140455989,3.94065530733e-07
1980,40,1603,1594,270,240,2,2,0.000627352572146,0.00188205771644,-1.18071374933e-06,0.999999999995,0.00188679021947,1.18368269728e-06
1980,40,1603,1594,270,244,2,2,0.000627352572146,0.000627352572146,-3.93571249813e-07,1.00000000009,0.000628140455989,3.94065530733e-07
1980,40,1603,1594,270,245,2,2,0.000627352572146,0.000627352572146,-3.93571249813e-07,1.00000000009,0.000628140455989,3.94065530733e-07
1980,40,1603,1594,271,15,2,2,0.000627352572146,0.000627352572146,-3.93571249813e-07,1.00000000009,0.000628140455989,3.94065530733e-07
1980,40,1603,1594,271,20,2,3,0.000627352572146,0.000627352572146,NaN,NaN,0.00125707003315,3.94313059333e-07
1980,40,1603,1594,271,22,2,2,0.000627352572146,0.00125470514429,-7.87142499625e-07,1.00000000009,0.00125707003315,7.88626118666e-07
1980,40,1603,1594,271,26,2,2,0.000627352572146,0.00376411543287,-2.36142749865e-06,0.999999999995,0.00378070936923,2.37183774732e-06
1980,40,1603,1594,271,33,2,2,0.000627352572146,0.000627352572146,-3.93571249813e-07,1.00000000009,0.000628140455989,3.94065530733e-07
1980,40,1603,1594,271,35,2,2,0.000627352572146,0.000627352572146,-3.93571249813e-07,1.00000000009,0.000628140455989,3.94065530733e-07
1980,40,1603,1594,271,46,2,3,0.000627352572146,0.000627352572146,NaN,NaN,0.00125707003315,3.94313059333e-07
1980,40,1603,1594,271,48,2,2,0.000627352572146,0.000627352572146,-3.93571249813e-07,1.00000000009,0.000628140455989,3.94065530733e-07
1980,40,1603,1594,271,49,2,2,0.000627352572146,0.000627352572146,-3.93571249813e-07,1.00000000009,0.000628140455989,3.94065530733e-07
1980,40,1603,1594,271,55,2,2,0.000627352572146,0.000627352572146,-3.93571249813e-07,1.00000000009,0.000628140455989,3.94065530733e-07
1980,40,1603,1594,271,60,2,2,0.000627352572146,0.000627352572146,-3.93571249813e-07,1.00000000009,0.000628140455989,3.94065530733e-07
1980,40,1603,1594,271,64,2,2,0.000627352572146,0.00250941028858,-1.57428499914e-06,1.00000000002,0.00251730250664,1.57923620241e-06
1980,40,1603,1594,271,73,2,2,0.000627352572146,0.000627352572146,-3.93571249813e-07,1.00000000009,0.000628140455989,3.94065530733e-07
1980,40,1603,1594,271,77,2,2,0.000627352572146,0.00376411543287,-2.36142749865e-06,0.999999999995,0.00378070936923,2.37183774732e-06
1980,40,1603,1594,271,94,2,2,0.000627352572146,0.000627352572146,-3.93571249813e-07,1.00000000009,0.000628140455989,3.94065530733e-07
1980,40,1603,1594,271,97,2,3,0.000627352572146,0.000627352572146,NaN,NaN,0.00125707003315,3.94313059333e-07
1980,40,1603,1594,271,101,2,2,0.000627352572146,0.00125470514429,-7.87142499625e-07,1.00000000009,0.00125707003315,7.88626118666e-07
1980,40,1603,1594,271,105,2,2,0.000627352572146,0.29234629862,-0.000183404202396,1.0,0.413379902321,0.000259334944994
1980,40,1603,1594,271,115,2,2,0.000627352572146,0.000627352572146,-3.93571249813e-07,1.00000000009,0.000628140455989,3.94065530733e-07
1980,40,1603,1594,271,123,2,3,0.000627352572146,0.000627352572146,NaN,NaN,0.00251730250664,7.89618101205e-07
1980,40,1603,1594,271,124,2,2,0.000627352572146,0.00188205771644,-1.18071374933e-06,0.999999999995,0.00188679021947,1.18368269728e-06
1980,40,1603,1594,271,130,2,2,0.000627352572146,0.000627352572146,-3.93571249813e-07,1.00000000009,0.000628140455989,3.94065530733e-07
1980,40,1603,1594,271,131,2,2,0.000627352572146,0.00125470514429,-7.87142499625e-07,1.00000000009,0.00125707003315,7.88626118666e-07
1980,40,1603,1594,271,140,2,3,0.000627352572146,0.00125470514429,NaN,NaN,0.00568179792903,1.78224527259e-06
1980,40,1603,1594,271,146,2,2,0.000627352572146,0.000627352572146,-3.93571249813e-07,1.00000000009,0.000628140455989,3.94065530733e-07
1980,40,1603,1594,271,149,2,2,0.000627352572146,0.000627352572146,-3.93571249813e-07,1.00000000009,0.000628140455989,3.94065530733e-07
1980,40,1603,1594,271,157,2,2,0.000627352572146,0.00125470514429,-7.87142499625e-07,1.00000000009,0.00125707003315,7.88626118666e-07
1980,40,1603,1594,271,159,2,2,0.000627352572146,0.00376411543287,-2.36142749865e-06,0.999999999995,0.00378070936923,2.37183774732e-06
1980,40,1603,1594,271,164,2,2,0.000627352572146,0.000627352572146,-3.93571249813e-07,1.00000000009,0.000628140455989,3.94065530733e-07
1980,40,1603,1594,271,167,2,2,0.000627352572146,0.00313676286073,-1.96785624884e-06,0.999999999976,0.00314860839015,1.97528757224e-06
1980,40,1603,1594,271,177,2,2,0.000627352572146,0.000627352572146,-3.93571249813e-07,1.00000000009,0.000628140455989,3.94065530733e-07
1980,40,1603,1593,271,186,2,2,0.000627746390458,0.000627746390458,-3.94065530762e-07,1.00000000007,0.000628535264261,3.94560743416e-07
1980,40,1603,1594,271,188,2,2,0.000627352572146,0.00627352572146,-3.93571249779e-06,1.0,0.00631709435853,3.96304539431e-06
1980,40,1603,1594,271,192,2,3,0.000627352572146,0.000627352572146,NaN,NaN,0.00125707003315,3.94313059333e-07
1980,40,1603,1594,271,198,2,2,0.000627352572146,0.00313676286073,-1.96785624884e-06,0.999999999976,0.00314860839015,1.97528757224e-06
1980,40,1603,1594,271,200,2,2,0.000627352572146,0.00125470514429,-7.87142499625e-07,1.00000000009,0.00125707003315,7.88626118666e-07
1980,40,1603,1594,271,207,2,2,0.000627352572146,0.00815558343789,-5.11642624712e-06,1.0,0.00822780563129,5.16173502591e-06
1980,40,1603,1594,271,208,2,2,0.000627352572146,0.000627352572146,-3.93571249813e-07,1.00000000009,0.000628140455989,3.94065530733e-07
1980,40,1603,1594,271,211,2,2,0.000627352572146,0.000627352572146,-3.93571249813e-07,1.00000000009,0.000628140455989,3.94065530733e-07
1980,40,1603,1594,271,215,2,2,0.000627352572146,0.00125470514429,-7.87142499625e-07,1.00000000009,0.00125707003315,7.88626118666e-07
1980,40,1603,1594,271,218,2,3,0.000627352572146,0.00125470514429,NaN,NaN,0.00504730262996,1.58321914365e-06
1980,40,1603,1594,271,220,2,2,0.000627352572146,0.00125470514429,-7.87142499625e-07,1.00000000009,0.00125707003315,7.88626118666e-07
1980,40,1603,1594,271,221,2,3,0.000627352572146,0.000627352572146,NaN,NaN,0.00125707003315,3.94313059333e-07
1980,40,1603,1594,271,222,2,2,0.000627352572146,0.000627352572146,-3.93571249813e-07,1.00000000009,0.000628140455989,3.94065530733e-07
1980,40,1603,1594,271,226,2,2,0.000627352572146,0.000627352572146,-3.93571249813e-07,1.00000000009,0.000628140455989,3.94065530733e-07
1980,40,1603,1594,271,227,2,2,0.000627352572146,0.000627352572146,-3.93571249813e-07,1.00000000009,0.000628140455989,3.94065530733e-07
1980,40,1603,1594,271,232,2,2,0.000627352572146,0.000627352572146,-3.93571249813e-07,1.00000000009,0.000628140455989,3.94065530733e-07
1980,40,1603,1594,271,233,2,2,0.000627352572146,0.000627352572146,-3.93571249813e-07,1.00000000009,0.000628140455989,3.94065530733e-07
1980,40,1603,1594,271,240,2,2,0.000627352572146,0.00188205771644,-1.18071374933e-06,0.999999999995,0.00188679021947,1.18368269728e-06
1980,40,1603,1594,271,244,2,2,0.000627352572146,0.000627352572146,-3.93571249813e-07,1.00000000009,0.000628140455989,3.94065530733e-07
1980,40,1603,1594,271,245,2,2,0.000627352572146,0.000627352572146,-3.93571249813e-07,1.00000000009,0.000628140455989,3.94065530733e-07
1980,40,1603,1594,273,15,2,2,0.00125470514429,0.000627352572146,-7.87142499625e-07,1.00000000009,0.00125707003315,7.88626118666e-07
1980,40,1603,1594,273,20,2,3,0.00125470514429,0.000627352572146,NaN,NaN,0.00251571930002,7.89121486831e-07
1980,40,1603,1594,273,22,2,2,0.00125470514429,0.00125470514429,-1.57428499925e-06,1.00000000009,0.00251571930002,1.57824297366e-06
1980,40,1603,1594,273,26,2,2,0.00125470514429,0.00376411543287,-4.72285499742e-06,1.00000000002,0.00756616837335,4.74665519031e-06
1980,40,1603,1594,273,33,2,2,0.00125470514429,0.000627352572146,-7.87142499625e-07,1.00000000009,0.00125707003315,7.88626118666e-07
1980,40,1603,1594,273,35,2,2,0.00125470514429,0.000627352572146,-7.87142499625e-07,1.00000000009,0.00125707003315,7.88626118666e-07
1980,40,1603,1594,273,46,2,3,0.00125470514429,0.000627352572146,NaN,NaN,0.00251571930002,7.89121486831e-07
1980,40,1603,1594,273,48,2,2,0.00125470514429,0.000627352572146,-7.87142499625e-07,1.00000000009,0.00125707003315,7.88626118666e-07
1980,40,1603,1594,273,49,2,2,0.00125470514429,0.000627352572146,-7.87142499625e-07,1.00000000009,0.00125707003315,7.88626118666e-07
1980,40,1603,1594,273,55,2,2,0.00125470514429,0.000627352572146,-7.87142499625e-07,1.00000000009,0.00125707003315,7.88626118666e-07
1980,40,1603,1594,273,60,2,2,0.00125470514429,0.000627352572146,-7.87142499625e-07,1.00000000009,0.00125707003315,7.88626118666e-07
1980,40,1603,1594,273,64,2,2,0.00125470514429,0.00250941028858,-3.14856999817e-06,0.999999999983,0.00503776745362,3.1604563699e-06
1980,40,1603,1594,273,73,2,2,0.00125470514429,0.000627352572146,-7.87142499625e-07,1.00000000009,0.00125707003315,7.88626118666e-07
1980,40,1603,1594,273,77,2,2,0.00125470514429,0.00376411543287,-4.72285499742e-06,1.00000000002,0.00756616837335,4.74665519031e-06
1980,40,1603,1594,273,94,2,2,0.00125470514429,0.000627352572146,-7.87142499625e-07,1.00000000009,0.00125707003315,7.88626118666e-07
1980,40,1603,1594,273,97,2,3,0.00125470514429,0.000627352572146,NaN,NaN,0.00251571930002,7.89121486831e-07
1980,40,1603,1594,273,101,2,2,0.00125470514429,0.00125470514429,-1.57428499925e-06,1.00000000009,0.00251571930002,1.57824297366e-06
1980,40,1603,1594,273,105,2,2,0.00125470514429,0.29234629862,0.000260544167353,0.293439716312,0.417384407235,0.000261847181453
1980,40,1603,1594,273,115,2,2,0.00125470514429,0.000627352572146,-7.87142499625e-07,1.00000000009,0.00125707003315,7.88626118666e-07
1980,40,1603,1594,273,123,2,3,0.00125470514429,0.000627352572146,NaN,NaN,0.00503776745362,1.58022818495e-06
1980,40,1603,1594,273,124,2,2,0.00125470514429,0.00188205771644,-2.36142749865e-06,0.999999999995,0.0037759507784,2.36885243313e-06
1980,40,1603,1594,273,130,2,2,0.00125470514429,0.000627352572146,-7.87142499625e-07,1.00000000009,0.00125707003315,7.88626118666e-07
1980,40,1603,1594,273,131,2,2,0.00125470514429,0.00125470514429,-1.57428499925e-06,1.00000000009,0.00251571930002,1.57824297366e-06
1980,40,1603,1594,273,140,2,3,0.00125470514429,0.00125470514429,NaN,NaN,0.0113707337952,3.56672954679e-06
1980,40,1603,1594,273,146,2,2,0.00125470514429,0.000627352572146,-7.87142499625e-07,1.00000000009,0.00125707003315,7.88626118666e-07
1980,40,1603,1594,273,149,2,2,0.00125470514429,0.000627352572146,-7.87142499625e-07,1.00000000009,0.00125707003315,7.88626118666e-07
1980,40,1603,1594,273,157,2,2,0.00125470514429,0.00125470514429,-1.57428499925e-06,1.00000000009,0.00251571930002,1.57824297366e-06
1980,40,1603,1594,273,159,2,2,0.00125470514429,0.00376411543287,-4.72285499742e-06,1.00000000002,0.00756616837335,4.74665519031e-06
1980,40,1603,1594,273,164,2,2,0.00125470514429,0.000627352572146,-7.87142499625e-07,1.00000000009,0.00125707003315,7.88626118666e-07
1980,40,1603,1594,273,167,2,2,0.00125470514429,0.00313676286073,-3.93571249779e-06,1.0,0.00630117231848,3.95305666153e-06
1980,40,1603,1594,273,177,2,2,0.00125470514429,0.000627352572146,-7.87142499625e-07,1.00000000009,0.00125707003315,7.88626118666e-07
1980,40,1603,1593,273,186,2,2,0.00125549278092,0.000627746390458,-7.88131061413e-07,0.999999999932,0.00125786064199,7.89617477709e-07
1980,40,1603,1594,273,188,2,2,0.00125470514429,0.00627352572146,-7.87142499559e-06,1.0,0.0126421247652,7.93106948886e-06
1980,40,1603,1594,273,192,2,3,0.00125470514429,0.000627352572146,NaN,NaN,0.00251571930002,7.89121486831e-07
1980,40,1603,1594,273,198,2,2,0.00125470514429,0.00313676286073,-3.93571249779e-06,1.0,0.00630117231848,3.95305666153e-06
1980,40,1603,1594,273,200,2,2,0.00125470514429,0.00125470514429,-1.57428499925e-06,1.00000000009,0.00251571930002,1.57824297366e-06
1980,40,1603,1594,273,207,2,2,0.00125470514429,0.00815558343789,-1.02328524942e-05,1.0,0.0164659477018,1.03299546436e-05
1980,40,1603,1594,273,208,2,2,0.00125470514429,0.000627352572146,-7.87142499625e-07,1.00000000009,0.00125707003315,7.88626118666e-07
1980,40,1603,1594,273,211,2,2,0.00125470514429,0.000627352572146,-7.87142499625e-07,1.00000000009,0.00125707003315,7.88626118666e-07
1980,40,1603,1594,273,215,2,2,0.00125470514429,0.00125470514429,-1.57428499925e-06,1.00000000009,0.00251571930002,1.57824297366e-06
1980,40,1603,1594,273,218,2,3,0.00125470514429,0.00125470514429,NaN,NaN,0.0101009460924,3.16842725608e-06
1980,40,1603,1594,273,220,2,2,0.00125470514429,0.00125470514429,-1.57428499925e-06,1.00000000009,0.00251571930002,1.57824297366e-06
1980,40,1603,1594,273,221,2,3,0.00125470514429,0.000627352572146,NaN,NaN,0.00251571930002,7.89121486831e-07
1980,40,1603,1594,273,222,2,2,0.00125470514429,0.000627352572146,-7.87142499625e-07,1.00000000009,0.00125707003315,7.88626118666e-07
1980,40,1603,1594,273,226,2,2,0.00125470514429,0.000627352572146,-7.87142499625e-07,1.00000000009,0.00125707003315,7.88626118666e-07
1980,40,1603,1594,273,227,2,2,0.00125470514429,0.000627352572146,-7.87142499625e-07,1.00000000009,0.00125707003315,7.88626118666e-07
1980,40,1603,1594,273,232,2,2,0.00125470514429,0.000627352572146,-7.87142499625e-07,1.00000000009,0.00125707003315,7.88626118666e-07
1980,40,1603,1594,273,233,2,2,0.00125470514429,0.000627352572146,-7.87142499625e-07,1.00000000009,0.00125707003315,7.88626118666e-07
1980,40,1603,1594,273,240,2,2,0.00125470514429,0.00188205771644,-2.36142749865e-06,0.999999999995,0.0037759507784,2.36885243313e-06
1980,40,1603,1594,273,244,2,2,0.00125470514429,0.000627352572146,-7.87142499625e-07,1.00000000009,0.00125707003315,7.88626118666e-07
1980,40,1603,1594,273,245,2,2,0.00125470514429,0.000627352572146,-7.87142499625e-07,1.00000000009,0.00125707003315,7.88626118666e-07
1980,40,1603,1594,285,15,2,2,0.000627352572146,0.000627352572146,-3.93571249813e-07,1.00000000009,0.000628140455989,3.94065530733e-07
1980,40,1603,1594,285,20,2,3,0.000627352572146,0.000627352572146,NaN,NaN,0.00125707003315,3.94313059333e-07
1980,40,1603,1594,285,22,2,2,0.000627352572146,0.00125470514429,-7.87142499625e-07,1.00000000009,0.00125707003315,7.88626118666e-07
1980,40,1603,1594,285,26,2,2,0.000627352572146,0.00376411543287,-2.36142749865e-06,0.999999999995,0.00378070936923,2.37183774732e-06
1980,40,1603,1594,285,33,2,2,0.000627352572146,0.000627352572146,-3.93571249813e-07,1.00000000009,0.000628140455989,3.94065530733e-07
1980,40,1603,1594,285,35,2,2,0.000627352572146,0.000627352572146,-3.93571249813e-07,1.00000000009,0.000628140455989,3.94065530733e-07
1980,40,1603,1594,285,46,2,3,0.000627352572146,0.000627352572146,NaN,NaN,0.00125707003315,3.94313059333e-07
1980,40,1603,1594,285,48,2,2,0.000627352572146,0.000627352572146,-3.93571249813e-07,1.00000000009,0.000628140455989,3.94065530733e-07
1980,40,1603,1594,285,49,2,2,0.000627352572146,0.000627352572146,-3.93571249813e-07,1.00000000009,0.000628140455989,3.94065530733e-07
1980,40,1603,1594,285,55,2,2,0.000627352572146,0.000627352572146,-3.93571249813e-07,1.00000000009,0.000628140455989,3.94065530733e-07
1980,40,1603,1594,285,60,2,2,0.000627352572146,0.000627352572146,-3.93571249813e-07,1.00000000009,0.000628140455989,3.94065530733e-07
1980,40,1603,1594,285,64,2,2,0.000627352572146,0.00250941028858,-1.57428499914e-06,1.00000000002,0.00251730250664,1.57923620241e-06
1980,40,1603,1594,285,73,2,2,0.000627352572146,0.000627352572146,-3.93571249813e-07,1.00000000009,0.000628140455989,3.94065530733e-07
1980,40,1603,1594,285,77,2,2,0.000627352572146,0.00376411543287,-2.36142749865e-06,0.999999999995,0.00378070936923,2.37183774732e-06
1980,40,1603,1594,285,94,2,2,0.000627352572146,0.000627352572146,-3.93571249813e-07,1.00000000009,0.000628140455989,3.94065530733e-07
1980,40,1603,1594,285,97,2,3,0.000627352572146,0.000627352572146,NaN,NaN,0.00125707003315,3.94313059333e-07
1980,40,1603,1594,285,101,2,2,0.000627352572146,0.00125470514429,-7.87142499625e-07,1.00000000009,0.00125707003315,7.88626118666e-07
1980,40,1603,1594,285,105,2,2,0.000627352572146,0.29234629862,-0.000183404202396,1.0,0.413379902321,0.000259334944994
1980,40,1603,1594,285,115,2,2,0.000627352572146,0.000627352572146,-3.93571249813e-07,1.00000000009,0.000628140455989,3.94065530733e-07
1980,40,1603,1594,285,123,2,3,0.000627352572146,0.000627352572146,NaN,NaN,0.00251730250664,7.89618101205e-07
1980,40,1603,1594,285,124,2,2,0.000627352572146,0.00188205771644,-1.18071374933e-06,0.999999999995,0.00188679021947,1.18368269728e-06
1980,40,1603,1594,285,130,2,2,0.000627352572146,0.000627352572146,-3.93571249813e-07,1.00000000009,0.000628140455989,3.94065530733e-07
1980,40,1603,1594,285,131,2,2,0.000627352572146,0.00125470514429,-7.87142499625e-07,1.00000000009,0.00125707003315,7.88626118666e-07
1980,40,1603,1594,285,140,2,3,0.000627352572146,0.00125470514429,NaN,NaN,0.00568179792903,1.78224527259e-06
1980,40,1603,1594,285,146,2,2,0.000627352572146,0.000627352572146,-3.93571249813e-07,1.00000000009,0.000628140455989,3.94065530733e-07
1980,40,1603,1594,285,149,2,2,0.000627352572146,0.000627352572146,-3.93571249813e-07,1.00000000009,0.000628140455989,3.94065530733e-07
1980,40,1603,1594,285,157,2,2,0.000627352572146,0.00125470514429,-7.87142499625e-07,1.00000000009,0.00125707003315,7.88626118666e-07
1980,40,1603,1594,285,159,2,2,0.000627352572146,0.00376411543287,-2.36142749865e-06,0.999999999995,0.00378070936923,2.37183774732e-06
1980,40,1603,1594,285,164,2,2,0.000627352572146,0.000627352572146,-3.93571249813e-07,1.00000000009,0.000628140455989,3.94065530733e-07
1980,40,1603,1594,285,167,2,2,0.000627352572146,0.00313676286073,-1.96785624884e-06,0.999999999976,0.00314860839015,1.97528757224e-06
1980,40,1603,1594,285,177,2,2,0.000627352572146,0.000627352572146,-3.93571249813e-07,1.00000000009,0.000628140455989,3.94065530733e-07
1980,40,1603,1593,285,186,2,2,0.000627746390458,0.000627746390458,-3.94065530762e-07,1.00000000007,0.000628535264261,3.94560743416e-07
1980,40,1603,1594,285,188,2,2,0.000627352572146,0.00627352572146,-3.93571249779e-06,1.0,0.00631709435853,3.96304539431e-06
1980,40,1603,1594,285,192,2,3,0.000627352572146,0.000627352572146,NaN,NaN,0.00125707003315,3.94313059333e-07
1980,40,1603,1594,285,198,2,2,0.000627352572146,0.00313676286073,-1.96785624884e-06,0.999999999976,0.00314860839015,1.97528757224e-06
1980,40,1603,1594,285,200,2,2,0.000627352572146,0.00125470514429,-7.87142499625e-07,1.00000000009,0.00125707003315,7.88626118666e-07
1980,40,1603,1594,285,207,2,2,0.000627352572146,0.00815558343789,-5.11642624712e-06,1.0,0.00822780563129,5.16173502591e-06
1980,40,1603,1594,285,208,2,2,0.000627352572146,0.000627352572146,-3.93571249813e-07,1.00000000009,0.000628140455989,3.94065530733e-07
1980,40,1603,1594,285,211,2,2,0.000627352572146,0.000627352572146,-3.93571249813e-07,1.00000000009,0.000628140455989,3.94065530733e-07
1980,40,1603,1594,285,215,2,2,0.000627352572146,0.00125470514429,-7.87142499625e-07,1.00000000009,0.00125707003315,7.88626118666e-07
1980,40,1603,1594,285,218,2,3,0.000627352572146,0.00125470514429,NaN,NaN,0.00504730262996,1.58321914365e-06
1980,40,1603,1594,285,220,2,2,0.000627352572146,0.00125470514429,-7.87142499625e-07,1.00000000009,0.00125707003315,7.88626118666e-07
1980,40,1603,1594,285,221,2,3,0.000627352572146,0.000627352572146,NaN,NaN,0.00125707003315,3.94313059333e-07
1980,40,1603,1594,285,222,2,2,0.000627352572146,0.000627352572146,-3.93571249813e-07,1.00000000009,0.000628140455989,3.94065530733e-07
1980,40,1603,1594,285,226,2,2,0.000627352572146,0.000627352572146,-3.93571249813e-07,1.00000000009,0.000628140455989,3.94065530733e-07
1980,40,1603,1594,285,227,2,2,0.000627352572146,0.000627352572146,-3.93571249813e-07,1.00000000009,0.000628140455989,3.94065530733e-07
1980,40,1603,1594,285,232,2,2,0.000627352572146,0.000627352572146,-3.93571249813e-07,1.00000000009,0.000628140455989,3.94065530733e-07
1980,40,1603,1594,285,233,2,2,0.000627352572146,0.000627352572146,-3.93571249813e-07,1.00000000009,0.000628140455989,3.94065530733e-07
1980,40,1603,1594,285,240,2,2,0.000627352572146,0.00188205771644,-1.18071374933e-06,0.999999999995,0.00188679021947,1.18368269728e-06
1980,40,1603,1594,285,244,2,2,0.000627352572146,0.000627352572146,-3.93571249813e-07,1.00000000009,0.000628140455989,3.94065530733e-07
1980,40,1603,1594,285,245,2,2,0.000627352572146,0.000627352572146,-3.93571249813e-07,1.00000000009,0.000628140455989,3.94065530733e-07
1980,40,1603,1594,288,15,2,2,0.00188205771644,0.000627352572146,-1.18071374933e-06,0.999999999995,0.00188679021947,1.18368269728e-06
1980,40,1603,1594,288,20,2,3,0.00188205771644,0.000627352572146,NaN,NaN,0.0037759507784,1.18442621656e-06
1980,40,1603,1594,288,22,2,2,0.00188205771644,0.00125470514429,-2.36142749865e-06,0.999999999995,0.0037759507784,2.36885243313e-06
1980,40,1603,1594,288,26,2,2,0.00188205771644,0.00376411543287,-7.08428249596e-06,0.999999999995,0.0113563859683,7.12445794749e-06
1980,40,1603,1594,288,33,2,2,0.00188205771644,0.000627352572146,-1.18071374933e-06,0.999999999995,0.00188679021947,1.18368269728e-06
1980,40,1603,1594,288,35,2,2,0.00188205771644,0.000627352572146,-1.18071374933e-06,0.999999999995,0.00188679021947,1.18368269728e-06
1980,40,1603,1594,288,46,2,3,0.00188205771644,0.000627352572146,NaN,NaN,0.0037759507784,1.18442621656e-06
1980,40,1603,1594,288,48,2,2,0.00188205771644,0.000627352572146,-1.18071374933e-06,0.999999999995,0.00188679021947,1.18368269728e-06
1980,40,1603,1594,288,49,2,2,0.00188205771644,0.000627352572146,-1.18071374933e-06,0.999999999995,0.00188679021947,1.18368269728e-06
1980,40,1603,1594,288,55,2,2,0.00188205771644,0.000627352572146,-1.18071374933e-06,0.999999999995,0.00188679021947,1.18368269728e-06
1980,40,1603,1594,288,60,2,2,0.00188205771644,0.000627352572146,-1.18071374933e-06,0.999999999995,0.00188679021947,1.18368269728e-06
1980,40,1603,1594,288,64,2,2,0.00188205771644,0.00250941028858,-4.7228549972e-06,0.999999999971,0.00756140080405,4.74366424344e-06
1980,40,1603,1594,288,73,2,2,0.00188205771644,0.000627352572146,-1.18071374933e-06,0.999999999995,0.00188679021947,1.18368269728e-06
1980,40,1603,1594,288,77,2,2,0.00188205771644,0.00376411543287,-7.08428249596e-06,0.999999999995,0.0113563859683,7.12445794749e-06
1980,40,1603,1594,288,94,2,2,0.00188205771644,0.000627352572146,-1.18071374933e-06,0.999999999995,0.00188679021947,1.18368269728e-06
1980,40,1603,1594,288,97,2,3,0.00188205771644,0.000627352572146,NaN,NaN,0.0037759507784,1.18442621656e-06
1980,40,1603,1594,288,101,2,2,0.00188205771644,0.00125470514429,-2.36142749865e-06,0.999999999995,0.0037759507784,2.36885243313e-06
1980,40,1603,1594,288,105,2,2,0.00188205771644,0.29234629862,7.71399649564e-05,0.0579196217494,0.0244069779654,1.53117804049e-05
1980,40,1603,1594,288,115,2,2,0.00188205771644,0.000627352572146,-1.18071374933e-06,0.999999999995,0.00188679021947,1.18368269728e-06
1980,40,1603,1594,288,123,2,3,0.00188205771644,0.000627352572146,NaN,NaN,0.00756140080405,2.37183212172e-06
1980,40,1603,1594,288,124,2,2,0.00188205771644,0.00188205771644,-3.54214124787e-06,0.999999999964,0.00566748614634,3.55551201151e-06
1980,40,1603,1594,288,130,2,2,0.00188205771644,0.000627352572146,-1.18071374933e-06,0.999999999995,0.00188679021947,1.18368269728e-06
1980,40,1603,1594,288,131,2,2,0.00188205771644,0.00125470514429,-2.36142749865e-06,0.999999999995,0.0037759507784,2.36885243313e-06
1980,40,1603,1594,288,140,2,3,0.00188205771644,0.00125470514429,NaN,NaN,0.0170668210577,5.35345704446e-06
1980,40,1603,1594,288,146,2,2,0.00188205771644,0.000627352572146,-1.18071374933e-06,0.999999999995,0.00188679021947,1.18368269728e-06
1980,40,1603,1594,288,149,2,2,0.00188205771644,0.000627352572146,-1.18071374933e-06,0.999999999995,0.00188679021947,1.18368269728e-06
1980,40,1603,1594,288,157,2,2,0.00188205771644,0.00125470514429,-2.36142749865e-06,0.999999999995,0.0037759507784,2.36885243313e-06
1980,40,1603,1594,288,159,2,2,0.00188205771644,0.00376411543287,-7.08428249596e-06,0.999999999995,0.0113563859683,7.12445794749e-06
1980,40,1603,1594,288,164,2,2,0.00188205771644,0.000627352572146,-1.18071374933e-06,0.999999999995,0.00188679021947,1.18368269728e-06
1980,40,1603,1594,288,167,2,2,0.00188205771644,0.00313676286073,-5.90356874663e-06,0.999999999995,0.00945769924358,5.93331194704e-06
1980,40,1603,1594,288,177,2,2,0.00188205771644,0.000627352572146,-1.18071374933e-06,0.999999999995,0.00188679021947,1.18368269728e-06
1980,40,1603,1593,288,186,2,2,0.00188323917137,0.000627746390458,-1.18219659218e-06,0.999999999979,0.00188797762397,1.18517113871e-06
1980,40,1603,1594,288,188,2,2,0.00188205771644,0.00627352572146,-1.18071374934e-05,1.0,0.0189751061844,1.19040816715e-05
1980,40,1603,1594,288,192,2,3,0.00188205771644,0.000627352572146,NaN,NaN,0.0037759507784,1.18442621656e-06
1980,40,1603,1594,288,198,2,2,0.00188205771644,0.00313676286073,-5.90356874663e-06,0.999999999995,0.00945769924358,5.93331194704e-06
1980,40,1603,1594,288,200,2,2,0.00188205771644,0.00125470514429,-2.36142749865e-06,0.999999999995,0.0037759507784,2.36885243313e-06
1980,40,1603,1594,288,207,2,2,0.00188205771644,0.00815558343789,-1.53492787413e-05,0.999999999995,0.024714445702,1.55046710803e-05
1980,40,1603,1594,288,208,2,2,0.00188205771644,0.000627352572146,-1.18071374933e-06,0.999999999995,0.00188679021947,1.18368269728e-06
1980,40,1603,1594,288,211,2,2,0.00188205771644,0.000627352572146,-1.18071374933e-06,0.999999999995,0.00188679021947,1.18368269728e-06
1980,40,1603,1594,288,215,2,2,0.00188205771644,0.00125470514429,-2.36142749865e-06,0.999999999995,0.0037759507784,2.36885243313e-06
1980,40,1603,1594,288,218,2,3,0.00188205771644,0.00125470514429,NaN,NaN,0.0151609423436,4.75562808769e-06
1980,40,1603,1594,288,220,2,2,0.00188205771644,0.00125470514429,-2.36142749865e-06,0.999999999995,0.0037759507784,2.36885243313e-06
1980,40,1603,1594,288,221,2,3,0.00188205771644,0.000627352572146,NaN,NaN,0.0037759507784,1.18442621656e-06
1980,40,1603,1594,288,222,2,2,0.00188205771644,0.000627352572146,-1.18071374933e-06,0.999999999995,0.00188679021947,1.18368269728e-06
1980,40,1603,1594,288,226,2,2,0.00188205771644,0.000627352572146,-1.18071374933e-06,0.999999999995,0.00188679021947,1.18368269728e-06
1980,40,1603,1594,288,227,2,2,0.00188205771644,0.000627352572146,-1.18071374933e-06,0.999999999995,0.00188679021947,1.18368269728e-06
1980,40,1603,1594,288,232,2,2,0.00188205771644,0.000627352572146,-1.18071374933e-06,0.999999999995,0.00188679021947,1.18368269728e-06
1980,40,1603,1594,288,233,2,2,0.00188205771644,0.000627352572146,-1.18071374933e-06,0.999999999995,0.00188679021947,1.18368269728e-06
1980,40,1603,1594,288,240,2,2,0.00188205771644,0.00188205771644,-3.54214124787e-06,0.999999999964,0.00566748614634,3.55551201151e-06
1980,40,1603,1594,288,244,2,2,0.00188205771644,0.000627352572146,-1.18071374933e-06,0.999999999995,0.00188679021947,1.18368269728e-06
1980,40,1603,1594,288,245,2,2,0.00188205771644,0.000627352572146,-1.18071374933e-06,0.999999999995,0.00188679021947,1.18368269728e-06
1980,40,1603,1594,289,15,2,2,0.000627352572146,0.000627352572146,-3.93571249813e-07,1.00000000009,0.000628140455989,3.94065530733e-07
1980,40,1603,1594,289,20,2,3,0.000627352572146,0.000627352572146,NaN,NaN,0.00125707003315,3.94313059333e-07
1980,40,1603,1594,289,22,2,2,0.000627352572146,0.00125470514429,-7.87142499625e-07,1.00000000009,0.00125707003315,7.88626118666e-07
1980,40,1603,1594,289,26,2,2,0.000627352572146,0.00376411543287,-2.36142749865e-06,0.999999999995,0.00378070936923,2.37183774732e-06
1980,40,1603,1594,289,33,2,2,0.000627352572146,0.000627352572146,-3.93571249813e-07,1.00000000009,0.000628140455989,3.94065530733e-07
1980,40,1603,1594,289,35,2,2,0.000627352572146,0.000627352572146,-3.93571249813e-07,1.00000000009,0.000628140455989,3.94065530733e-07
1980,40,1603,1594,289,46,2,3,0.000627352572146,0.000627352572146,NaN,NaN,0.00125707003315,3.94313059333e-07
1980,40,1603,1594,289,48,2,2,0.000627352572146,0.000627352572146,-3.93571249813e-07,1.00000000009,0.000628140455989,3.94065530733e-07
1980,40,1603,1594,289,49,2,2,0.000627352572146,0.000627352572146,-3.93571249813e-07,1.00000000009,0.000628140455989,3.94065530733e-07
1980,40,1603,1594,289,55,2,2,0.000627352572146,0.000627352572146,-3.93571249813e-07,1.00000000009,0.000628140455989,3.94065530733e-07
1980,40,1603,1594,289,60,2,2,0.000627352572146,0.000627352572146,-3.93571249813e-07,1.00000000009,0.000628140455989,3.94065530733e-07
1980,40,1603,1594,289,64,2,2,0.000627352572146,0.00250941028858,-1.57428499914e-06,1.00000000002,0.00251730250664,1.57923620241e-06
1980,40,1603,1594,289,73,2,2,0.000627352572146,0.000627352572146,-3.93571249813e-07,1.00000000009,0.000628140455989,3.94065530733e-07
1980,40,1603,1594,289,77,2,2,0.000627352572146,0.00376411543287,-2.36142749865e-06,0.999999999995,0.00378070936923,2.37183774732e-06
1980,40,1603,1594,289,94,2,2,0.000627352572146,0.000627352572146,-3.93571249813e-07,1.00000000009,0.000628140455989,3.94065530733e-07
1980,40,1603,1594,289,97,2,3,0.000627352572146,0.000627352572146,NaN,NaN,0.00125707003315,3.94313059333e-07
1980,40,1603,1594,289,101,2,2,0.000627352572146,0.00125470514429,-7.87142499625e-07,1.00000000009,0.00125707003315,7.88626118666e-07
1980,40,1603,1594,289,105,2,2,0.000627352572146,0.29234629862,-0.000183404202396,1.0,0.413379902321,0.000259334944994
1980,40,1603,1594,289,115,2,2,0.000627352572146,0.000627352572146,-3.93571249813e-07,1.00000000009,0.000628140455989,3.94065530733e-07
1980,40,1603,1594,289,123,2,3,0.000627352572146,0.000627352572146,NaN,NaN,0.00251730250664,7.89618101205e-07
1980,40,1603,1594,289,124,2,2,0.000627352572146,0.00188205771644,-1.18071374933e-06,0.999999999995,0.00188679021947,1.18368269728e-06
1980,40,1603,1594,289,130,2,2,0.000627352572146,0.000627352572146,-3.93571249813e-07,1.00000000009,0.000628140455989,3.94065530733e-07
1980,40,1603,1594,289,131,2,2,0.000627352572146,0.00125470514429,-7.87142499625e-07,1.00000000009,0.00125707003315,7.88626118666e-07
1980,40,1603,1594,289,140,2,3,0.000627352572146,0.00125470514429,NaN,NaN,0.00568179792903,1.78224527259e-06
1980,40,1603,1594,289,146,2,2,0.000627352572146,0.000627352572146,-3.93571249813e-07,1.00000000009,0.000628140455989,3.94065530733e-07
1980,40,1603,1594,289,149,2,2,0.000627352572146,0.000627352572146,-3.93571249813e-07,1.00000000009,0.000628140455989,3.94065530733e-07
1980,40,1603,1594,289,157,2,2,0.000627352572146,0.00125470514429,-7.87142499625e-07,1.00000000009,0.00125707003315,7.88626118666e-07
1980,40,1603,1594,289,159,2,2,0.000627352572146,0.00376411543287,-2.36142749865e-06,0.999999999995,0.00378070936923,2.37183774732e-06
1980,40,1603,1594,289,164,2,2,0.000627352572146,0.000627352572146,-3.93571249813e-07,1.00000000009,0.000628140455989,3.94065530733e-07
1980,40,1603,1594,289,167,2,2,0.000627352572146,0.00313676286073,-1.96785624884e-06,0.999999999976,0.00314860839015,1.97528757224e-06
1980,40,1603,1594,289,177,2,2,0.000627352572146,0.000627352572146,-3.93571249813e-07,1.00000000009,0.000628140455989,3.94065530733e-07
1980,40,1603,1593,289,186,2,2,0.000627746390458,0.000627746390458,-3.94065530762e-07,1.00000000007,0.000628535264261,3.94560743416e-07
1980,40,1603,1594,289,188,2,2,0.000627352572146,0.00627352572146,-3.93571249779e-06,1.0,0.00631709435853,3.96304539431e-06
1980,40,1603,1594,289,192,2,3,0.000627352572146,0.000627352572146,NaN,NaN,0.00125707003315,3.94313059333e-07
1980,40,1603,1594,289,198,2,2,0.000627352572146,0.00313676286073,-1.96785624884e-06,0.999999999976,0.00314860839015,1.97528757224e-06
1980,40,1603,1594,289,200,2,2,0.000627352572146,0.00125470514429,-7.87142499625e-07,1.00000000009,0.00125707003315,7.88626118666e-07
1980,40,1603,1594,289,207,2,2,0.000627352572146,0.00815558343789,-5.11642624712e-06,1.0,0.00822780563129,5.16173502591e-06
1980,40,1603,1594,289,208,2,2,0.000627352572146,0.000627352572146,-3.93571249813e-07,1.00000000009,0.000628140455989,3.94065530733e-07
1980,40,1603,1594,289,211,2,2,0.000627352572146,0.000627352572146,-3.93571249813e-07,1.00000000009,0.000628140455989,3.94065530733e-07
1980,40,1603,1594,289,215,2,2,0.000627352572146,0.00125470514429,-7.87142499625e-07,1.00000000009,0.00125707003315,7.88626118666e-07
1980,40,1603,1594,289,218,2,3,0.000627352572146,0.00125470514429,NaN,NaN,0.00504730262996,1.58321914365e-06
1980,40,1603,1594,289,220,2,2,0.000627352572146,0.00125470514429,-7.87142499625e-07,1.00000000009,0.00125707003315,7.88626118666e-07
1980,40,1603,1594,289,221,2,3,0.000627352572146,0.000627352572146,NaN,NaN,0.00125707003315,3.94313059333e-07
1980,40,1603,1594,289,222,2,2,0.000627352572146,0.000627352572146,-3.93571249813e-07,1.00000000009,0.000628140455989,3.94065530733e-07
1980,40,1603,1594,289,226,2,2,0.000627352572146,0.000627352572146,-3.93571249813e-07,1.00000000009,0.000628140455989,3.94065530733e-07
1980,40,1603,1594,289,227,2,2,0.000627352572146,0.000627352572146,-3.93571249813e-07,1.00000000009,0.000628140455989,3.94065530733e-07
1980,40,1603,1594,289,232,2,2,0.000627352572146,0.000627352572146,-3.93571249813e-07,1.00000000009,0.000628140455989,3.94065530733e-07
1980,40,1603,1594,289,233,2,2,0.000627352572146,0.000627352572146,-3.93571249813e-07,1.00000000009,0.000628140455989,3.94065530733e-07
1980,40,1603,1594,289,240,2,2,0.000627352572146,0.00188205771644,-1.18071374933e-06,0.999999999995,0.00188679021947,1.18368269728e-06
1980,40,1603,1594,289,244,2,2,0.000627352572146,0.000627352572146,-3.93571249813e-07,1.00000000009,0.000628140455989,3.94065530733e-07
1980,40,1603,1594,289,245,2,2,0.000627352572146,0.000627352572146,-3.93571249813e-07,1.00000000009,0.000628140455989,3.94065530733e-07
1980,40,1603,1594,291,15,3,2,0.000627352572146,0.000627352572146,NaN,NaN,0.00378070936923,1.18591887366e-06
1980,40,1603,1594,291,20,3,3,0.000627352572146,0.000627352572146,NaN,NaN,0.00756616837335,1.18666379758e-06
1980,40,1603,1594,291,22,3,2,0.000627352572146,0.00125470514429,NaN,NaN,0.00756616837335,2.37332759515e-06
1980,40,1603,1594,291,26,3,2,0.000627352572146,0.00376411543287,NaN,NaN,0.0227556801959,7.13791725092e-06
1980,40,1603,1594,291,33,3,2,0.000627352572146,0.000627352572146,NaN,NaN,0.00378070936923,1.18591887366e-06
1980,40,1603,1594,291,35,3,2,0.000627352572146,0.000627352572146,NaN,NaN,0.00378070936923,1.18591887366e-06
1980,40,1603,1594,291,46,3,3,0.000627352572146,0.000627352572146,NaN,NaN,0.00756616837335,1.18666379758e-06
1980,40,1603,1594,291,48,3,2,0.000627352572146,0.000627352572146,NaN,NaN,0.00378070936923,1.18591887366e-06
1980,40,1603,1594,291,49,3,2,0.000627352572146,0.000627352572146,NaN,NaN,0.00378070936923,1.18591887366e-06
1980,40,1603,1594,291,55,3,2,0.000627352572146,0.000627352572146,NaN,NaN,0.00378070936923,1.18591887366e-06
1980,40,1603,1594,291,60,3,2,0.000627352572146,0.000627352572146,NaN,NaN,0.00378070936923,1.18591887366e-06
1980,40,1603,1594,291,64,3,2,0.000627352572146,0.00250941028858,NaN,NaN,0.0151513711326,4.75262582577e-06
1980,40,1603,1594,291,73,3,2,0.000627352572146,0.000627352572146,NaN,NaN,0.00378070936923,1.18591887366e-06
1980,40,1603,1594,291,77,3,2,0.000627352572146,0.00376411543287,NaN,NaN,0.0227556801959,7.13791725092e-06
1980,40,1603,1594,291,94,3,2,0.000627352572146,0.000627352572146,NaN,NaN,0.00378070936923,1.18591887366e-06
1980,40,1603,1594,291,97,3,3,0.000627352572146,0.000627352572146,NaN,NaN,0.00756616837335,1.18666379758e-06
1980,40,1603,1594,291,101,3,2,0.000627352572146,0.00125470514429,NaN,NaN,0.00756616837335,2.37332759515e-06
1980,40,1603,1594,291,105,3,2,0.000627352572146,0.29234629862,NaN,NaN,0.620957420548,0.000194779617487
1980,40,1603,1594,291,115,3,2,0.000627352572146,0.000627352572146,NaN,NaN,0.00378070936923,1.18591887366e-06
1980,40,1603,1594,291,123,3,3,0.000627352572146,0.000627352572146,NaN,NaN,0.0151513711326,2.37631291288e-06
1980,40,1603,1594,291,124,3,2,0.000627352572146,0.00188205771644,NaN,NaN,0.0113563859683,3.56222897375e-06
1980,40,1603,1594,291,130,3,2,0.000627352572146,0.000627352572146,NaN,NaN,0.00378070936923,1.18591887366e-06
1980,40,1603,1594,291,131,3,2,0.000627352572146,0.00125470514429,NaN,NaN,0.00756616837335,2.37332759515e-06
1980,40,1603,1594,291,140,3,3,0.000627352572146,0.00125470514429,NaN,NaN,0.034198126326,5.36357062829e-06
1980,40,1603,1594,291,146,3,2,0.000627352572146,0.000627352572146,NaN,NaN,0.00378070936923,1.18591887366e-06
1980,40,1603,1594,291,149,3,2,0.000627352572146,0.000627352572146,NaN,NaN,0.00378070936923,1.18591887366e-06
1980,40,1603,1594,291,157,3,2,0.000627352572146,0.00125470514429,NaN,NaN,0.00756616837335,2.37332759515e-06
1980,40,1603,1594,291,159,3,2,0.000627352572146,0.00376411543287,NaN,NaN,0.0227556801959,7.13791725092e-06
1980,40,1603,1594,291,164,3,2,0.000627352572146,0.000627352572146,NaN,NaN,0.00378070936923,1.18591887366e-06
1980,40,1603,1594,291,167,3,2,0.000627352572146,0.00313676286073,NaN,NaN,0.0189511328672,5.94452097465e-06
1980,40,1603,1594,291,177,3,2,0.000627352572146,0.000627352572146,NaN,NaN,0.00378070936923,1.18591887366e-06
1980,40,1603,1593,291,186,3,2,0.000627746390458,0.000627746390458,NaN,NaN,0.00378309315956,1.18741153784e-06
1980,40,1603,1594,291,188,3,2,0.000627352572146,0.00627352572146,NaN,NaN,0.0380219067247,1.19265704908e-05
1980,40,1603,1594,291,192,3,3,0.000627352572146,0.000627352572146,NaN,NaN,0.00756616837335,1.18666379758e-06
1980,40,1603,1594,291,198,3,2,0.000627352572146,0.00313676286073,NaN,NaN,0.0189511328672,5.94452097465e-06
1980,40,1603,1594,291,200,3,2,0.000627352572146,0.00125470514429,NaN,NaN,0.00756616837335,2.37332759515e-06
1980,40,1603,1594,291,207,3,2,0.000627352572146,0.00815558343789,NaN,NaN,0.0495222709219,1.55339620207e-05
1980,40,1603,1594,291,208,3,2,0.000627352572146,0.000627352572146,NaN,NaN,0.00378070936923,1.18591887366e-06
1980,40,1603,1594,291,211,3,2,0.000627352572146,0.000627352572146,NaN,NaN,0.00378070936923,1.18591887366e-06
1980,40,1603,1594,291,215,3,2,0.000627352572146,0.00125470514429,NaN,NaN,0.00756616837335,2.37332759515e-06
1980,40,1603,1594,291,218,3,3,0.000627352572146,0.00125470514429,NaN,NaN,0.0303791678446,4.76461227174e-06
1980,40,1603,1594,291,220,3,2,0.000627352572146,0.00125470514429,NaN,NaN,0.00756616837335,2.37332759515e-06
1980,40,1603,1594,291,221,3,3,0.000627352572146,0.000627352572146,NaN,NaN,0.00756616837335,1.18666379758e-06
1980,40,1603,1594,291,222,3,2,0.000627352572146,0.000627352572146,NaN,NaN,0.00378070936923,1.18591887366e-06
1980,40,1603,1594,291,226,3,2,0.000627352572146,0.000627352572146,NaN,NaN,0.00378070936923,1.18591887366e-06
1980,40,1603,1594,291,227,3,2,0.000627352572146,0.000627352572146,NaN,NaN,0.00378070936923,1.18591887366e-06
1980,40,1603,1594,291,232,3,2,0.000627352572146,0.000627352572146,NaN,NaN,0.00378070936923,1.18591887366e-06
1980,40,1603,1594,291,233,3,2,0.000627352572146,0.000627352572146,NaN,NaN,0.00378070936923,1.18591887366e-06
1980,40,1603,1594,291,240,3,2,0.000627352572146,0.00188205771644,NaN,NaN,0.0113563859683,3.56222897375e-06
1980,40,1603,1594,291,244,3,2,0.000627352572146,0.000627352572146,NaN,NaN,0.00378070936923,1.18591887366e-06
1980,40,1603,1594,291,245,3,2,0.000627352572146,0.000627352572146,NaN,NaN,0.00378070936923,1.18591887366e-06
1980,40,1603,1594,292,15,2,2,0.000627352572146,0.000627352572146,-3.93571249813e-07,1.00000000009,0.000628140455989,3.94065530733e-07
1980,40,1603,1594,292,20,2,3,0.000627352572146,0.000627352572146,NaN,NaN,0.00125707003315,3.94313059333e-07
1980,40,1603,1594,292,22,2,2,0.000627352572146,0.00125470514429,-7.87142499625e-07,1.00000000009,0.00125707003315,7.88626118666e-07
1980,40,1603,1594,292,26,2,2,0.000627352572146,0.00376411543287,-2.36142749865e-06,0.999999999995,0.00378070936923,2.37183774732e-06
1980,40,1603,1594,292,33,2,2,0.000627352572146,0.000627352572146,-3.93571249813e-07,1.00000000009,0.000628140455989,3.94065530733e-07
1980,40,1603,1594,292,35,2,2,0.000627352572146,0.000627352572146,-3.93571249813e-07,1.00000000009,0.000628140455989,3.94065530733e-07
1980,40,1603,1594,292,46,2,3,0.000627352572146,0.000627352572146,NaN,NaN,0.00125707003315,3.94313059333e-07
1980,40,1603,1594,292,48,2,2,0.000627352572146,0.000627352572146,-3.93571249813e-07,1.00000000009,0.000628140455989,3.94065530733e-07
1980,40,1603,1594,292,49,2,2,0.000627352572146,0.000627352572146,-3.93571249813e-07,1.00000000009,0.000628140455989,3.94065530733e-07
1980,40,1603,1594,292,55,2,2,0.000627352572146,0.000627352572146,-3.93571249813e-07,1.00000000009,0.000628140455989,3.94065530733e-07
1980,40,1603,1594,292,60,2,2,0.000627352572146,0.000627352572146,-3.93571249813e-07,1.00000000009,0.000628140455989,3.94065530733e-07
1980,40,1603,1594,292,64,2,2,0.000627352572146,0.00250941028858,-1.57428499914e-06,1.00000000002,0.00251730250664,1.57923620241e-06
1980,40,1603,1594,292,73,2,2,0.000627352572146,0.000627352572146,-3.93571249813e-07,1.00000000009,0.000628140455989,3.94065530733e-07
1980,40,1603,1594,292,77,2,2,0.000627352572146,0.00376411543287,-2.36142749865e-06,0.999999999995,0.00378070936923,2.37183774732e-06
1980,40,1603,1594,292,94,2,2,0.000627352572146,0.000627352572146,-3.93571249813e-07,1.00000000009,0.000628140455989,3.94065530733e-07
1980,40,1603,1594,292,97,2,3,0.000627352572146,0.000627352572146,NaN,NaN,0.00125707003315,3.94313059333e-07
1980,40,1603,1594,292,101,2,2,0.000627352572146,0.00125470514429,-7.87142499625e-07,1.00000000009,0.00125707003315,7.88626118666e-07
1980,40,1603,1594,292,105,2,2,0.000627352572146,0.29234629862,0.000443948369749,1.0,2.42212038182,0.00151952345158
1980,40,1603,1594,292,115,2,2,0.000627352572146,0.000627352572146,-3.93571249813e-07,1.00000000009,0.000628140455989,3.94065530733e-07
1980,40,1603,1594,292,123,2,3,0.000627352572146,0.000627352572146,NaN,NaN,0.00251730250664,7.89618101205e-07
1980,40,1603,1594,292,124,2,2,0.000627352572146,0.00188205771644,-1.18071374933e-06,0.999999999995,0.00188679021947,1.18368269728e-06
1980,40,1603,1594,292,130,2,2,0.000627352572146,0.000627352572146,-3.93571249813e-07,1.00000000009,0.000628140455989,3.94065530733e-07
1980,40,1603,1594,292,131,2,2,0.000627352572146,0.00125470514429,-7.87142499625e-07,1.00000000009,0.00125707003315,7.88626118666e-07
1980,40,1603,1594,292,140,2,3,0.000627352572146,0.00125470514429,NaN,NaN,0.00568179792903,1.78224527259e-06
1980,40,1603,1594,292,146,2,2,0.000627352572146,0.000627352572146,-3.93571249813e-07,1.00000000009,0.000628140455989,3.94065530733e-07
1980,40,1603,1594,292,149,2,2,0.000627352572146,0.000627352572146,-3.93571249813e-07,1.00000000009,0.000628140455989,3.94065530733e-07
1980,40,1603,1594,292,157,2,2,0.000627352572146,0.00125470514429,-7.87142499625e-07,1.00000000009,0.00125707003315,7.88626118666e-07
1980,40,1603,1594,292,159,2,2,0.000627352572146,0.00376411543287,-2.36142749865e-06,0.999999999995,0.00378070936923,2.37183774732e-06
1980,40,1603,1594,292,164,2,2,0.000627352572146,0.000627352572146,-3.93571249813e-07,1.00000000009,0.000628140455989,3.94065530733e-07
1980,40,1603,1594,292,167,2,2,0.000627352572146,0.00313676286073,-1.96785624884e-06,0.999999999976,0.00314860839015,1.97528757224e-06
1980,40,1603,1594,292,177,2,2,0.000627352572146,0.000627352572146,-3.93571249813e-07,1.00000000009,0.000628140455989,3.94065530733e-07
1980,40,1603,1593,292,186,2,2,0.000627746390458,0.000627746390458,-3.94065530762e-07,1.00000000007,0.000628535264261,3.94560743416e-07
1980,40,1603,1594,292,188,2,2,0.000627352572146,0.00627352572146,-3.93571249779e-06,1.0,0.00631709435853,3.96304539431e-06
1980,40,1603,1594,292,192,2,3,0.000627352572146,0.000627352572146,NaN,NaN,0.00125707003315,3.94313059333e-07
1980,40,1603,1594,292,198,2,2,0.000627352572146,0.00313676286073,-1.96785624884e-06,0.999999999976,0.00314860839015,1.97528757224e-06
1980,40,1603,1594,292,200,2,2,0.000627352572146,0.00125470514429,-7.87142499625e-07,1.00000000009,0.00125707003315,7.88626118666e-07
1980,40,1603,1594,292,207,2,2,0.000627352572146,0.00815558343789,-5.11642624712e-06,1.0,0.00822780563129,5.16173502591e-06
1980,40,1603,1594,292,208,2,2,0.000627352572146,0.000627352572146,-3.93571249813e-07,1.00000000009,0.000628140455989,3.94065530733e-07
1980,40,1603,1594,292,211,2,2,0.000627352572146,0.000627352572146,-3.93571249813e-07,1.00000000009,0.000628140455989,3.94065530733e-07
1980,40,1603,1594,292,215,2,2,0.000627352572146,0.00125470514429,-7.87142499625e-07,1.00000000009,0.00125707003315,7.88626118666e-07
1980,40,1603,1594,292,218,2,3,0.000627352572146,0.00125470514429,NaN,NaN,0.00504730262996,1.58321914365e-06
1980,40,1603,1594,292,220,2,2,0.000627352572146,0.00125470514429,-7.87142499625e-07,1.00000000009,0.00125707003315,7.88626118666e-07
1980,40,1603,1594,292,221,2,3,0.000627352572146,0.000627352572146,NaN,NaN,0.00125707003315,3.94313059333e-07
1980,40,1603,1594,292,222,2,2,0.000627352572146,0.000627352572146,-3.93571249813e-07,1.00000000009,0.000628140455989,3.94065530733e-07
1980,40,1603,1594,292,226,2,2,0.000627352572146,0.000627352572146,-3.93571249813e-07,1.00000000009,0.000628140455989,3.94065530733e-07
1980,40,1603,1594,292,227,2,2,0.000627352572146,0.000627352572146,-3.93571249813e-07,1.00000000009,0.000628140455989,3.94065530733e-07
1980,40,1603,1594,292,232,2,2,0.000627352572146,0.000627352572146,-3.93571249813e-07,1.00000000009,0.000628140455989,3.94065530733e-07
1980,40,1603,1594,292,233,2,2,0.000627352572146,0.000627352572146,-3.93571249813e-07,1.00000000009,0.000628140455989,3.94065530733e-07
1980,40,1603,1594,292,240,2,2,0.000627352572146,0.00188205771644,-1.18071374933e-06,0.999999999995,0.00188679021947,1.18368269728e-06
1980,40,1603,1594,292,244,2,2,0.000627352572146,0.000627352572146,-3.93571249813e-07,1.00000000009,0.000628140455989,3.94065530733e-07
1980,40,1603,1594,292,245,2,2,0.000627352572146,0.000627352572146,-3.93571249813e-07,1.00000000009,0.000628140455989,3.94065530733e-07
1980,40,1603,1594,293,15,2,2,0.000627352572146,0.000627352572146,-3.93571249813e-07,1.00000000009,0.000628140455989,3.94065530733e-07
1980,40,1603,1594,293,20,2,3,0.000627352572146,0.000627352572146,NaN,NaN,0.00125707003315,3.94313059333e-07
1980,40,1603,1594,293,22,2,2,0.000627352572146,0.00125470514429,-7.87142499625e-07,1.00000000009,0.00125707003315,7.88626118666e-07
1980,40,1603,1594,293,26,2,2,0.000627352572146,0.00376411543287,-2.36142749865e-06,0.999999999995,0.00378070936923,2.37183774732e-06
1980,40,1603,1594,293,33,2,2,0.000627352572146,0.000627352572146,-3.93571249813e-07,1.00000000009,0.000628140455989,3.94065530733e-07
1980,40,1603,1594,293,35,2,2,0.000627352572146,0.000627352572146,-3.93571249813e-07,1.00000000009,0.000628140455989,3.94065530733e-07
1980,40,1603,1594,293,46,2,3,0.000627352572146,0.000627352572146,NaN,NaN,0.00125707003315,3.94313059333e-07
1980,40,1603,1594,293,48,2,2,0.000627352572146,0.000627352572146,-3.93571249813e-07,1.00000000009,0.000628140455989,3.94065530733e-07
1980,40,1603,1594,293,49,2,2,0.000627352572146,0.000627352572146,-3.93571249813e-07,1.00000000009,0.000628140455989,3.94065530733e-07
1980,40,1603,1594,293,55,2,2,0.000627352572146,0.000627352572146,-3.93571249813e-07,1.00000000009,0.000628140455989,3.94065530733e-07
1980,40,1603,1594,293,60,2,2,0.000627352572146,0.000627352572146,-3.93571249813e-07,1.00000000009,0.000628140455989,3.94065530733e-07
1980,40,1603,1594,293,64,2,2,0.000627352572146,0.00250941028858,-1.57428499914e-06,1.00000000002,0.00251730250664,1.57923620241e-06
1980,40,1603,1594,293,73,2,2,0.000627352572146,0.000627352572146,-3.93571249813e-07,1.00000000009,0.000628140455989,3.94065530733e-07
1980,40,1603,1594,293,77,2,2,0.000627352572146,0.00376411543287,-2.36142749865e-06,0.999999999995,0.00378070936923,2.37183774732e-06
1980,40,1603,1594,293,94,2,2,0.000627352572146,0.000627352572146,-3.93571249813e-07,1.00000000009,0.000628140455989,3.94065530733e-07
1980,40,1603,1594,293,97,2,3,0.000627352572146,0.000627352572146,NaN,NaN,0.00125707003315,3.94313059333e-07
1980,40,1603,1594,293,101,2,2,0.000627352572146,0.00125470514429,-7.87142499625e-07,1.00000000009,0.00125707003315,7.88626118666e-07
1980,40,1603,1594,293,105,2,2,0.000627352572146,0.29234629862,-0.000183404202396,1.0,0.413379902321,0.000259334944994
1980,40,1603,1594,293,115,2,2,0.000627352572146,0.000627352572146,-3.93571249813e-07,1.00000000009,0.000628140455989,3.94065530733e-07
1980,40,1603,1594,293,123,2,3,0.000627352572146,0.000627352572146,NaN,NaN,0.00251730250664,7.89618101205e-07
1980,40,1603,1594,293,124,2,2,0.000627352572146,0.00188205771644,-1.18071374933e-06,0.999999999995,0.00188679021947,1.18368269728e-06
1980,40,1603,1594,293,130,2,2,0.000627352572146,0.000627352572146,-3.93571249813e-07,1.00000000009,0.000628140455989,3.94065530733e-07
1980,40,1603,1594,293,131,2,2,0.000627352572146,0.00125470514429,-7.87142499625e-07,1.00000000009,0.00125707003315,7.88626118666e-07
1980,40,1603,1594,293,140,2,3,0.000627352572146,0.00125470514429,NaN,NaN,0.00568179792903,1.78224527259e-06
1980,40,1603,1594,293,146,2,2,0.000627352572146,0.000627352572146,-3.93571249813e-07,1.00000000009,0.000628140455989,3.94065530733e-07
1980,40,1603,1594,293,149,2,2,0.000627352572146,0.000627352572146,-3.93571249813e-07,1.00000000009,0.000628140455989,3.94065530733e-07
1980,40,1603,1594,293,157,2,2,0.000627352572146,0.00125470514429,-7.87142499625e-07,1.00000000009,0.00125707003315,7.88626118666e-07
1980,40,1603,1594,293,159,2,2,0.000627352572146,0.00376411543287,-2.36142749865e-06,0.999999999995,0.00378070936923,2.37183774732e-06
1980,40,1603,1594,293,164,2,2,0.000627352572146,0.000627352572146,-3.93571249813e-07,1.00000000009,0.000628140455989,3.94065530733e-07
1980,40,1603,1594,293,167,2,2,0.000627352572146,0.00313676286073,-1.96785624884e-06,0.999999999976,0.00314860839015,1.97528757224e-06
1980,40,1603,1594,293,177,2,2,0.000627352572146,0.000627352572146,-3.93571249813e-07,1.00000000009,0.000628140455989,3.94065530733e-07
1980,40,1603,1593,293,186,2,2,0.000627746390458,0.000627746390458,-3.94065530762e-07,1.00000000007,0.000628535264261,3.94560743416e-07
1980,40,1603,1594,293,188,2,2,0.000627352572146,0.00627352572146,-3.93571249779e-06,1.0,0.00631709435853,3.96304539431e-06
1980,40,1603,1594,293,192,2,3,0.000627352572146,0.000627352572146,NaN,NaN,0.00125707003315,3.94313059333e-07
1980,40,1603,1594,293,198,2,2,0.000627352572146,0.00313676286073,-1.96785624884e-06,0.999999999976,0.00314860839015,1.97528757224e-06
1980,40,1603,1594,293,200,2,2,0.000627352572146,0.00125470514429,-7.87142499625e-07,1.00000000009,0.00125707003315,7.88626118666e-07
1980,40,1603,1594,293,207,2,2,0.000627352572146,0.00815558343789,-5.11642624712e-06,1.0,0.00822780563129,5.16173502591e-06
1980,40,1603,1594,293,208,2,2,0.000627352572146,0.000627352572146,-3.93571249813e-07,1.00000000009,0.000628140455989,3.94065530733e-07
1980,40,1603,1594,293,211,2,2,0.000627352572146,0.000627352572146,-3.93571249813e-07,1.00000000009,0.000628140455989,3.94065530733e-07
1980,40,1603,1594,293,215,2,2,0.000627352572146,0.00125470514429,-7.87142499625e-07,1.00000000009,0.00125707003315,7.88626118666e-07
1980,40,1603,1594,293,218,2,3,0.000627352572146,0.00125470514429,NaN,NaN,0.00504730262996,1.58321914365e-06
1980,40,1603,1594,293,220,2,2,0.000627352572146,0.00125470514429,-7.87142499625e-07,1.00000000009,0.00125707003315,7.88626118666e-07
1980,40,1603,1594,293,221,2,3,0.000627352572146,0.000627352572146,NaN,NaN,0.00125707003315,3.94313059333e-07
1980,40,1603,1594,293,222,2,2,0.000627352572146,0.000627352572146,-3.93571249813e-07,1.00000000009,0.000628140455989,3.94065530733e-07
1980,40,1603,1594,293,226,2,2,0.000627352572146,0.000627352572146,-3.93571249813e-07,1.00000000009,0.000628140455989,3.94065530733e-07
1980,40,1603,1594,293,227,2,2,0.000627352572146,0.000627352572146,-3.93571249813e-07,1.00000000009,0.000628140455989,3.94065530733e-07
1980,40,1603,1594,293,232,2,2,0.000627352572146,0.000627352572146,-3.93571249813e-07,1.00000000009,0.000628140455989,3.94065530733e-07
1980,40,1603,1594,293,233,2,2,0.000627352572146,0.000627352572146,-3.93571249813e-07,1.00000000009,0.000628140455989,3.94065530733e-07
1980,40,1603,1594,293,240,2,2,0.000627352572146,0.00188205771644,-1.18071374933e-06,0.999999999995,0.00188679021947,1.18368269728e-06
1980,40,1603,1594,293,244,2,2,0.000627352572146,0.000627352572146,-3.93571249813e-07,1.00000000009,0.000628140455989,3.94065530733e-07
1980,40,1603,1594,293,245,2,2,0.000627352572146,0.000627352572146,-3.93571249813e-07,1.00000000009,0.000628140455989,3.94065530733e-07
1980,40,1603,1594,294,15,3,2,0.000627352572146,0.000627352572146,NaN,NaN,0.00125707003315,3.94313059333e-07
1980,40,1603,1594,294,20,3,3,0.000627352572146,0.000627352572146,NaN,NaN,0.00251571930002,3.94560743416e-07
1980,40,1603,1594,294,22,3,2,0.000627352572146,0.00125470514429,NaN,NaN,0.00251571930002,7.89121486831e-07
1980,40,1603,1594,294,26,3,2,0.000627352572146,0.00376411543287,NaN,NaN,0.00756616837335,2.37332759515e-06
1980,40,1603,1594,294,33,3,2,0.000627352572146,0.000627352572146,NaN,NaN,0.00125707003315,3.94313059333e-07
1980,40,1603,1594,294,35,3,2,0.000627352572146,0.000627352572146,NaN,NaN,0.00125707003315,3.94313059333e-07
1980,40,1603,1594,294,46,3,3,0.000627352572146,0.000627352572146,NaN,NaN,0.00251571930002,3.94560743416e-07
1980,40,1603,1594,294,48,3,2,0.000627352572146,0.000627352572146,NaN,NaN,0.00125707003315,3.94313059333e-07
1980,40,1603,1594,294,49,3,2,0.000627352572146,0.000627352572146,NaN,NaN,0.00125707003315,3.94313059333e-07
1980,40,1603,1594,294,55,3,2,0.000627352572146,0.000627352572146,NaN,NaN,0.00125707003315,3.94313059333e-07
1980,40,1603,1594,294,60,3,2,0.000627352572146,0.000627352572146,NaN,NaN,0.00125707003315,3.94313059333e-07
1980,40,1603,1594,294,64,3,2,0.000627352572146,0.00250941028858,NaN,NaN,0.00503776745362,1.58022818495e-06
1980,40,1603,1594,294,73,3,2,0.000627352572146,0.000627352572146,NaN,NaN,0.00125707003315,3.94313059333e-07
1980,40,1603,1594,294,77,3,2,0.000627352572146,0.00376411543287,NaN,NaN,0.00756616837335,2.37332759515e-06
1980,40,1603,1594,294,94,3,2,0.000627352572146,0.000627352572146,NaN,NaN,0.00125707003315,3.94313059333e-07
1980,40,1603,1594,294,97,3,3,0.000627352572146,0.000627352572146,NaN,NaN,0.00251571930002,3.94560743416e-07
1980,40,1603,1594,294,101,3,2,0.000627352572146,0.00125470514429,NaN,NaN,0.00251571930002,7.89121486831e-07
1980,40,1603,1594,294,105,3,2,0.000627352572146,0.29234629862,NaN,NaN,2.83424512011,0.000889035483095
1980,40,1603,1594,294,115,3,2,0.000627352572146,0.000627352572146,NaN,NaN,0.00125707003315,3.94313059333e-07
1980,40,1603,1594,294,123,3,3,0.000627352572146,0.000627352572146,NaN,NaN,0.00503776745362,7.90114092475e-07
1980,40,1603,1594,294,124,3,2,0.000627352572146,0.00188205771644,NaN,NaN,0.0037759507784,1.18442621656e-06
1980,40,1603,1594,294,130,3,2,0.000627352572146,0.000627352572146,NaN,NaN,0.00125707003315,3.94313059333e-07
1980,40,1603,1594,294,131,3,2,0.000627352572146,0.00125470514429,NaN,NaN,0.00251571930002,7.89121486831e-07
1980,40,1603,1594,294,140,3,3,0.000627352572146,0.00125470514429,NaN,NaN,0.0113707337952,1.78336477339e-06
1980,40,1603,1594,294,146,3,2,0.000627352572146,0.000627352572146,NaN,NaN,0.00125707003315,3.94313059333e-07
1980,40,1603,1594,294,149,3,2,0.000627352572146,0.000627352572146,NaN,NaN,0.00125707003315,3.94313059333e-07
1980,40,1603,1594,294,157,3,2,0.000627352572146,0.00125470514429,NaN,NaN,0.00251571930002,7.89121486831e-07
1980,40,1603,1594,294,159,3,2,0.000627352572146,0.00376411543287,NaN,NaN,0.00756616837335,2.37332759515e-06
1980,40,1603,1594,294,164,3,2,0.000627352572146,0.000627352572146,NaN,NaN,0.00125707003315,3.94313059333e-07
1980,40,1603,1594,294,167,3,2,0.000627352572146,0.00313676286073,NaN,NaN,0.00630117231848,1.97652833077e-06
1980,40,1603,1594,294,177,3,2,0.000627352572146,0.000627352572146,NaN,NaN,0.00125707003315,3.94313059333e-07
1980,40,1603,1593,294,186,3,2,0.000627746390458,0.000627746390458,NaN,NaN,0.00125786064199,3.94808738855e-07
1980,40,1603,1594,294,188,3,2,0.000627352572146,0.00627352572146,NaN,NaN,0.0126421247652,3.96553474443e-06
1980,40,1603,1594,294,192,3,3,0.000627352572146,0.000627352572146,NaN,NaN,0.00251571930002,3.94560743416e-07
1980,40,1603,1594,294,198,3,2,0.000627352572146,0.00313676286073,NaN,NaN,0.00630117231848,1.97652833077e-06
1980,40,1603,1594,294,200,3,2,0.000627352572146,0.00125470514429,NaN,NaN,0.00251571930002,7.89121486831e-07
1980,40,1603,1594,294,207,3,2,0.000627352572146,0.00815558343789,NaN,NaN,0.0164659477018,5.16497732178e-06
1980,40,1603,1594,294,208,3,2,0.000627352572146,0.000627352572146,NaN,NaN,0.00125707003315,3.94313059333e-07
1980,40,1603,1594,294,211,3,2,0.000627352572146,0.000627352572146,NaN,NaN,0.00125707003315,3.94313059333e-07
1980,40,1603,1594,294,215,3,2,0.000627352572146,0.00125470514429,NaN,NaN,0.00251571930002,7.89121486831e-07
1980,40,1603,1594,294,218,3,3,0.000627352572146,0.00125470514429,NaN,NaN,0.0101009460924,1.58421362804e-06
1980,40,1603,1594,294,220,3,2,0.000627352572146,0.00125470514429,NaN,NaN,0.00251571930002,7.89121486831e-07
1980,40,1603,1594,294,221,3,3,0.000627352572146,0.000627352572146,NaN,NaN,0.00251571930002,3.94560743416e-07
1980,40,1603,1594,294,222,3,2,0.000627352572146,0.000627352572146,NaN,NaN,0.00125707003315,3.94313059333e-07
1980,40,1603,1594,294,226,3,2,0.000627352572146,0.000627352572146,NaN,NaN,0.00125707003315,3.94313059333e-07
1980,40,1603,1594,294,227,3,2,0.000627352572146,0.000627352572146,NaN,NaN,0.00125707003315,3.94313059333e-07
1980,40,1603,1594,294,232,3,2,0.000627352572146,0.000627352572146,NaN,NaN,0.00125707003315,3.94313059333e-07
1980,40,1603,1594,294,233,3,2,0.000627352572146,0.000627352572146,NaN,NaN,0.00125707003315,3.94313059333e-07
1980,40,1603,1594,294,240,3,2,0.000627352572146,0.00188205771644,NaN,NaN,0.0037759507784,1.18442621656e-06
1980,40,1603,1594,294,244,3,2,0.000627352572146,0.000627352572146,NaN,NaN,0.00125707003315,3.94313059333e-07
1980,40,1603,1594,294,245,3,2,0.000627352572146,0.000627352572146,NaN,NaN,0.00125707003315,3.94313059333e-07
1980,40,1603,1594,296,15,2,2,0.000627352572146,0.000627352572146,-3.93571249813e-07,1.00000000009,0.000628140455989,3.94065530733e-07
1980,40,1603,1594,296,20,2,3,0.000627352572146,0.000627352572146,NaN,NaN,0.00125707003315,3.94313059333e-07
1980,40,1603,1594,296,22,2,2,0.000627352572146,0.00125470514429,-7.87142499625e-07,1.00000000009,0.00125707003315,7.88626118666e-07
1980,40,1603,1594,296,26,2,2,0.000627352572146,0.00376411543287,-2.36142749865e-06,0.999999999995,0.00378070936923,2.37183774732e-06
1980,40,1603,1594,296,33,2,2,0.000627352572146,0.000627352572146,-3.93571249813e-07,1.00000000009,0.000628140455989,3.94065530733e-07
1980,40,1603,1594,296,35,2,2,0.000627352572146,0.000627352572146,-3.93571249813e-07,1.00000000009,0.000628140455989,3.94065530733e-07
1980,40,1603,1594,296,46,2,3,0.000627352572146,0.000627352572146,NaN,NaN,0.00125707003315,3.94313059333e-07
1980,40,1603,1594,296,48,2,2,0.000627352572146,0.000627352572146,-3.93571249813e-07,1.00000000009,0.000628140455989,3.94065530733e-07
1980,40,1603,1594,296,49,2,2,0.000627352572146,0.000627352572146,-3.93571249813e-07,1.00000000009,0.000628140455989,3.94065530733e-07
1980,40,1603,1594,296,55,2,2,0.000627352572146,0.000627352572146,-3.93571249813e-07,1.00000000009,0.000628140455989,3.94065530733e-07
1980,40,1603,1594,296,60,2,2,0.000627352572146,0.000627352572146,-3.93571249813e-07,1.00000000009,0.000628140455989,3.94065530733e-07
1980,40,1603,1594,296,64,2,2,0.000627352572146,0.00250941028858,-1.57428499914e-06,1.00000000002,0.00251730250664,1.57923620241e-06
1980,40,1603,1594,296,73,2,2,0.000627352572146,0.000627352572146,-3.93571249813e-07,1.00000000009,0.000628140455989,3.94065530733e-07
1980,40,1603,1594,296,77,2,2,0.000627352572146,0.00376411543287,-2.36142749865e-06,0.999999999995,0.00378070936923,2.37183774732e-06
1980,40,1603,1594,296,94,2,2,0.000627352572146,0.000627352572146,-3.93571249813e-07,1.00000000009,0.000628140455989,3.94065530733e-07
1980,40,1603,1594,296,97,2,3,0.000627352572146,0.000627352572146,NaN,NaN,0.00125707003315,3.94313059333e-07
1980,40,1603,1594,296,101,2,2,0.000627352572146,0.00125470514429,-7.87142499625e-07,1.00000000009,0.00125707003315,7.88626118666e-07
1980,40,1603,1594,296,105,2,2,0.000627352572146,0.29234629862,-0.000183404202396,1.0,0.413379902321,0.000259334944994
1980,40,1603,1594,296,115,2,2,0.000627352572146,0.000627352572146,-3.93571249813e-07,1.00000000009,0.000628140455989,3.94065530733e-07
1980,40,1603,1594,296,123,2,3,0.000627352572146,0.000627352572146,NaN,NaN,0.00251730250664,7.89618101205e-07
1980,40,1603,1594,296,124,2,2,0.000627352572146,0.00188205771644,-1.18071374933e-06,0.999999999995,0.00188679021947,1.18368269728e-06
1980,40,1603,1594,296,130,2,2,0.000627352572146,0.000627352572146,-3.93571249813e-07,1.00000000009,0.000628140455989,3.94065530733e-07
1980,40,1603,1594,296,131,2,2,0.000627352572146,0.00125470514429,-7.87142499625e-07,1.00000000009,0.00125707003315,7.88626118666e-07
1980,40,1603,1594,296,140,2,3,0.000627352572146,0.00125470514429,NaN,NaN,0.00568179792903,1.78224527259e-06
1980,40,1603,1594,296,146,2,2,0.000627352572146,0.000627352572146,-3.93571249813e-07,1.00000000009,0.000628140455989,3.94065530733e-07
1980,40,1603,1594,296,149,2,2,0.000627352572146,0.000627352572146,-3.93571249813e-07,1.00000000009,0.000628140455989,3.94065530733e-07
1980,40,1603,1594,296,157,2,2,0.000627352572146,0.00125470514429,-7.87142499625e-07,1.00000000009,0.00125707003315,7.88626118666e-07
1980,40,1603,1594,296,159,2,2,0.000627352572146,0.00376411543287,-2.36142749865e-06,0.999999999995,0.00378070936923,2.37183774732e-06
1980,40,1603,1594,296,164,2,2,0.000627352572146,0.000627352572146,-3.93571249813e-07,1.00000000009,0.000628140455989,3.94065530733e-07
1980,40,1603,1594,296,167,2,2,0.000627352572146,0.00313676286073,-1.96785624884e-06,0.999999999976,0.00314860839015,1.97528757224e-06
1980,40,1603,1594,296,177,2,2,0.000627352572146,0.000627352572146,-3.93571249813e-07,1.00000000009,0.000628140455989,3.94065530733e-07
1980,40,1603,1593,296,186,2,2,0.000627746390458,0.000627746390458,-3.94065530762e-07,1.00000000007,0.000628535264261,3.94560743416e-07
1980,40,1603,1594,296,188,2,2,0.000627352572146,0.00627352572146,-3.93571249779e-06,1.0,0.00631709435853,3.96304539431e-06
1980,40,1603,1594,296,192,2,3,0.000627352572146,0.000627352572146,NaN,NaN,0.00125707003315,3.94313059333e-07
1980,40,1603,1594,296,198,2,2,0.000627352572146,0.00313676286073,-1.96785624884e-06,0.999999999976,0.00314860839015,1.97528757224e-06
1980,40,1603,1594,296,200,2,2,0.000627352572146,0.00125470514429,-7.87142499625e-07,1.00000000009,0.00125707003315,7.88626118666e-07
1980,40,1603,1594,296,207,2,2,0.000627352572146,0.00815558343789,-5.11642624712e-06,1.0,0.00822780563129,5.16173502591e-06
1980,40,1603,1594,296,208,2,2,0.000627352572146,0.000627352572146,-3.93571249813e-07,1.00000000009,0.000628140455989,3.94065530733e-07
1980,40,1603,1594,296,211,2,2,0.000627352572146,0.000627352572146,-3.93571249813e-07,1.00000000009,0.000628140455989,3.94065530733e-07
1980,40,1603,1594,296,215,2,2,0.000627352572146,0.00125470514429,-7.87142499625e-07,1.00000000009,0.00125707003315,7.88626118666e-07
1980,40,1603,1594,296,218,2,3,0.000627352572146,0.00125470514429,NaN,NaN,0.00504730262996,1.58321914365e-06
1980,40,1603,1594,296,220,2,2,0.000627352572146,0.00125470514429,-7.87142499625e-07,1.00000000009,0.00125707003315,7.88626118666e-07
1980,40,1603,1594,296,221,2,3,0.000627352572146,0.000627352572146,NaN,NaN,0.00125707003315,3.94313059333e-07
1980,40,1603,1594,296,222,2,2,0.000627352572146,0.000627352572146,-3.93571249813e-07,1.00000000009,0.000628140455989,3.94065530733e-07
1980,40,1603,1594,296,226,2,2,0.000627352572146,0.000627352572146,-3.93571249813e-07,1.00000000009,0.000628140455989,3.94065530733e-07
1980,40,1603,1594,296,227,2,2,0.000627352572146,0.000627352572146,-3.93571249813e-07,1.00000000009,0.000628140455989,3.94065530733e-07
1980,40,1603,1594,296,232,2,2,0.000627352572146,0.000627352572146,-3.93571249813e-07,1.00000000009,0.000628140455989,3.94065530733e-07
1980,40,1603,1594,296,233,2,2,0.000627352572146,0.000627352572146,-3.93571249813e-07,1.00000000009,0.000628140455989,3.94065530733e-07
1980,40,1603,1594,296,240,2,2,0.000627352572146,0.00188205771644,-1.18071374933e-06,0.999999999995,0.00188679021947,1.18368269728e-06
1980,40,1603,1594,296,244,2,2,0.000627352572146,0.000627352572146,-3.93571249813e-07,1.00000000009,0.000628140455989,3.94065530733e-07
1980,40,1603,1594,296,245,2,2,0.000627352572146,0.000627352572146,-3.93571249813e-07,1.00000000009,0.000628140455989,3.94065530733e-07
1980,40,1603,1594,298,15,2,2,0.000627352572146,0.000627352572146,-3.93571249813e-07,1.00000000009,0.000628140455989,3.94065530733e-07
1980,40,1603,1594,298,20,2,3,0.000627352572146,0.000627352572146,NaN,NaN,0.00125707003315,3.94313059333e-07
1980,40,1603,1594,298,22,2,2,0.000627352572146,0.00125470514429,-7.87142499625e-07,1.00000000009,0.00125707003315,7.88626118666e-07
1980,40,1603,1594,298,26,2,2,0.000627352572146,0.00376411543287,-2.36142749865e-06,0.999999999995,0.00378070936923,2.37183774732e-06
1980,40,1603,1594,298,33,2,2,0.000627352572146,0.000627352572146,-3.93571249813e-07,1.00000000009,0.000628140455989,3.94065530733e-07
1980,40,1603,1594,298,35,2,2,0.000627352572146,0.000627352572146,-3.93571249813e-07,1.00000000009,0.000628140455989,3.94065530733e-07
1980,40,1603,1594,298,46,2,3,0.000627352572146,0.000627352572146,NaN,NaN,0.00125707003315,3.94313059333e-07
1980,40,1603,1594,298,48,2,2,0.000627352572146,0.000627352572146,-3.93571249813e-07,1.00000000009,0.000628140455989,3.94065530733e-07
1980,40,1603,1594,298,49,2,2,0.000627352572146,0.000627352572146,-3.93571249813e-07,1.00000000009,0.000628140455989,3.94065530733e-07
1980,40,1603,1594,298,55,2,2,0.000627352572146,0.000627352572146,-3.93571249813e-07,1.00000000009,0.000628140455989,3.94065530733e-07
1980,40,1603,1594,298,60,2,2,0.000627352572146,0.000627352572146,-3.93571249813e-07,1.00000000009,0.000628140455989,3.94065530733e-07
1980,40,1603,1594,298,64,2,2,0.000627352572146,0.00250941028858,-1.57428499914e-06,1.00000000002,0.00251730250664,1.57923620241e-06
1980,40,1603,1594,298,73,2,2,0.000627352572146,0.000627352572146,-3.93571249813e-07,1.00000000009,0.000628140455989,3.94065530733e-07
1980,40,1603,1594,298,77,2,2,0.000627352572146,0.00376411543287,-2.36142749865e-06,0.999999999995,0.00378070936923,2.37183774732e-06
1980,40,1603,1594,298,94,2,2,0.000627352572146,0.000627352572146,-3.93571249813e-07,1.00000000009,0.000628140455989,3.94065530733e-07
1980,40,1603,1594,298,97,2,3,0.000627352572146,0.000627352572146,NaN,NaN,0.00125707003315,3.94313059333e-07
1980,40,1603,1594,298,101,2,2,0.000627352572146,0.00125470514429,-7.87142499625e-07,1.00000000009,0.00125707003315,7.88626118666e-07
1980,40,1603,1594,298,105,2,2,0.000627352572146,0.29234629862,-0.000183404202396,1.0,0.413379902321,0.000259334944994
1980,40,1603,1594,298,115,2,2,0.000627352572146,0.000627352572146,-3.93571249813e-07,1.00000000009,0.000628140455989,3.94065530733e-07
1980,40,1603,1594,298,123,2,3,0.000627352572146,0.000627352572146,NaN,NaN,0.00251730250664,7.89618101205e-07
1980,40,1603,1594,298,124,2,2,0.000627352572146,0.00188205771644,-1.18071374933e-06,0.999999999995,0.00188679021947,1.18368269728e-06
1980,40,1603,1594,298,130,2,2,0.000627352572146,0.000627352572146,-3.93571249813e-07,1.00000000009,0.000628140455989,3.94065530733e-07
1980,40,1603,1594,298,131,2,2,0.000627352572146,0.00125470514429,-7.87142499625e-07,1.00000000009,0.00125707003315,7.88626118666e-07
1980,40,1603,1594,298,140,2,3,0.000627352572146,0.00125470514429,NaN,NaN,0.00568179792903,1.78224527259e-06
1980,40,1603,1594,298,146,2,2,0.000627352572146,0.000627352572146,-3.93571249813e-07,1.00000000009,0.000628140455989,3.94065530733e-07
1980,40,1603,1594,298,149,2,2,0.000627352572146,0.000627352572146,-3.93571249813e-07,1.00000000009,0.000628140455989,3.94065530733e-07
1980,40,1603,1594,298,157,2,2,0.000627352572146,0.00125470514429,-7.87142499625e-07,1.00000000009,0.00125707003315,7.88626118666e-07
1980,40,1603,1594,298,159,2,2,0.000627352572146,0.00376411543287,-2.36142749865e-06,0.999999999995,0.00378070936923,2.37183774732e-06
1980,40,1603,1594,298,164,2,2,0.000627352572146,0.000627352572146,-3.93571249813e-07,1.00000000009,0.000628140455989,3.94065530733e-07
1980,40,1603,1594,298,167,2,2,0.000627352572146,0.00313676286073,-1.96785624884e-06,0.999999999976,0.00314860839015,1.97528757224e-06
1980,40,1603,1594,298,177,2,2,0.000627352572146,0.000627352572146,-3.93571249813e-07,1.00000000009,0.000628140455989,3.94065530733e-07
1980,40,1603,1593,298,186,2,2,0.000627746390458,0.000627746390458,-3.94065530762e-07,1.00000000007,0.000628535264261,3.94560743416e-07
1980,40,1603,1594,298,188,2,2,0.000627352572146,0.00627352572146,-3.93571249779e-06,1.0,0.00631709435853,3.96304539431e-06
1980,40,1603,1594,298,192,2,3,0.000627352572146,0.000627352572146,NaN,NaN,0.00125707003315,3.94313059333e-07
1980,40,1603,1594,298,198,2,2,0.000627352572146,0.00313676286073,-1.96785624884e-06,0.999999999976,0.00314860839015,1.97528757224e-06
1980,40,1603,1594,298,200,2,2,0.000627352572146,0.00125470514429,-7.87142499625e-07,1.00000000009,0.00125707003315,7.88626118666e-07
1980,40,1603,1594,298,207,2,2,0.000627352572146,0.00815558343789,-5.11642624712e-06,1.0,0.00822780563129,5.16173502591e-06
1980,40,1603,1594,298,208,2,2,0.000627352572146,0.000627352572146,-3.93571249813e-07,1.00000000009,0.000628140455989,3.94065530733e-07
1980,40,1603,1594,298,211,2,2,0.000627352572146,0.000627352572146,-3.93571249813e-07,1.00000000009,0.000628140455989,3.94065530733e-07
1980,40,1603,1594,298,215,2,2,0.000627352572146,0.00125470514429,-7.87142499625e-07,1.00000000009,0.00125707003315,7.88626118666e-07
1980,40,1603,1594,298,218,2,3,0.000627352572146,0.00125470514429,NaN,NaN,0.00504730262996,1.58321914365e-06
1980,40,1603,1594,298,220,2,2,0.000627352572146,0.00125470514429,-7.87142499625e-07,1.00000000009,0.00125707003315,7.88626118666e-07
1980,40,1603,1594,298,221,2,3,0.000627352572146,0.000627352572146,NaN,NaN,0.00125707003315,3.94313059333e-07
1980,40,1603,1594,298,222,2,2,0.000627352572146,0.000627352572146,-3.93571249813e-07,1.00000000009,0.000628140455989,3.94065530733e-07
1980,40,1603,1594,298,226,2,2,0.000627352572146,0.000627352572146,-3.93571249813e-07,1.00000000009,0.000628140455989,3.94065530733e-07
1980,40,1603,1594,298,227,2,2,0.000627352572146,0.000627352572146,-3.93571249813e-07,1.00000000009,0.000628140455989,3.94065530733e-07
1980,40,1603,1594,298,232,2,2,0.000627352572146,0.000627352572146,-3.93571249813e-07,1.00000000009,0.000628140455989,3.94065530733e-07
1980,40,1603,1594,298,233,2,2,0.000627352572146,0.000627352572146,-3.93571249813e-07,1.00000000009,0.000628140455989,3.94065530733e-07
1980,40,1603,1594,298,240,2,2,0.000627352572146,0.00188205771644,-1.18071374933e-06,0.999999999995,0.00188679021947,1.18368269728e-06
1980,40,1603,1594,298,244,2,2,0.000627352572146,0.000627352572146,-3.93571249813e-07,1.00000000009,0.000628140455989,3.94065530733e-07
1980,40,1603,1594,298,245,2,2,0.000627352572146,0.000627352572146,-3.93571249813e-07,1.00000000009,0.000628140455989,3.94065530733e-07
1980,40,1603,1593,302,15,3,2,0.000627746390458,0.000627746390458,NaN,NaN,1.32638007556,0.000416315152404
1980,40,1603,1593,302,20,3,3,0.000627746390458,0.000627746390458,NaN,NaN,2.0819384952,0.000326732343879
1980,40,1603,1593,302,22,3,2,0.000627746390458,0.00125549278092,NaN,NaN,0.0409949820499,1.28672260044e-05
1980,40,1603,1593,302,26,3,2,0.000627746390458,0.00376647834275,NaN,NaN,7.98335380073,0.00250576076608
1980,40,1603,1593,302,33,3,2,0.000627746390458,0.000627746390458,NaN,NaN,1.32638007556,0.000416315152404
1980,40,1603,1593,302,35,3,2,0.000627746390458,0.000627746390458,NaN,NaN,0.756814668713,0.000237543838265
1980,40,1603,1593,302,46,3,3,0.000627746390458,0.000627746390458,NaN,NaN,1.51458070722,0.000237693143003
1980,40,1603,1593,302,48,3,2,0.000627746390458,0.000627746390458,NaN,NaN,1.32638007556,0.000416315152404
1980,40,1603,1593,302,49,3,2,0.000627746390458,0.000627746390458,NaN,NaN,0.756814668713,0.000237543838265
1980,40,1603,1593,302,55,3,2,0.000627746390458,0.000627746390458,NaN,NaN,1.32638007556,0.000416315152404
1980,40,1603,1593,302,60,3,2,0.000627746390458,0.000627746390458,NaN,NaN,1.32638007556,0.000416315152404
1980,40,1603,1593,302,64,3,2,0.000627746390458,0.00251098556183,NaN,NaN,3.03297407827,0.000951969264992
1980,40,1603,1593,302,73,3,2,0.000627746390458,0.000627746390458,NaN,NaN,0.756814668713,0.000237543838265
1980,40,1603,1593,302,77,3,2,0.000627746390458,0.00376647834275,NaN,NaN,4.55519452775,0.00142975346132
1980,40,1603,1593,302,94,3,2,0.000627746390458,0.000627746390458,NaN,NaN,0.756814668713,0.000237543838265
1980,40,1603,1593,302,97,3,3,0.000627746390458,0.000627746390458,NaN,NaN,2.65442750508,0.000416576821262
1980,40,1603,1593,302,101,3,2,0.000627746390458,0.00125549278092,NaN,NaN,2.65442750508,0.000833153642524
1980,40,1603,1593,302,105,3,2,0.000627746390458,0.291902071563,NaN,NaN,481.142129537,0.151017617557
1980,40,1603,1593,302,115,3,2,0.000627746390458,0.000627746390458,NaN,NaN,0.756814668713,0.000237543838265
1980,40,1603,1593,302,123,3,3,0.000627746390458,0.000627746390458,NaN,NaN,1.4427221698,0.000226415908631
1980,40,1603,1593,302,124,3,2,0.000627746390458,0.00188323917137,NaN,NaN,2.27329991055,0.000713527906638
1980,40,1603,1593,302,130,3,2,0.000627746390458,0.000627746390458,NaN,NaN,1.32638007556,0.000416315152404
1980,40,1603,1593,302,131,3,2,0.000627746390458,0.00125549278092,NaN,NaN,2.65442750508,0.000833153642524
1980,40,1603,1593,302,140,3,3,0.000627746390458,0.00125549278092,NaN,NaN,5.3566155808,0.00084064902398
1980,40,1603,1593,302,146,3,2,0.000627746390458,0.000627746390458,NaN,NaN,1.32638007556,0.000416315152404
1980,40,1603,1593,302,149,3,2,0.000627746390458,0.000627746390458,NaN,NaN,1.32638007556,0.000416315152404
1980,40,1603,1593,302,157,3,2,0.000627746390458,0.00125549278092,NaN,NaN,1.51458070722,0.000475386286007
1980,40,1603,1593,302,159,3,2,0.000627746390458,0.00376647834275,NaN,NaN,0.123294927111,3.86989727277e-05
1980,40,1603,1593,302,164,3,2,0.000627746390458,0.000627746390458,NaN,NaN,0.756814668713,0.000237543838265
1980,40,1603,1593,302,167,3,2,0.000627746390458,0.00313873195229,NaN,NaN,1.08881364254,0.000341749416992
1980,40,1603,1593,302,177,3,2,0.000627746390458,0.000627746390458,NaN,NaN,0.756814668713,0.000237543838265
1980,40,1603,1592,302,186,3,2,0.000628140703518,0.000628140703518,NaN,NaN,0.755711738507,0.000237346651541
1980,40,1603,1593,302,188,3,2,0.000627746390458,0.00627746390458,NaN,NaN,7.61117468472,0.00238894371774
1980,40,1603,1593,302,192,3,3,0.000627746390458,0.000627746390458,NaN,NaN,2.0819384952,0.000326732343879
1980,40,1603,1593,302,198,3,2,0.000627746390458,0.00313873195229,NaN,NaN,0.0219179967867,6.87947168447e-06
1980,40,1603,1593,302,200,3,2,0.000627746390458,0.00125549278092,NaN,NaN,0.0409949820499,1.28672260044e-05
1980,40,1603,1593,302,207,3,2,0.000627746390458,0.00816070307596,NaN,NaN,3.68164297688,0.00115556904485
1980,40,1603,1593,302,208,3,2,0.000627746390458,0.000627746390458,NaN,NaN,0.756814668713,0.000237543838265
1980,40,1603,1593,302,211,3,2,0.000627746390458,0.000627746390458,NaN,NaN,1.32638007556,0.000416315152404
1980,40,1603,1593,302,215,3,2,0.000627746390458,0.00125549278092,NaN,NaN,1.51458070722,0.000475386286007
1980,40,1603,1593,302,218,3,3,0.000627746390458,0.00125549278092,NaN,NaN,1.4195713375,0.000222782695779
1980,40,1603,1593,302,220,3,2,0.000627746390458,0.00125549278092,NaN,NaN,0.0409949820499,1.28672260044e-05
1980,40,1603,1593,302,221,3,3,0.000627746390458,0.000627746390458,NaN,NaN,2.0819384952,0.000326732343879
1980,40,1603,1593,302,222,3,2,0.000627746390458,0.000627746390458,NaN,NaN,1.32638007556,0.000416315152404
1980,40,1603,1593,302,226,3,2,0.000627746390458,0.000627746390458,NaN,NaN,1.32638007556,0.000416315152404
1980,40,1603,1593,302,227,3,2,0.000627746390458,0.000627746390458,NaN,NaN,1.32638007556,0.000416315152404
1980,40,1603,1593,302,232,3,2,0.000627746390458,0.000627746390458,NaN,NaN,1.32638007556,0.000416315152404
1980,40,1603,1593,302,233,3,2,0.000627746390458,0.000627746390458,NaN,NaN,0.756814668713,0.000237543838265
1980,40,1603,1593,302,240,3,2,0.000627746390458,0.00188323917137,NaN,NaN,0.687471126574,0.000215778759126
1980,40,1603,1593,302,244,3,2,0.000627746390458,0.000627746390458,NaN,NaN,1.32638007556,0.000416315152404
1980,40,1603,1593,302,245,3,2,0.000627746390458,0.000627746390458,NaN,NaN,0.756814668713,0.000237543838265
1980,40,1603,1594,304,15,3,2,0.000627352572146,0.000627352572146,NaN,NaN,0.00125707003315,3.94313059333e-07
1980,40,1603,1594,304,20,3,3,0.000627352572146,0.000627352572146,NaN,NaN,0.00251571930002,3.94560743416e-07
1980,40,1603,1594,304,22,3,2,0.000627352572146,0.00125470514429,NaN,NaN,0.00251571930002,7.89121486831e-07
1980,40,1603,1594,304,26,3,2,0.000627352572146,0.00376411543287,NaN,NaN,0.00756616837335,2.37332759515e-06
1980,40,1603,1594,304,33,3,2,0.000627352572146,0.000627352572146,NaN,NaN,0.00125707003315,3.94313059333e-07
1980,40,1603,1594,304,35,3,2,0.000627352572146,0.000627352572146,NaN,NaN,0.00125707003315,3.94313059333e-07
1980,40,1603,1594,304,46,3,3,0.000627352572146,0.000627352572146,NaN,NaN,0.00251571930002,3.94560743416e-07
1980,40,1603,1594,304,48,3,2,0.000627352572146,0.000627352572146,NaN,NaN,0.00125707003315,3.94313059333e-07
1980,40,1603,1594,304,49,3,2,0.000627352572146,0.000627352572146,NaN,NaN,0.00125707003315,3.94313059333e-07
1980,40,1603,1594,304,55,3,2,0.000627352572146,0.000627352572146,NaN,NaN,0.00125707003315,3.94313059333e-07
1980,40,1603,1594,304,60,3,2,0.000627352572146,0.000627352572146,NaN,NaN,0.00125707003315,3.94313059333e-07
1980,40,1603,1594,304,64,3,2,0.000627352572146,0.00250941028858,NaN,NaN,0.00503776745362,1.58022818495e-06
1980,40,1603,1594,304,73,3,2,0.000627352572146,0.000627352572146,NaN,NaN,0.00125707003315,3.94313059333e-07
1980,40,1603,1594,304,77,3,2,0.000627352572146,0.00376411543287,NaN,NaN,0.00756616837335,2.37332759515e-06
1980,40,1603,1594,304,94,3,2,0.000627352572146,0.000627352572146,NaN,NaN,0.00125707003315,3.94313059333e-07
1980,40,1603,1594,304,97,3,3,0.000627352572146,0.000627352572146,NaN,NaN,0.00251571930002,3.94560743416e-07
1980,40,1603,1594,304,101,3,2,0.000627352572146,0.00125470514429,NaN,NaN,0.00251571930002,7.89121486831e-07
1980,40,1603,1594,304,105,3,2,0.000627352572146,0.29234629862,NaN,NaN,2.83424512011,0.000889035483095
1980,40,1603,1594,304,115,3,2,0.000627352572146,0.000627352572146,NaN,NaN,0.00125707003315,3.94313059333e-07
1980,40,1603,1594,304,123,3,3,0.000627352572146,0.000627352572146,NaN,NaN,0.00503776745362,7.90114092475e-07
1980,40,1603,1594,304,124,3,2,0.000627352572146,0.00188205771644,NaN,NaN,0.0037759507784,1.18442621656e-06
1980,40,1603,1594,304,130,3,2,0.000627352572146,0.000627352572146,NaN,NaN,0.00125707003315,3.94313059333e-07
1980,40,1603,1594,304,131,3,2,0.000627352572146,0.00125470514429,NaN,NaN,0.00251571930002,7.89121486831e-07
1980,40,1603,1594,304,140,3,3,0.000627352572146,0.00125470514429,NaN,NaN,0.0113707337952,1.78336477339e-06
1980,40,1603,1594,304,146,3,2,0.000627352572146,0.000627352572146,NaN,NaN,0.00125707003315,3.94313059333e-07
1980,40,1603,1594,304,149,3,2,0.000627352572146,0.000627352572146,NaN,NaN,0.00125707003315,3.94313059333e-07
1980,40,1603,1594,304,157,3,2,0.000627352572146,0.00125470514429,NaN,NaN,0.00251571930002,7.89121486831e-07
1980,40,1603,1594,304,159,3,2,0.000627352572146,0.00376411543287,NaN,NaN,0.00756616837335,2.37332759515e-06
1980,40,1603,1594,304,164,3,2,0.000627352572146,0.000627352572146,NaN,NaN,0.00125707003315,3.94313059333e-07
1980,40,1603,1594,304,167,3,2,0.000627352572146,0.00313676286073,NaN,NaN,0.00630117231848,1.97652833077e-06
1980,40,1603,1594,304,177,3,2,0.000627352572146,0.000627352572146,NaN,NaN,0.00125707003315,3.94313059333e-07
1980,40,1603,1593,304,186,3,2,0.000627746390458,0.000627746390458,NaN,NaN,0.00125786064199,3.94808738855e-07
1980,40,1603,1594,304,188,3,2,0.000627352572146,0.00627352572146,NaN,NaN,0.0126421247652,3.96553474443e-06
1980,40,1603,1594,304,192,3,3,0.000627352572146,0.000627352572146,NaN,NaN,0.00251571930002,3.94560743416e-07
1980,40,1603,1594,304,198,3,2,0.000627352572146,0.00313676286073,NaN,NaN,0.00630117231848,1.97652833077e-06
1980,40,1603,1594,304,200,3,2,0.000627352572146,0.00125470514429,NaN,NaN,0.00251571930002,7.89121486831e-07
1980,40,1603,1594,304,207,3,2,0.000627352572146,0.00815558343789,NaN,NaN,0.0164659477018,5.16497732178e-06
1980,40,1603,1594,304,208,3,2,0.000627352572146,0.000627352572146,NaN,NaN,0.00125707003315,3.94313059333e-07
1980,40,1603,1594,304,211,3,2,0.000627352572146,0.000627352572146,NaN,NaN,0.00125707003315,3.94313059333e-07
1980,40,1603,1594,304,215,3,2,0.000627352572146,0.00125470514429,NaN,NaN,0.00251571930002,7.89121486831e-07
1980,40,1603,1594,304,218,3,3,0.000627352572146,0.00125470514429,NaN,NaN,0.0101009460924,1.58421362804e-06
1980,40,1603,1594,304,220,3,2,0.000627352572146,0.00125470514429,NaN,NaN,0.00251571930002,7.89121486831e-07
1980,40,1603,1594,304,221,3,3,0.000627352572146,0.000627352572146,NaN,NaN,0.00251571930002,3.94560743416e-07
1980,40,1603,1594,304,222,3,2,0.000627352572146,0.000627352572146,NaN,NaN,0.00125707003315,3.94313059333e-07
1980,40,1603,1594,304,226,3,2,0.000627352572146,0.000627352572146,NaN,NaN,0.00125707003315,3.94313059333e-07
1980,40,1603,1594,304,227,3,2,0.000627352572146,0.000627352572146,NaN,NaN,0.00125707003315,3.94313059333e-07
1980,40,1603,1594,304,232,3,2,0.000627352572146,0.000627352572146,NaN,NaN,0.00125707003315,3.94313059333e-07
1980,40,1603,1594,304,233,3,2,0.000627352572146,0.000627352572146,NaN,NaN,0.00125707003315,3.94313059333e-07
1980,40,1603,1594,304,240,3,2,0.000627352572146,0.00188205771644,NaN,NaN,0.0037759507784,1.18442621656e-06
1980,40,1603,1594,304,244,3,2,0.000627352572146,0.000627352572146,NaN,NaN,0.00125707003315,3.94313059333e-07
1980,40,1603,1594,304,245,3,2,0.000627352572146,0.000627352572146,NaN,NaN,0.00125707003315,3.94313059333e-07
1980,40,1603,1594,305,15,2,2,0.000627352572146,0.000627352572146,-3.93571249813e-07,1.00000000009,0.000628140455989,3.94065530733e-07
1980,40,1603,1594,305,20,2,3,0.000627352572146,0.000627352572146,NaN,NaN,0.00125707003315,3.94313059333e-07
1980,40,1603,1594,305,22,2,2,0.000627352572146,0.00125470514429,-7.87142499625e-07,1.00000000009,0.00125707003315,7.88626118666e-07
1980,40,1603,1594,305,26,2,2,0.000627352572146,0.00376411543287,-2.36142749865e-06,0.999999999995,0.00378070936923,2.37183774732e-06
1980,40,1603,1594,305,33,2,2,0.000627352572146,0.000627352572146,-3.93571249813e-07,1.00000000009,0.000628140455989,3.94065530733e-07
1980,40,1603,1594,305,35,2,2,0.000627352572146,0.000627352572146,-3.93571249813e-07,1.00000000009,0.000628140455989,3.94065530733e-07
1980,40,1603,1594,305,46,2,3,0.000627352572146,0.000627352572146,NaN,NaN,0.00125707003315,3.94313059333e-07
1980,40,1603,1594,305,48,2,2,0.000627352572146,0.000627352572146,-3.93571249813e-07,1.00000000009,0.000628140455989,3.94065530733e-07
1980,40,1603,1594,305,49,2,2,0.000627352572146,0.000627352572146,-3.93571249813e-07,1.00000000009,0.000628140455989,3.94065530733e-07
1980,40,1603,1594,305,55,2,2,0.000627352572146,0.000627352572146,-3.93571249813e-07,1.00000000009,0.000628140455989,3.94065530733e-07
1980,40,1603,1594,305,60,2,2,0.000627352572146,0.000627352572146,-3.93571249813e-07,1.00000000009,0.000628140455989,3.94065530733e-07
1980,40,1603,1594,305,64,2,2,0.000627352572146,0.00250941028858,-1.57428499914e-06,1.00000000002,0.00251730250664,1.57923620241e-06
1980,40,1603,1594,305,73,2,2,0.000627352572146,0.000627352572146,-3.93571249813e-07,1.00000000009,0.000628140455989,3.94065530733e-07
1980,40,1603,1594,305,77,2,2,0.000627352572146,0.00376411543287,-2.36142749865e-06,0.999999999995,0.00378070936923,2.37183774732e-06
1980,40,1603,1594,305,94,2,2,0.000627352572146,0.000627352572146,-3.93571249813e-07,1.00000000009,0.000628140455989,3.94065530733e-07
1980,40,1603,1594,305,97,2,3,0.000627352572146,0.000627352572146,NaN,NaN,0.00125707003315,3.94313059333e-07
1980,40,1603,1594,305,101,2,2,0.000627352572146,0.00125470514429,-7.87142499625e-07,1.00000000009,0.00125707003315,7.88626118666e-07
1980,40,1603,1594,305,105,2,2,0.000627352572146,0.29234629862,-0.000183404202396,1.0,0.413379902321,0.000259334944994
1980,40,1603,1594,305,115,2,2,0.000627352572146,0.000627352572146,-3.93571249813e-07,1.00000000009,0.000628140455989,3.94065530733e-07
1980,40,1603,1594,305,123,2,3,0.000627352572146,0.000627352572146,NaN,NaN,0.00251730250664,7.89618101205e-07
1980,40,1603,1594,305,124,2,2,0.000627352572146,0.00188205771644,-1.18071374933e-06,0.999999999995,0.00188679021947,1.18368269728e-06
1980,40,1603,1594,305,130,2,2,0.000627352572146,0.000627352572146,-3.93571249813e-07,1.00000000009,0.000628140455989,3.94065530733e-07
1980,40,1603,1594,305,131,2,2,0.000627352572146,0.00125470514429,-7.87142499625e-07,1.00000000009,0.00125707003315,7.88626118666e-07
1980,40,1603,1594,305,140,2,3,0.000627352572146,0.00125470514429,NaN,NaN,0.00568179792903,1.78224527259e-06
1980,40,1603,1594,305,146,2,2,0.000627352572146,0.000627352572146,-3.93571249813e-07,1.00000000009,0.000628140455989,3.94065530733e-07
1980,40,1603,1594,305,149,2,2,0.000627352572146,0.000627352572146,-3.93571249813e-07,1.00000000009,0.000628140455989,3.94065530733e-07
1980,40,1603,1594,305,157,2,2,0.000627352572146,0.00125470514429,-7.87142499625e-07,1.00000000009,0.00125707003315,7.88626118666e-07
1980,40,1603,1594,305,159,2,2,0.000627352572146,0.00376411543287,-2.36142749865e-06,0.999999999995,0.00378070936923,2.37183774732e-06
1980,40,1603,1594,305,164,2,2,0.000627352572146,0.000627352572146,-3.93571249813e-07,1.00000000009,0.000628140455989,3.94065530733e-07
1980,40,1603,1594,305,167,2,2,0.000627352572146,0.00313676286073,-1.96785624884e-06,0.999999999976,0.00314860839015,1.97528757224e-06
1980,40,1603,1594,305,177,2,2,0.000627352572146,0.000627352572146,-3.93571249813e-07,1.00000000009,0.000628140455989,3.94065530733e-07
1980,40,1603,1593,305,186,2,2,0.000627746390458,0.000627746390458,-3.94065530762e-07,1.00000000007,0.000628535264261,3.94560743416e-07
1980,40,1603,1594,305,188,2,2,0.000627352572146,0.00627352572146,-3.93571249779e-06,1.0,0.00631709435853,3.96304539431e-06
1980,40,1603,1594,305,192,2,3,0.000627352572146,0.000627352572146,NaN,NaN,0.00125707003315,3.94313059333e-07
1980,40,1603,1594,305,198,2,2,0.000627352572146,0.00313676286073,-1.96785624884e-06,0.999999999976,0.00314860839015,1.97528757224e-06
1980,40,1603,1594,305,200,2,2,0.000627352572146,0.00125470514429,-7.87142499625e-07,1.00000000009,0.00125707003315,7.88626118666e-07
1980,40,1603,1594,305,207,2,2,0.000627352572146,0.00815558343789,-5.11642624712e-06,1.0,0.00822780563129,5.16173502591e-06
1980,40,1603,1594,305,208,2,2,0.000627352572146,0.000627352572146,-3.93571249813e-07,1.00000000009,0.000628140455989,3.94065530733e-07
1980,40,1603,1594,305,211,2,2,0.000627352572146,0.000627352572146,-3.93571249813e-07,1.00000000009,0.000628140455989,3.94065530733e-07
1980,40,1603,1594,305,215,2,2,0.000627352572146,0.00125470514429,-7.87142499625e-07,1.00000000009,0.00125707003315,7.88626118666e-07
1980,40,1603,1594,305,218,2,3,0.000627352572146,0.00125470514429,NaN,NaN,0.00504730262996,1.58321914365e-06
1980,40,1603,1594,305,220,2,2,0.000627352572146,0.00125470514429,-7.87142499625e-07,1.00000000009,0.00125707003315,7.88626118666e-07
1980,40,1603,1594,305,221,2,3,0.000627352572146,0.000627352572146,NaN,NaN,0.00125707003315,3.94313059333e-07
1980,40,1603,1594,305,222,2,2,0.000627352572146,0.000627352572146,-3.93571249813e-07,1.00000000009,0.000628140455989,3.94065530733e-07
1980,40,1603,1594,305,226,2,2,0.000627352572146,0.000627352572146,-3.93571249813e-07,1.00000000009,0.000628140455989,3.94065530733e-07
1980,40,1603,1594,305,227,2,2,0.000627352572146,0.000627352572146,-3.93571249813e-07,1.00000000009,0.000628140455989,3.94065530733e-07
1980,40,1603,1594,305,232,2,2,0.000627352572146,0.000627352572146,-3.93571249813e-07,1.00000000009,0.000628140455989,3.94065530733e-07
1980,40,1603,1594,305,233,2,2,0.000627352572146,0.000627352572146,-3.93571249813e-07,1.00000000009,0.000628140455989,3.94065530733e-07
1980,40,1603,1594,305,240,2,2,0.000627352572146,0.00188205771644,-1.18071374933e-06,0.999999999995,0.00188679021947,1.18368269728e-06
1980,40,1603,1594,305,244,2,2,0.000627352572146,0.000627352572146,-3.93571249813e-07,1.00000000009,0.000628140455989,3.94065530733e-07
1980,40,1603,1594,305,245,2,2,0.000627352572146,0.000627352572146,-3.93571249813e-07,1.00000000009,0.000628140455989,3.94065530733e-07
1980,40,1603,1594,310,15,2,2,0.000627352572146,0.000627352572146,-3.93571249813e-07,1.00000000009,0.000628140455989,3.94065530733e-07
1980,40,1603,1594,310,20,2,3,0.000627352572146,0.000627352572146,NaN,NaN,0.00125707003315,3.94313059333e-07
1980,40,1603,1594,310,22,2,2,0.000627352572146,0.00125470514429,-7.87142499625e-07,1.00000000009,0.00125707003315,7.88626118666e-07
1980,40,1603,1594,310,26,2,2,0.000627352572146,0.00376411543287,-2.36142749865e-06,0.999999999995,0.00378070936923,2.37183774732e-06
1980,40,1603,1594,310,33,2,2,0.000627352572146,0.000627352572146,-3.93571249813e-07,1.00000000009,0.000628140455989,3.94065530733e-07
1980,40,1603,1594,310,35,2,2,0.000627352572146,0.000627352572146,-3.93571249813e-07,1.00000000009,0.000628140455989,3.94065530733e-07
1980,40,1603,1594,310,46,2,3,0.000627352572146,0.000627352572146,NaN,NaN,0.00125707003315,3.94313059333e-07
1980,40,1603,1594,310,48,2,2,0.000627352572146,0.000627352572146,-3.93571249813e-07,1.00000000009,0.000628140455989,3.94065530733e-07
1980,40,1603,1594,310,49,2,2,0.000627352572146,0.000627352572146,-3.93571249813e-07,1.00000000009,0.000628140455989,3.94065530733e-07
1980,40,1603,1594,310,55,2,2,0.000627352572146,0.000627352572146,-3.93571249813e-07,1.00000000009,0.000628140455989,3.94065530733e-07
1980,40,1603,1594,310,60,2,2,0.000627352572146,0.000627352572146,-3.93571249813e-07,1.00000000009,0.000628140455989,3.94065530733e-07
1980,40,1603,1594,310,64,2,2,0.000627352572146,0.00250941028858,-1.57428499914e-06,1.00000000002,0.00251730250664,1.57923620241e-06
1980,40,1603,1594,310,73,2,2,0.000627352572146,0.000627352572146,-3.93571249813e-07,1.00000000009,0.000628140455989,3.94065530733e-07
1980,40,1603,1594,310,77,2,2,0.000627352572146,0.00376411543287,-2.36142749865e-06,0.999999999995,0.00378070936923,2.37183774732e-06
1980,40,1603,1594,310,94,2,2,0.000627352572146,0.000627352572146,-3.93571249813e-07,1.00000000009,0.000628140455989,3.94065530733e-07
1980,40,1603,1594,310,97,2,3,0.000627352572146,0.000627352572146,NaN,NaN,0.00125707003315,3.94313059333e-07
1980,40,1603,1594,310,101,2,2,0.000627352572146,0.00125470514429,-7.87142499625e-07,1.00000000009,0.00125707003315,7.88626118666e-07
1980,40,1603,1594,310,105,2,2,0.000627352572146,0.29234629862,-0.000183404202396,1.0,0.413379902321,0.000259334944994
1980,40,1603,1594,310,115,2,2,0.000627352572146,0.000627352572146,-3.93571249813e-07,1.00000000009,0.000628140455989,3.94065530733e-07
1980,40,1603,1594,310,123,2,3,0.000627352572146,0.000627352572146,NaN,NaN,0.00251730250664,7.89618101205e-07
1980,40,1603,1594,310,124,2,2,0.000627352572146,0.00188205771644,-1.18071374933e-06,0.999999999995,0.00188679021947,1.18368269728e-06
1980,40,1603,1594,310,130,2,2,0.000627352572146,0.000627352572146,-3.93571249813e-07,1.00000000009,0.000628140455989,3.94065530733e-07
1980,40,1603,1594,310,131,2,2,0.000627352572146,0.00125470514429,-7.87142499625e-07,1.00000000009,0.00125707003315,7.88626118666e-07
1980,40,1603,1594,310,140,2,3,0.000627352572146,0.00125470514429,NaN,NaN,0.00568179792903,1.78224527259e-06
1980,40,1603,1594,310,146,2,2,0.000627352572146,0.000627352572146,-3.93571249813e-07,1.00000000009,0.000628140455989,3.94065530733e-07
1980,40,1603,1594,310,149,2,2,0.000627352572146,0.000627352572146,-3.93571249813e-07,1.00000000009,0.000628140455989,3.94065530733e-07
1980,40,1603,1594,310,157,2,2,0.000627352572146,0.00125470514429,-7.87142499625e-07,1.00000000009,0.00125707003315,7.88626118666e-07
1980,40,1603,1594,310,159,2,2,0.000627352572146,0.00376411543287,-2.36142749865e-06,0.999999999995,0.00378070936923,2.37183774732e-06
1980,40,1603,1594,310,164,2,2,0.000627352572146,0.000627352572146,-3.93571249813e-07,1.00000000009,0.000628140455989,3.94065530733e-07
1980,40,1603,1594,310,167,2,2,0.000627352572146,0.00313676286073,-1.96785624884e-06,0.999999999976,0.00314860839015,1.97528757224e-06
1980,40,1603,1594,310,177,2,2,0.000627352572146,0.000627352572146,-3.93571249813e-07,1.00000000009,0.000628140455989,3.94065530733e-07
1980,40,1603,1593,310,186,2,2,0.000627746390458,0.000627746390458,-3.94065530762e-07,1.00000000007,0.000628535264261,3.94560743416e-07
1980,40,1603,1594,310,188,2,2,0.000627352572146,0.00627352572146,-3.93571249779e-06,1.0,0.00631709435853,3.96304539431e-06
1980,40,1603,1594,310,192,2,3,0.000627352572146,0.000627352572146,NaN,NaN,0.00125707003315,3.94313059333e-07
1980,40,1603,1594,310,198,2,2,0.000627352572146,0.00313676286073,-1.96785624884e-06,0.999999999976,0.00314860839015,1.97528757224e-06
1980,40,1603,1594,310,200,2,2,0.000627352572146,0.00125470514429,-7.87142499625e-07,1.00000000009,0.00125707003315,7.88626118666e-07
1980,40,1603,1594,310,207,2,2,0.000627352572146,0.00815558343789,-5.11642624712e-06,1.0,0.00822780563129,5.16173502591e-06
1980,40,1603,1594,310,208,2,2,0.000627352572146,0.000627352572146,-3.93571249813e-07,1.00000000009,0.000628140455989,3.94065530733e-07
1980,40,1603,1594,310,211,2,2,0.000627352572146,0.000627352572146,-3.93571249813e-07,1.00000000009,0.000628140455989,3.94065530733e-07
1980,40,1603,1594,310,215,2,2,0.000627352572146,0.00125470514429,-7.87142499625e-07,1.00000000009,0.00125707003315,7.88626118666e-07
1980,40,1603,1594,310,218,2,3,0.000627352572146,0.00125470514429,NaN,NaN,0.00504730262996,1.58321914365e-06
1980,40,1603,1594,310,220,2,2,0.000627352572146,0.00125470514429,-7.87142499625e-07,1.00000000009,0.00125707003315,7.88626118666e-07
1980,40,1603,1594,310,221,2,3,0.000627352572146,0.000627352572146,NaN,NaN,0.00125707003315,3.94313059333e-07
1980,40,1603,1594,310,222,2,2,0.000627352572146,0.000627352572146,-3.93571249813e-07,1.00000000009,0.000628140455989,3.94065530733e-07
1980,40,1603,1594,310,226,2,2,0.000627352572146,0.000627352572146,-3.93571249813e-07,1.00000000009,0.000628140455989,3.94065530733e-07
1980,40,1603,1594,310,227,2,2,0.000627352572146,0.000627352572146,-3.93571249813e-07,1.00000000009,0.000628140455989,3.94065530733e-07
1980,40,1603,1594,310,232,2,2,0.000627352572146,0.000627352572146,-3.93571249813e-07,1.00000000009,0.000628140455989,3.94065530733e-07
1980,40,1603,1594,310,233,2,2,0.000627352572146,0.000627352572146,-3.93571249813e-07,1.00000000009,0.000628140455989,3.94065530733e-07
1980,40,1603,1594,310,240,2,2,0.000627352572146,0.00188205771644,-1.18071374933e-06,0.999999999995,0.00188679021947,1.18368269728e-06
1980,40,1603,1594,310,244,2,2,0.000627352572146,0.000627352572146,-3.93571249813e-07,1.00000000009,0.000628140455989,3.94065530733e-07
1980,40,1603,1594,310,245,2,2,0.000627352572146,0.000627352572146,-3.93571249813e-07,1.00000000009,0.000628140455989,3.94065530733e-07
1980,40,1603,1594,311,15,2,2,0.000627352572146,0.000627352572146,-3.93571249813e-07,1.00000000009,0.000628140455989,3.94065530733e-07
1980,40,1603,1594,311,20,2,3,0.000627352572146,0.000627352572146,NaN,NaN,0.00125707003315,3.94313059333e-07
1980,40,1603,1594,311,22,2,2,0.000627352572146,0.00125470514429,-7.87142499625e-07,1.00000000009,0.00125707003315,7.88626118666e-07
1980,40,1603,1594,311,26,2,2,0.000627352572146,0.00376411543287,-2.36142749865e-06,0.999999999995,0.00378070936923,2.37183774732e-06
1980,40,1603,1594,311,33,2,2,0.000627352572146,0.000627352572146,-3.93571249813e-07,1.00000000009,0.000628140455989,3.94065530733e-07
1980,40,1603,1594,311,35,2,2,0.000627352572146,0.000627352572146,-3.93571249813e-07,1.00000000009,0.000628140455989,3.94065530733e-07
1980,40,1603,1594,311,46,2,3,0.000627352572146,0.000627352572146,NaN,NaN,0.00125707003315,3.94313059333e-07
1980,40,1603,1594,311,48,2,2,0.000627352572146,0.000627352572146,-3.93571249813e-07,1.00000000009,0.000628140455989,3.94065530733e-07
1980,40,1603,1594,311,49,2,2,0.000627352572146,0.000627352572146,-3.93571249813e-07,1.00000000009,0.000628140455989,3.94065530733e-07
1980,40,1603,1594,311,55,2,2,0.000627352572146,0.000627352572146,-3.93571249813e-07,1.00000000009,0.000628140455989,3.94065530733e-07
1980,40,1603,1594,311,60,2,2,0.000627352572146,0.000627352572146,-3.93571249813e-07,1.00000000009,0.000628140455989,3.94065530733e-07
1980,40,1603,1594,311,64,2,2,0.000627352572146,0.00250941028858,-1.57428499914e-06,1.00000000002,0.00251730250664,1.57923620241e-06
1980,40,1603,1594,311,73,2,2,0.000627352572146,0.000627352572146,-3.93571249813e-07,1.00000000009,0.000628140455989,3.94065530733e-07
1980,40,1603,1594,311,77,2,2,0.000627352572146,0.00376411543287,-2.36142749865e-06,0.999999999995,0.00378070936923,2.37183774732e-06
1980,40,1603,1594,311,94,2,2,0.000627352572146,0.000627352572146,-3.93571249813e-07,1.00000000009,0.000628140455989,3.94065530733e-07
1980,40,1603,1594,311,97,2,3,0.000627352572146,0.000627352572146,NaN,NaN,0.00125707003315,3.94313059333e-07
1980,40,1603,1594,311,101,2,2,0.000627352572146,0.00125470514429,-7.87142499625e-07,1.00000000009,0.00125707003315,7.88626118666e-07
1980,40,1603,1594,311,105,2,2,0.000627352572146,0.29234629862,-0.000183404202396,1.0,0.413379902321,0.000259334944994
1980,40,1603,1594,311,115,2,2,0.000627352572146,0.000627352572146,-3.93571249813e-07,1.00000000009,0.000628140455989,3.94065530733e-07
1980,40,1603,1594,311,123,2,3,0.000627352572146,0.000627352572146,NaN,NaN,0.00251730250664,7.89618101205e-07
1980,40,1603,1594,311,124,2,2,0.000627352572146,0.00188205771644,-1.18071374933e-06,0.999999999995,0.00188679021947,1.18368269728e-06
1980,40,1603,1594,311,130,2,2,0.000627352572146,0.000627352572146,-3.93571249813e-07,1.00000000009,0.000628140455989,3.94065530733e-07
1980,40,1603,1594,311,131,2,2,0.000627352572146,0.00125470514429,-7.87142499625e-07,1.00000000009,0.00125707003315,7.88626118666e-07
1980,40,1603,1594,311,140,2,3,0.000627352572146,0.00125470514429,NaN,NaN,0.00568179792903,1.78224527259e-06
1980,40,1603,1594,311,146,2,2,0.000627352572146,0.000627352572146,-3.93571249813e-07,1.00000000009,0.000628140455989,3.94065530733e-07
1980,40,1603,1594,311,149,2,2,0.000627352572146,0.000627352572146,-3.93571249813e-07,1.00000000009,0.000628140455989,3.94065530733e-07
1980,40,1603,1594,311,157,2,2,0.000627352572146,0.00125470514429,-7.87142499625e-07,1.00000000009,0.00125707003315,7.88626118666e-07
1980,40,1603,1594,311,159,2,2,0.000627352572146,0.00376411543287,-2.36142749865e-06,0.999999999995,0.00378070936923,2.37183774732e-06
1980,40,1603,1594,311,164,2,2,0.000627352572146,0.000627352572146,-3.93571249813e-07,1.00000000009,0.000628140455989,3.94065530733e-07
1980,40,1603,1594,311,167,2,2,0.000627352572146,0.00313676286073,-1.96785624884e-06,0.999999999976,0.00314860839015,1.97528757224e-06
1980,40,1603,1594,311,177,2,2,0.000627352572146,0.000627352572146,-3.93571249813e-07,1.00000000009,0.000628140455989,3.94065530733e-07
1980,40,1603,1593,311,186,2,2,0.000627746390458,0.000627746390458,-3.94065530762e-07,1.00000000007,0.000628535264261,3.94560743416e-07
1980,40,1603,1594,311,188,2,2,0.000627352572146,0.00627352572146,-3.93571249779e-06,1.0,0.00631709435853,3.96304539431e-06
1980,40,1603,1594,311,192,2,3,0.000627352572146,0.000627352572146,NaN,NaN,0.00125707003315,3.94313059333e-07
1980,40,1603,1594,311,198,2,2,0.000627352572146,0.00313676286073,-1.96785624884e-06,0.999999999976,0.00314860839015,1.97528757224e-06
1980,40,1603,1594,311,200,2,2,0.000627352572146,0.00125470514429,-7.87142499625e-07,1.00000000009,0.00125707003315,7.88626118666e-07
1980,40,1603,1594,311,207,2,2,0.000627352572146,0.00815558343789,-5.11642624712e-06,1.0,0.00822780563129,5.16173502591e-06
1980,40,1603,1594,311,208,2,2,0.000627352572146,0.000627352572146,-3.93571249813e-07,1.00000000009,0.000628140455989,3.94065530733e-07
1980,40,1603,1594,311,211,2,2,0.000627352572146,0.000627352572146,-3.93571249813e-07,1.00000000009,0.000628140455989,3.94065530733e-07
1980,40,1603,1594,311,215,2,2,0.000627352572146,0.00125470514429,-7.87142499625e-07,1.00000000009,0.00125707003315,7.88626118666e-07
1980,40,1603,1594,311,218,2,3,0.000627352572146,0.00125470514429,NaN,NaN,0.00504730262996,1.58321914365e-06
1980,40,1603,1594,311,220,2,2,0.000627352572146,0.00125470514429,-7.87142499625e-07,1.00000000009,0.00125707003315,7.88626118666e-07
1980,40,1603,1594,311,221,2,3,0.000627352572146,0.000627352572146,NaN,NaN,0.00125707003315,3.94313059333e-07
1980,40,1603,1594,311,222,2,2,0.000627352572146,0.000627352572146,-3.93571249813e-07,1.00000000009,0.000628140455989,3.94065530733e-07
1980,40,1603,1594,311,226,2,2,0.000627352572146,0.000627352572146,-3.93571249813e-07,1.00000000009,0.000628140455989,3.94065530733e-07
1980,40,1603,1594,311,227,2,2,0.000627352572146,0.000627352572146,-3.93571249813e-07,1.00000000009,0.000628140455989,3.94065530733e-07
1980,40,1603,1594,311,232,2,2,0.000627352572146,0.000627352572146,-3.93571249813e-07,1.00000000009,0.000628140455989,3.94065530733e-07
1980,40,1603,1594,311,233,2,2,0.000627352572146,0.000627352572146,-3.93571249813e-07,1.00000000009,0.000628140455989,3.94065530733e-07
1980,40,1603,1594,311,240,2,2,0.000627352572146,0.00188205771644,-1.18071374933e-06,0.999999999995,0.00188679021947,1.18368269728e-06
1980,40,1603,1594,311,244,2,2,0.000627352572146,0.000627352572146,-3.93571249813e-07,1.00000000009,0.000628140455989,3.94065530733e-07
1980,40,1603,1594,311,245,2,2,0.000627352572146,0.000627352572146,-3.93571249813e-07,1.00000000009,0.000628140455989,3.94065530733e-07
1980,40,1603,1594,314,15,2,2,0.000627352572146,0.000627352572146,-3.93571249813e-07,1.00000000009,0.000628140455989,3.94065530733e-07
1980,40,1603,1594,314,20,2,3,0.000627352572146,0.000627352572146,NaN,NaN,0.00125707003315,3.94313059333e-07
1980,40,1603,1594,314,22,2,2,0.000627352572146,0.00125470514429,-7.87142499625e-07,1.00000000009,0.00125707003315,7.88626118666e-07
1980,40,1603,1594,314,26,2,2,0.000627352572146,0.00376411543287,-2.36142749865e-06,0.999999999995,0.00378070936923,2.37183774732e-06
1980,40,1603,1594,314,33,2,2,0.000627352572146,0.000627352572146,-3.93571249813e-07,1.00000000009,0.000628140455989,3.94065530733e-07
1980,40,1603,1594,314,35,2,2,0.000627352572146,0.000627352572146,-3.93571249813e-07,1.00000000009,0.000628140455989,3.94065530733e-07
1980,40,1603,1594,314,46,2,3,0.000627352572146,0.000627352572146,NaN,NaN,0.00125707003315,3.94313059333e-07
1980,40,1603,1594,314,48,2,2,0.000627352572146,0.000627352572146,-3.93571249813e-07,1.00000000009,0.000628140455989,3.94065530733e-07
1980,40,1603,1594,314,49,2,2,0.000627352572146,0.000627352572146,-3.93571249813e-07,1.00000000009,0.000628140455989,3.94065530733e-07
1980,40,1603,1594,314,55,2,2,0.000627352572146,0.000627352572146,-3.93571249813e-07,1.00000000009,0.000628140455989,3.94065530733e-07
1980,40,1603,1594,314,60,2,2,0.000627352572146,0.000627352572146,-3.93571249813e-07,1.00000000009,0.000628140455989,3.94065530733e-07
1980,40,1603,1594,314,64,2,2,0.000627352572146,0.00250941028858,-1.57428499914e-06,1.00000000002,0.00251730250664,1.57923620241e-06
1980,40,1603,1594,314,73,2,2,0.000627352572146,0.000627352572146,-3.93571249813e-07,1.00000000009,0.000628140455989,3.94065530733e-07
1980,40,1603,1594,314,77,2,2,0.000627352572146,0.00376411543287,-2.36142749865e-06,0.999999999995,0.00378070936923,2.37183774732e-06
1980,40,1603,1594,314,94,2,2,0.000627352572146,0.000627352572146,-3.93571249813e-07,1.00000000009,0.000628140455989,3.94065530733e-07
1980,40,1603,1594,314,97,2,3,0.000627352572146,0.000627352572146,NaN,NaN,0.00125707003315,3.94313059333e-07
1980,40,1603,1594,314,101,2,2,0.000627352572146,0.00125470514429,-7.87142499625e-07,1.00000000009,0.00125707003315,7.88626118666e-07
1980,40,1603,1594,314,105,2,2,0.000627352572146,0.29234629862,-0.000183404202396,1.0,0.413379902321,0.000259334944994
1980,40,1603,1594,314,115,2,2,0.000627352572146,0.000627352572146,-3.93571249813e-07,1.00000000009,0.000628140455989,3.94065530733e-07
1980,40,1603,1594,314,123,2,3,0.000627352572146,0.000627352572146,NaN,NaN,0.00251730250664,7.89618101205e-07
1980,40,1603,1594,314,124,2,2,0.000627352572146,0.00188205771644,-1.18071374933e-06,0.999999999995,0.00188679021947,1.18368269728e-06
1980,40,1603,1594,314,130,2,2,0.000627352572146,0.000627352572146,-3.93571249813e-07,1.00000000009,0.000628140455989,3.94065530733e-07
1980,40,1603,1594,314,131,2,2,0.000627352572146,0.00125470514429,-7.87142499625e-07,1.00000000009,0.00125707003315,7.88626118666e-07
1980,40,1603,1594,314,140,2,3,0.000627352572146,0.00125470514429,NaN,NaN,0.00568179792903,1.78224527259e-06
1980,40,1603,1594,314,146,2,2,0.000627352572146,0.000627352572146,-3.93571249813e-07,1.00000000009,0.000628140455989,3.94065530733e-07
1980,40,1603,1594,314,149,2,2,0.000627352572146,0.000627352572146,-3.93571249813e-07,1.00000000009,0.000628140455989,3.94065530733e-07
1980,40,1603,1594,314,157,2,2,0.000627352572146,0.00125470514429,-7.87142499625e-07,1.00000000009,0.00125707003315,7.88626118666e-07
1980,40,1603,1594,314,159,2,2,0.000627352572146,0.00376411543287,-2.36142749865e-06,0.999999999995,0.00378070936923,2.37183774732e-06
1980,40,1603,1594,314,164,2,2,0.000627352572146,0.000627352572146,-3.93571249813e-07,1.00000000009,0.000628140455989,3.94065530733e-07
1980,40,1603,1594,314,167,2,2,0.000627352572146,0.00313676286073,-1.96785624884e-06,0.999999999976,0.00314860839015,1.97528757224e-06
1980,40,1603,1594,314,177,2,2,0.000627352572146,0.000627352572146,-3.93571249813e-07,1.00000000009,0.000628140455989,3.94065530733e-07
1980,40,1603,1593,314,186,2,2,0.000627746390458,0.000627746390458,-3.94065530762e-07,1.00000000007,0.000628535264261,3.94560743416e-07
1980,40,1603,1594,314,188,2,2,0.000627352572146,0.00627352572146,-3.93571249779e-06,1.0,0.00631709435853,3.96304539431e-06
1980,40,1603,1594,314,192,2,3,0.000627352572146,0.000627352572146,NaN,NaN,0.00125707003315,3.94313059333e-07
1980,40,1603,1594,314,198,2,2,0.000627352572146,0.00313676286073,-1.96785624884e-06,0.999999999976,0.00314860839015,1.97528757224e-06
1980,40,1603,1594,314,200,2,2,0.000627352572146,0.00125470514429,-7.87142499625e-07,1.00000000009,0.00125707003315,7.88626118666e-07
1980,40,1603,1594,314,207,2,2,0.000627352572146,0.00815558343789,-5.11642624712e-06,1.0,0.00822780563129,5.16173502591e-06
1980,40,1603,1594,314,208,2,2,0.000627352572146,0.000627352572146,-3.93571249813e-07,1.00000000009,0.000628140455989,3.94065530733e-07
1980,40,1603,1594,314,211,2,2,0.000627352572146,0.000627352572146,-3.93571249813e-07,1.00000000009,0.000628140455989,3.94065530733e-07
1980,40,1603,1594,314,215,2,2,0.000627352572146,0.00125470514429,-7.87142499625e-07,1.00000000009,0.00125707003315,7.88626118666e-07
1980,40,1603,1594,314,218,2,3,0.000627352572146,0.00125470514429,NaN,NaN,0.00504730262996,1.58321914365e-06
1980,40,1603,1594,314,220,2,2,0.000627352572146,0.00125470514429,-7.87142499625e-07,1.00000000009,0.00125707003315,7.88626118666e-07
1980,40,1603,1594,314,221,2,3,0.000627352572146,0.000627352572146,NaN,NaN,0.00125707003315,3.94313059333e-07
1980,40,1603,1594,314,222,2,2,0.000627352572146,0.000627352572146,-3.93571249813e-07,1.00000000009,0.000628140455989,3.94065530733e-07
1980,40,1603,1594,314,226,2,2,0.000627352572146,0.000627352572146,-3.93571249813e-07,1.00000000009,0.000628140455989,3.94065530733e-07
1980,40,1603,1594,314,227,2,2,0.000627352572146,0.000627352572146,-3.93571249813e-07,1.00000000009,0.000628140455989,3.94065530733e-07
1980,40,1603,1594,314,232,2,2,0.000627352572146,0.000627352572146,-3.93571249813e-07,1.00000000009,0.000628140455989,3.94065530733e-07
1980,40,1603,1594,314,233,2,2,0.000627352572146,0.000627352572146,-3.93571249813e-07,1.00000000009,0.000628140455989,3.94065530733e-07
1980,40,1603,1594,314,240,2,2,0.000627352572146,0.00188205771644,-1.18071374933e-06,0.999999999995,0.00188679021947,1.18368269728e-06
1980,40,1603,1594,314,244,2,2,0.000627352572146,0.000627352572146,-3.93571249813e-07,1.00000000009,0.000628140455989,3.94065530733e-07
1980,40,1603,1594,314,245,2,2,0.000627352572146,0.000627352572146,-3.93571249813e-07,1.00000000009,0.000628140455989,3.94065530733e-07
1980,40,1603,1593,320,15,2,2,0.000627746390458,0.000627746390458,-3.94065530762e-07,1.00000000007,0.000628535264261,3.94560743416e-07
1980,40,1603,1593,320,20,2,3,0.000627746390458,0.000627746390458,NaN,NaN,0.00125786064199,3.94808738855e-07
1980,40,1603,1593,320,22,2,2,0.000627746390458,0.00125549278092,-7.88131061413e-07,0.999999999932,0.00125786064199,7.89617477709e-07
1980,40,1603,1593,320,26,2,2,0.000627746390458,0.00376647834275,-2.36439318435e-06,0.999999999979,0.00378309315956,2.37482307568e-06
1980,40,1603,1593,320,33,2,2,0.000627746390458,0.000627746390458,-3.94065530762e-07,1.00000000007,0.000628535264261,3.94560743416e-07
1980,40,1603,1593,320,35,2,2,0.000627746390458,0.000627746390458,-3.94065530762e-07,1.00000000007,0.000628535264261,3.94560743416e-07
1980,40,1603,1593,320,46,2,3,0.000627746390458,0.000627746390458,NaN,NaN,0.00125786064199,3.94808738855e-07
1980,40,1603,1593,320,48,2,2,0.000627746390458,0.000627746390458,-3.94065530762e-07,1.00000000007,0.000628535264261,3.94560743416e-07
1980,40,1603,1593,320,49,2,2,0.000627746390458,0.000627746390458,-3.94065530762e-07,1.00000000007,0.000628535264261,3.94560743416e-07
1980,40,1603,1593,320,55,2,2,0.000627746390458,0.000627746390458,-3.94065530762e-07,1.00000000007,0.000628535264261,3.94560743416e-07
1980,40,1603,1593,320,60,2,2,0.000627746390458,0.000627746390458,-3.94065530762e-07,1.00000000007,0.000628535264261,3.94560743416e-07
1980,40,1603,1593,320,64,2,2,0.000627746390458,0.00251098556183,-1.57626212294e-06,1.0,0.00251888770473,1.58122266461e-06
1980,40,1603,1593,320,73,2,2,0.000627746390458,0.000627746390458,-3.94065530762e-07,1.00000000007,0.000628535264261,3.94560743416e-07
1980,40,1603,1593,320,77,2,2,0.000627746390458,0.00376647834275,-2.36439318435e-06,0.999999999979,0.00378309315956,2.37482307568e-06
1980,40,1603,1593,320,94,2,2,0.000627746390458,0.000627746390458,-3.94065530762e-07,1.00000000007,0.000628535264261,3.94560743416e-07
1980,40,1603,1593,320,97,2,3,0.000627746390458,0.000627746390458,NaN,NaN,0.00125786064199,3.94808738855e-07
1980,40,1603,1593,320,101,2,2,0.000627746390458,0.00125549278092,-7.88131061413e-07,0.999999999932,0.00125786064199,7.89617477709e-07
1980,40,1603,1593,320,105,2,2,0.000627746390458,0.292529817954,-0.000183634537322,0.999999999999,0.413746862083,0.000259728099236
1980,40,1603,1593,320,115,2,2,0.000627746390458,0.000627746390458,-3.94065530762e-07,1.00000000007,0.000628535264261,3.94560743416e-07
1980,40,1603,1593,320,123,2,3,0.000627746390458,0.000627746390458,NaN,NaN,0.00251888770473,7.90611332307e-07
1980,40,1603,1593,320,124,2,2,0.000627746390458,0.00188323917137,-1.18219659218e-06,0.999999999979,0.00188797762397,1.18517113871e-06
1980,40,1603,1593,320,130,2,2,0.000627746390458,0.000627746390458,-3.94065530762e-07,1.00000000007,0.000628535264261,3.94560743416e-07
1980,40,1603,1593,320,131,2,2,0.000627746390458,0.00125549278092,-7.88131061413e-07,0.999999999932,0.00125786064199,7.89617477709e-07
1980,40,1603,1593,320,140,2,3,0.000627746390458,0.00125549278092,NaN,NaN,0.00568538716309,1.78449063499e-06
1980,40,1603,1593,320,146,2,2,0.000627746390458,0.000627746390458,-3.94065530762e-07,1.00000000007,0.000628535264261,3.94560743416e-07
1980,40,1603,1593,320,149,2,2,0.000627746390458,0.000627746390458,-3.94065530762e-07,1.00000000007,0.000628535264261,3.94560743416e-07
1980,40,1603,1593,320,157,2,2,0.000627746390458,0.00125549278092,-7.88131061413e-07,0.999999999932,0.00125786064199,7.89617477709e-07
1980,40,1603,1593,320,159,2,2,0.000627746390458,0.00376647834275,-2.36439318435e-06,0.999999999979,0.00378309315956,2.37482307568e-06
1980,40,1603,1593,320,164,2,2,0.000627746390458,0.000627746390458,-3.94065530762e-07,1.00000000007,0.000628535264261,3.94560743416e-07
1980,40,1603,1593,320,167,2,2,0.000627746390458,0.00313873195229,-1.9703276537e-06,1.00000000002,0.00315059238257,1.97777299596e-06
1980,40,1603,1593,320,177,2,2,0.000627746390458,0.000627746390458,-3.94065530762e-07,1.00000000007,0.000628535264261,3.94560743416e-07
1980,40,1603,1592,320,186,2,2,0.000628140703518,0.000628140703518,-3.94560743411e-07,0.999999999988,0.000628930569147,3.95056890167e-07
1980,40,1603,1593,320,188,2,2,0.000627746390458,0.00627746390458,-3.94065530729e-06,0.999999999989,0.00632108743338,3.96803982007e-06
1980,40,1603,1593,320,192,2,3,0.000627746390458,0.000627746390458,NaN,NaN,0.00125786064199,3.94808738855e-07
1980,40,1603,1593,320,198,2,2,0.000627746390458,0.00313873195229,-1.9703276537e-06,1.00000000002,0.00315059238257,1.97777299596e-06
1980,40,1603,1593,320,200,2,2,0.000627746390458,0.00125549278092,-7.88131061413e-07,0.999999999932,0.00125786064199,7.89617477709e-07
1980,40,1603,1593,320,207,2,2,0.000627746390458,0.00816070307596,-5.12285189957e-06,1.00000000001,0.00823301634756,5.16824629476e-06
1980,40,1603,1593,320,208,2,2,0.000627746390458,0.000627746390458,-3.94065530762e-07,1.00000000007,0.000628535264261,3.94560743416e-07
1980,40,1603,1593,320,211,2,2,0.000627746390458,0.000627746390458,-3.94065530762e-07,1.00000000007,0.000628535264261,3.94560743416e-07
1980,40,1603,1593,320,215,2,2,0.000627746390458,0.00125549278092,-7.88131061413e-07,0.999999999932,0.00125786064199,7.89617477709e-07
1980,40,1603,1593,320,218,2,3,0.000627746390458,0.00125549278092,NaN,NaN,0.00505048903825,1.58521313191e-06
1980,40,1603,1593,320,220,2,2,0.000627746390458,0.00125549278092,-7.88131061413e-07,0.999999999932,0.00125786064199,7.89617477709e-07
1980,40,1603,1593,320,221,2,3,0.000627746390458,0.000627746390458,NaN,NaN,0.00125786064199,3.94808738855e-07
1980,40,1603,1593,320,222,2,2,0.000627746390458,0.000627746390458,-3.94065530762e-07,1.00000000007,0.000628535264261,3.94560743416e-07
1980,40,1603,1593,320,226,2,2,0.000627746390458,0.000627746390458,-3.94065530762e-07,1.00000000007,0.000628535264261,3.94560743416e-07
1980,40,1603,1593,320,227,2,2,0.000627746390458,0.000627746390458,-3.94065530762e-07,1.00000000007,0.000628535264261,3.94560743416e-07
1980,40,1603,1593,320,232,2,2,0.000627746390458,0.000627746390458,-3.94065530762e-07,1.00000000007,0.000628535264261,3.94560743416e-07
1980,40,1603,1593,320,233,2,2,0.000627746390458,0.000627746390458,-3.94065530762e-07,1.00000000007,0.000628535264261,3.94560743416e-07
1980,40,1603,1593,320,240,2,2,0.000627746390458,0.00188323917137,-1.18219659218e-06,0.999999999979,0.00188797762397,1.18517113871e-06
1980,40,1603,1593,320,244,2,2,0.000627746390458,0.000627746390458,-3.94065530762e-07,1.00000000007,0.000628535264261,3.94560743416e-07
1980,40,1603,1593,320,245,2,2,0.000627746390458,0.000627746390458,-3.94065530762e-07,1.00000000007,0.000628535264261,3.94560743416e-07
1980,40,1603,1593,323,15,2,2,0.00125549278092,0.000627746390458,-7.88131061413e-07,0.999999999932,0.00125786064199,7.89617477709e-07
1980,40,1603,1593,323,20,2,3,0.00125549278092,0.000627746390458,NaN,NaN,0.00251730250415,7.90113780335e-07
1980,40,1603,1593,323,22,2,2,0.00125549278092,0.00125549278092,-1.57626212294e-06,1.0,0.00251730250415,1.58022756067e-06
1980,40,1603,1593,323,26,2,2,0.00125549278092,0.00376647834275,-4.72878636881e-06,1.0,0.00757094193591,4.75263147264e-06
1980,40,1603,1593,323,33,2,2,0.00125549278092,0.000627746390458,-7.88131061413e-07,0.999999999932,0.00125786064199,7.89617477709e-07
1980,40,1603,1593,323,35,2,2,0.00125549278092,0.000627746390458,-7.88131061413e-07,0.999999999932,0.00125786064199,7.89617477709e-07
1980,40,1603,1593,323,46,2,3,0.00125549278092,0.000627746390458,NaN,NaN,0.00251730250415,7.90113780335e-07
1980,40,1603,1593,323,48,2,2,0.00125549278092,0.000627746390458,-7.88131061413e-07,0.999999999932,0.00125786064199,7.89617477709e-07
1980,40,1603,1593,323,49,2,2,0.00125549278092,0.000627746390458,-7.88131061413e-07,0.999999999932,0.00125786064199,7.89617477709e-07
1980,40,1603,1593,323,55,2,2,0.00125549278092,0.000627746390458,-7.88131061413e-07,0.999999999932,0.00125786064199,7.89617477709e-07
1980,40,1603,1593,323,60,2,2,0.00125549278092,0.000627746390458,-7.88131061413e-07,0.999999999932,0.00125786064199,7.89617477709e-07
1980,40,1603,1593,323,64,2,2,0.00125549278092,0.00251098556183,-3.15252424588e-06,1.0,0.00504094183021,3.16443303842e-06
1980,40,1603,1593,323,73,2,2,0.00125549278092,0.000627746390458,-7.88131061413e-07,0.999999999932,0.00125786064199,7.89617477709e-07
1980,40,1603,1593,323,77,2,2,0.00125549278092,0.00376647834275,-4.72878636881e-06,1.0,0.00757094193591,4.75263147264e-06
1980,40,1603,1593,323,94,2,2,0.00125549278092,0.000627746390458,-7.88131061413e-07,0.999999999932,0.00125786064199,7.89617477709e-07
1980,40,1603,1593,323,97,2,3,0.00125549278092,0.000627746390458,NaN,NaN,0.00251730250415,7.90113780335e-07
1980,40,1603,1593,323,101,2,2,0.00125549278092,0.00125549278092,-1.57626212294e-06,1.0,0.00251730250415,1.58022756067e-06
1980,40,1603,1593,323,105,2,2,0.00125549278092,0.292529817954,0.000888223706273,1.0,4.84299021049,0.00304016962366
1980,40,1603,1593,323,115,2,2,0.00125549278092,0.000627746390458,-7.88131061413e-07,0.999999999932,0.00125786064199,7.89617477709e-07
1980,40,1603,1593,323,123,2,3,0.00125549278092,0.000627746390458,NaN,NaN,0.00504094183021,1.58221651921e-06
1980,40,1603,1593,323,124,2,2,0.00125549278092,0.00188323917137,-2.36439318435e-06,0.999999999979,0.0037783285699,2.37183212172e-06
1980,40,1603,1593,323,130,2,2,0.00125549278092,0.000627746390458,-7.88131061413e-07,0.999999999932,0.00125786064199,7.89617477709e-07
1980,40,1603,1593,323,131,2,2,0.00125549278092,0.00125549278092,-1.57626212294e-06,1.0,0.00251730250415,1.58022756067e-06
1980,40,1603,1593,323,140,2,3,0.00125549278092,0.00125549278092,NaN,NaN,0.0113779212616,3.57122450146e-06
1980,40,1603,1593,323,146,2,2,0.00125549278092,0.000627746390458,-7.88131061413e-07,0.999999999932,0.00125786064199,7.89617477709e-07
1980,40,1603,1593,323,149,2,2,0.00125549278092,0.000627746390458,-7.88131061413e-07,0.999999999932,0.00125786064199,7.89617477709e-07
1980,40,1603,1593,323,157,2,2,0.00125549278092,0.00125549278092,-1.57626212294e-06,1.0,0.00251730250415,1.58022756067e-06
1980,40,1603,1593,323,159,2,2,0.00125549278092,0.00376647834275,-4.72878636881e-06,1.0,0.00757094193591,4.75263147264e-06
1980,40,1603,1593,323,164,2,2,0.00125549278092,0.000627746390458,-7.88131061413e-07,0.999999999932,0.00125786064199,7.89617477709e-07
1980,40,1603,1593,323,167,2,2,0.00125549278092,0.00313873195229,-3.94065530729e-06,0.999999999989,0.00630514528353,3.95803219305e-06
1980,40,1603,1593,323,177,2,2,0.00125549278092,0.000627746390458,-7.88131061413e-07,0.999999999932,0.00125786064199,7.89617477709e-07
1980,40,1603,1592,323,186,2,2,0.00125628140704,0.000628140703518,-7.89121486822e-07,0.999999999988,0.00125865224593,7.90610707241e-07
1980,40,1603,1593,323,188,2,2,0.00125549278092,0.00627746390458,-7.88131061469e-06,1.0,0.0126501209226,7.94106774803e-06
1980,40,1603,1593,323,192,2,3,0.00125549278092,0.000627746390458,NaN,NaN,0.00251730250415,7.90113780335e-07
1980,40,1603,1593,323,198,2,2,0.00125549278092,0.00313873195229,-3.94065530729e-06,0.999999999989,0.00630514528353,3.95803219305e-06
1980,40,1603,1593,323,200,2,2,0.00125549278092,0.00125549278092,-1.57626212294e-06,1.0,0.00251730250415,1.58022756067e-06
1980,40,1603,1593,323,207,2,2,0.00125549278092,0.00816070307596,-1.0245703799e-05,0.999999999997,0.0164763821814,1.03429894422e-05
1980,40,1603,1593,323,208,2,2,0.00125549278092,0.000627746390458,-7.88131061413e-07,0.999999999932,0.00125786064199,7.89617477709e-07
1980,40,1603,1593,323,211,2,2,0.00125549278092,0.000627746390458,-7.88131061413e-07,0.999999999932,0.00125786064199,7.89617477709e-07
1980,40,1603,1593,323,215,2,2,0.00125549278092,0.00125549278092,-1.57626212294e-06,1.0,0.00251730250415,1.58022756067e-06
1980,40,1603,1593,323,218,2,3,0.00125549278092,0.00125549278092,NaN,NaN,0.0101073268999,3.17241898931e-06
1980,40,1603,1593,323,220,2,2,0.00125549278092,0.00125549278092,-1.57626212294e-06,1.0,0.00251730250415,1.58022756067e-06
1980,40,1603,1593,323,221,2,3,0.00125549278092,0.000627746390458,NaN,NaN,0.00251730250415,7.90113780335e-07
1980,40,1603,1593,323,222,2,2,0.00125549278092,0.000627746390458,-7.88131061413e-07,0.999999999932,0.00125786064199,7.89617477709e-07
1980,40,1603,1593,323,226,2,2,0.00125549278092,0.000627746390458,-7.88131061413e-07,0.999999999932,0.00125786064199,7.89617477709e-07
1980,40,1603,1593,323,227,2,2,0.00125549278092,0.000627746390458,-7.88131061413e-07,0.999999999932,0.00125786064199,7.89617477709e-07
1980,40,1603,1593,323,232,2,2,0.00125549278092,0.000627746390458,-7.88131061413e-07,0.999999999932,0.00125786064199,7.89617477709e-07
1980,40,1603,1593,323,233,2,2,0.00125549278092,0.000627746390458,-7.88131061413e-07,0.999999999932,0.00125786064199,7.89617477709e-07
1980,40,1603,1593,323,240,2,2,0.00125549278092,0.00188323917137,-2.36439318435e-06,0.999999999979,0.0037783285699,2.37183212172e-06
1980,40,1603,1593,323,244,2,2,0.00125549278092,0.000627746390458,-7.88131061413e-07,0.999999999932,0.00125786064199,7.89617477709e-07
1980,40,1603,1593,323,245,2,2,0.00125549278092,0.000627746390458,-7.88131061413e-07,0.999999999932,0.00125786064199,7.89617477709e-07
1980,40,1603,1593,332,15,2,2,0.000627746390458,0.000627746390458,-3.94065530762e-07,1.00000000007,0.000628535264261,3.94560743416e-07
1980,40,1603,1593,332,20,2,3,0.000627746390458,0.000627746390458,NaN,NaN,0.00125786064199,3.94808738855e-07
1980,40,1603,1593,332,22,2,2,0.000627746390458,0.00125549278092,-7.88131061413e-07,0.999999999932,0.00125786064199,7.89617477709e-07
1980,40,1603,1593,332,26,2,2,0.000627746390458,0.00376647834275,-2.36439318435e-06,0.999999999979,0.00378309315956,2.37482307568e-06
1980,40,1603,1593,332,33,2,2,0.000627746390458,0.000627746390458,-3.94065530762e-07,1.00000000007,0.000628535264261,3.94560743416e-07
1980,40,1603,1593,332,35,2,2,0.000627746390458,0.000627746390458,-3.94065530762e-07,1.00000000007,0.000628535264261,3.94560743416e-07
1980,40,1603,1593,332,46,2,3,0.000627746390458,0.000627746390458,NaN,NaN,0.00125786064199,3.94808738855e-07
1980,40,1603,1593,332,48,2,2,0.000627746390458,0.000627746390458,-3.94065530762e-07,1.00000000007,0.000628535264261,3.94560743416e-07
1980,40,1603,1593,332,49,2,2,0.000627746390458,0.000627746390458,-3.94065530762e-07,1.00000000007,0.000628535264261,3.94560743416e-07
1980,40,1603,1593,332,55,2,2,0.000627746390458,0.000627746390458,-3.94065530762e-07,1.00000000007,0.000628535264261,3.94560743416e-07
1980,40,1603,1593,332,60,2,2,0.000627746390458,0.000627746390458,-3.94065530762e-07,1.00000000007,0.000628535264261,3.94560743416e-07
1980,40,1603,1593,332,64,2,2,0.000627746390458,0.00251098556183,-1.57626212294e-06,1.0,0.00251888770473,1.58122266461e-06
1980,40,1603,1593,332,73,2,2,0.000627746390458,0.000627746390458,-3.94065530762e-07,1.00000000007,0.000628535264261,3.94560743416e-07
1980,40,1603,1593,332,77,2,2,0.000627746390458,0.00376647834275,-2.36439318435e-06,0.999999999979,0.00378309315956,2.37482307568e-06
1980,40,1603,1593,332,94,2,2,0.000627746390458,0.000627746390458,-3.94065530762e-07,1.00000000007,0.000628535264261,3.94560743416e-07
1980,40,1603,1593,332,97,2,3,0.000627746390458,0.000627746390458,NaN,NaN,0.00125786064199,3.94808738855e-07
1980,40,1603,1593,332,101,2,2,0.000627746390458,0.00125549278092,-7.88131061413e-07,0.999999999932,0.00125786064199,7.89617477709e-07
1980,40,1603,1593,332,105,2,2,0.000627746390458,0.292529817954,-0.000183634537322,0.999999999999,0.413746862083,0.000259728099236
1980,40,1603,1593,332,115,2,2,0.000627746390458,0.000627746390458,-3.94065530762e-07,1.00000000007,0.000628535264261,3.94560743416e-07
1980,40,1603,1593,332,123,2,3,0.000627746390458,0.000627746390458,NaN,NaN,0.00251888770473,7.90611332307e-07
1980,40,1603,1593,332,124,2,2,0.000627746390458,0.00188323917137,-1.18219659218e-06,0.999999999979,0.00188797762397,1.18517113871e-06
1980,40,1603,1593,332,130,2,2,0.000627746390458,0.000627746390458,-3.94065530762e-07,1.00000000007,0.000628535264261,3.94560743416e-07
1980,40,1603,1593,332,131,2,2,0.000627746390458,0.00125549278092,-7.88131061413e-07,0.999999999932,0.00125786064199,7.89617477709e-07
1980,40,1603,1593,332,140,2,3,0.000627746390458,0.00125549278092,NaN,NaN,0.00568538716309,1.78449063499e-06
1980,40,1603,1593,332,146,2,2,0.000627746390458,0.000627746390458,-3.94065530762e-07,1.00000000007,0.000628535264261,3.94560743416e-07
1980,40,1603,1593,332,149,2,2,0.000627746390458,0.000627746390458,-3.94065530762e-07,1.00000000007,0.000628535264261,3.94560743416e-07
1980,40,1603,1593,332,157,2,2,0.000627746390458,0.00125549278092,-7.88131061413e-07,0.999999999932,0.00125786064199,7.89617477709e-07
1980,40,1603,1593,332,159,2,2,0.000627746390458,0.00376647834275,-2.36439318435e-06,0.999999999979,0.00378309315956,2.37482307568e-06
1980,40,1603,1593,332,164,2,2,0.000627746390458,0.000627746390458,-3.94065530762e-07,1.00000000007,0.000628535264261,3.94560743416e-07
1980,40,1603,1593,332,167,2,2,0.000627746390458,0.00313873195229,-1.9703276537e-06,1.00000000002,0.00315059238257,1.97777299596e-06
1980,40,1603,1593,332,177,2,2,0.000627746390458,0.000627746390458,-3.94065530762e-07,1.00000000007,0.000628535264261,3.94560743416e-07
1980,40,1603,1592,332,186,2,2,0.000628140703518,0.000628140703518,-3.94560743411e-07,0.999999999988,0.000628930569147,3.95056890167e-07
1980,40,1603,1593,332,188,2,2,0.000627746390458,0.00627746390458,-3.94065530729e-06,0.999999999989,0.00632108743338,3.96803982007e-06
1980,40,1603,1593,332,192,2,3,0.000627746390458,0.000627746390458,NaN,NaN,0.00125786064199,3.94808738855e-07
1980,40,1603,1593,332,198,2,2,0.000627746390458,0.00313873195229,-1.9703276537e-06,1.00000000002,0.00315059238257,1.97777299596e-06
1980,40,1603,1593,332,200,2,2,0.000627746390458,0.00125549278092,-7.88131061413e-07,0.999999999932,0.00125786064199,7.89617477709e-07
1980,40,1603,1593,332,207,2,2,0.000627746390458,0.00816070307596,-5.12285189957e-06,1.00000000001,0.00823301634756,5.16824629476e-06
1980,40,1603,1593,332,208,2,2,0.000627746390458,0.000627746390458,-3.94065530762e-07,1.00000000007,0.000628535264261,3.94560743416e-07
1980,40,1603,1593,332,211,2,2,0.000627746390458,0.000627746390458,-3.94065530762e-07,1.00000000007,0.000628535264261,3.94560743416e-07
1980,40,1603,1593,332,215,2,2,0.000627746390458,0.00125549278092,-7.88131061413e-07,0.999999999932,0.00125786064199,7.89617477709e-07
1980,40,1603,1593,332,218,2,3,0.000627746390458,0.00125549278092,NaN,NaN,0.00505048903825,1.58521313191e-06
1980,40,1603,1593,332,220,2,2,0.000627746390458,0.00125549278092,-7.88131061413e-07,0.999999999932,0.00125786064199,7.89617477709e-07
1980,40,1603,1593,332,221,2,3,0.000627746390458,0.000627746390458,NaN,NaN,0.00125786064199,3.94808738855e-07
1980,40,1603,1593,332,222,2,2,0.000627746390458,0.000627746390458,-3.94065530762e-07,1.00000000007,0.000628535264261,3.94560743416e-07
1980,40,1603,1593,332,226,2,2,0.000627746390458,0.000627746390458,-3.94065530762e-07,1.00000000007,0.000628535264261,3.94560743416e-07
1980,40,1603,1593,332,227,2,2,0.000627746390458,0.000627746390458,-3.94065530762e-07,1.00000000007,0.000628535264261,3.94560743416e-07
1980,40,1603,1593,332,232,2,2,0.000627746390458,0.000627746390458,-3.94065530762e-07,1.00000000007,0.000628535264261,3.94560743416e-07
1980,40,1603,1593,332,233,2,2,0.000627746390458,0.000627746390458,-3.94065530762e-07,1.00000000007,0.000628535264261,3.94560743416e-07
1980,40,1603,1593,332,240,2,2,0.000627746390458,0.00188323917137,-1.18219659218e-06,0.999999999979,0.00188797762397,1.18517113871e-06
1980,40,1603,1593,332,244,2,2,0.000627746390458,0.000627746390458,-3.94065530762e-07,1.00000000007,0.000628535264261,3.94560743416e-07
1980,40,1603,1593,332,245,2,2,0.000627746390458,0.000627746390458,-3.94065530762e-07,1.00000000007,0.000628535264261,3.94560743416e-07
1980,40,1603,1592,337,15,2,2,0.000628140703518,0.000628140703518,-3.94560743411e-07,0.999999999988,0.000628930569147,3.95056890167e-07
1980,40,1603,1592,337,20,2,3,0.000628140703518,0.000628140703518,NaN,NaN,0.00125865224593,3.9530535362e-07
1980,40,1603,1592,337,22,2,2,0.000628140703518,0.00125628140704,-7.89121486822e-07,0.999999999988,0.00125865224593,7.90610707241e-07
1980,40,1603,1592,337,26,2,2,0.000628140703518,0.00376884422111,-2.36736446046e-06,0.999999999988,0.0037854799578,2.37781404385e-06
1980,40,1603,1592,337,33,2,2,0.000628140703518,0.000628140703518,-3.94560743411e-07,0.999999999988,0.000628930569147,3.95056890167e-07
1980,40,1603,1592,337,35,2,2,0.000628140703518,0.000628140703518,-3.94560743411e-07,0.999999999988,0.000628930569147,3.95056890167e-07
1980,40,1603,1592,337,46,2,3,0.000628140703518,0.000628140703518,NaN,NaN,0.00125865224593,3.9530535362e-07
1980,40,1603,1592,337,48,2,2,0.000628140703518,0.000628140703518,-3.94560743411e-07,0.999999999988,0.000628930569147,3.95056890167e-07
1980,40,1603,1592,337,49,2,2,0.000628140703518,0.000628140703518,-3.94560743411e-07,0.999999999988,0.000628930569147,3.95056890167e-07
1980,40,1603,1592,337,55,2,2,0.000628140703518,0.000628140703518,-3.94560743411e-07,0.999999999988,0.000628930569147,3.95056890167e-07
1980,40,1603,1592,337,60,2,2,0.000628140703518,0.000628140703518,-3.94560743411e-07,0.999999999988,0.000628930569147,3.95056890167e-07
1980,40,1603,1592,337,64,2,2,0.000628140703518,0.00251256281407,-1.57824297375e-06,1.00000000006,0.00252047490053,1.58321287722e-06
1980,40,1603,1592,337,73,2,2,0.000628140703518,0.000628140703518,-3.94560743411e-07,0.999999999988,0.000628930569147,3.95056890167e-07
1980,40,1603,1592,337,77,2,2,0.000628140703518,0.00376884422111,-2.36736446046e-06,0.999999999988,0.0037854799578,2.37781404385e-06
1980,40,1603,1592,337,94,2,2,0.000628140703518,0.000628140703518,-3.94560743411e-07,0.999999999988,0.000628930569147,3.95056890167e-07
1980,40,1603,1592,337,97,2,3,0.000628140703518,0.000628140703518,NaN,NaN,0.00125865224593,3.9530535362e-07
1980,40,1603,1592,337,101,2,2,0.000628140703518,0.00125628140704,-7.89121486822e-07,0.999999999988,0.00125865224593,7.90610707241e-07
1980,40,1603,1592,337,105,2,2,0.000628140703518,0.292085427136,-0.000183470745688,1.0,0.412859156179,0.000259333640816
1980,40,1603,1592,337,115,2,2,0.000628140703518,0.000628140703518,-3.94560743411e-07,0.999999999988,0.000628930569147,3.95056890167e-07
1980,40,1603,1592,337,123,2,3,0.000628140703518,0.000628140703518,NaN,NaN,0.00252047490053,7.9160643861e-07
1980,40,1603,1592,337,124,2,2,0.000628140703518,0.00188442211055,-1.18368223023e-06,0.999999999988,0.00188916652394,1.18666238941e-06
1980,40,1603,1592,337,130,2,2,0.000628140703518,0.000628140703518,-3.94560743411e-07,0.999999999988,0.000628930569147,3.95056890167e-07
1980,40,1603,1592,337,131,2,2,0.000628140703518,0.00125628140704,-7.89121486822e-07,0.999999999988,0.00125865224593,7.90610707241e-07
1980,40,1603,1592,337,140,2,3,0.000628140703518,0.00125628140704,NaN,NaN,0.00568898093469,1.78674024331e-06
1980,40,1603,1592,337,146,2,2,0.000628140703518,0.000628140703518,-3.94560743411e-07,0.999999999988,0.000628930569147,3.95056890167e-07
1980,40,1603,1592,337,149,2,2,0.000628140703518,0.000628140703518,-3.94560743411e-07,0.999999999988,0.000628930569147,3.95056890167e-07
1980,40,1603,1592,337,157,2,2,0.000628140703518,0.00125628140704,-7.89121486822e-07,0.999999999988,0.00125865224593,7.90610707241e-07
1980,40,1603,1592,337,159,2,2,0.000628140703518,0.00376884422111,-2.36736446046e-06,0.999999999988,0.0037854799578,2.37781404385e-06
1980,40,1603,1592,337,164,2,2,0.000628140703518,0.000628140703518,-3.94560743411e-07,0.999999999988,0.000628930569147,3.95056890167e-07
1980,40,1603,1592,337,167,2,2,0.000628140703518,0.00314070351759,-1.97280371705e-06,0.999999999988,0.00315257887685,1.9802631136e-06
1980,40,1603,1592,337,177,2,2,0.000628140703518,0.000628140703518,-3.94560743411e-07,0.999999999988,0.000628930569147,3.95056890167e-07
1980,40,1603,1591,337,186,2,2,0.000628535512256,0.000628535512256,-3.95056890312e-07,1.00000000037,0.000629326371583,3.9555397334e-07
1980,40,1603,1592,337,188,2,2,0.000628140703518,0.00628140703518,-3.94560743411e-06,0.999999999988,0.0063250855595,3.97304369315e-06
1980,40,1603,1592,337,192,2,3,0.000628140703518,0.000628140703518,NaN,NaN,0.00125865224593,3.9530535362e-07
1980,40,1603,1592,337,198,2,2,0.000628140703518,0.00314070351759,-1.97280371705e-06,0.999999999988,0.00315257887685,1.9802631136e-06
1980,40,1603,1592,337,200,2,2,0.000628140703518,0.00125628140704,-7.89121486822e-07,0.999999999988,0.00125865224593,7.90610707241e-07
1980,40,1603,1592,337,207,2,2,0.000628140703518,0.00816582914573,-5.12928966445e-06,1.00000000001,0.00823823366793,5.17476989191e-06
1980,40,1603,1592,337,208,2,2,0.000628140703518,0.000628140703518,-3.94560743411e-07,0.999999999988,0.000628930569147,3.95056890167e-07
1980,40,1603,1592,337,211,2,2,0.000628140703518,0.000628140703518,-3.94560743411e-07,0.999999999988,0.000628930569147,3.95056890167e-07
1980,40,1603,1592,337,215,2,2,0.000628140703518,0.00125628140704,-7.89121486822e-07,0.999999999988,0.00125865224593,7.90610707241e-07
1980,40,1603,1592,337,218,2,3,0.000628140703518,0.00125628140704,NaN,NaN,0.00505367947228,1.58721088954e-06
1980,40,1603,1592,337,220,2,2,0.000628140703518,0.00125628140704,-7.89121486822e-07,0.999999999988,0.00125865224593,7.90610707241e-07
1980,40,1603,1592,337,221,2,3,0.000628140703518,0.000628140703518,NaN,NaN,0.00125865224593,3.9530535362e-07
1980,40,1603,1592,337,222,2,2,0.000628140703518,0.000628140703518,-3.94560743411e-07,0.999999999988,0.000628930569147,3.95056890167e-07
1980,40,1603,1592,337,226,2,2,0.000628140703518,0.000628140703518,-3.94560743411e-07,0.999999999988,0.000628930569147,3.95056890167e-07
1980,40,1603,1592,337,227,2,2,0.000628140703518,0.000628140703518,-3.94560743411e-07,0.999999999988,0.000628930569147,3.95056890167e-07
1980,40,1603,1592,337,232,2,2,0.000628140703518,0.000628140703518,-3.94560743411e-07,0.999999999988,0.000628930569147,3.95056890167e-07
1980,40,1603,1592,337,233,2,2,0.000628140703518,0.000628140703518,-3.94560743411e-07,0.999999999988,0.000628930569147,3.95056890167e-07
1980,40,1603,1592,337,240,2,2,0.000628140703518,0.00188442211055,-1.18368223023e-06,0.999999999988,0.00188916652394,1.18666238941e-06
1980,40,1603,1592,337,244,2,2,0.000628140703518,0.000628140703518,-3.94560743411e-07,0.999999999988,0.000628930569147,3.95056890167e-07
1980,40,1603,1592,337,245,2,2,0.000628140703518,0.000628140703518,-3.94560743411e-07,0.999999999988,0.000628930569147,3.95056890167e-07
1980,40,1603,1592,340,15,2,2,0.000628140703518,0.000628140703518,-3.94560743411e-07,0.999999999988,0.000628930569147,3.95056890167e-07
1980,40,1603,1592,340,20,2,3,0.000628140703518,0.000628140703518,NaN,NaN,0.00125865224593,3.9530535362e-07
1980,40,1603,1592,340,22,2,2,0.000628140703518,0.00125628140704,-7.89121486822e-07,0.999999999988,0.00125865224593,7.90610707241e-07
1980,40,1603,1592,340,26,2,2,0.000628140703518,0.00376884422111,-2.36736446046e-06,0.999999999988,0.0037854799578,2.37781404385e-06
1980,40,1603,1592,340,33,2,2,0.000628140703518,0.000628140703518,-3.94560743411e-07,0.999999999988,0.000628930569147,3.95056890167e-07
1980,40,1603,1592,340,35,2,2,0.000628140703518,0.000628140703518,-3.94560743411e-07,0.999999999988,0.000628930569147,3.95056890167e-07
1980,40,1603,1592,340,46,2,3,0.000628140703518,0.000628140703518,NaN,NaN,0.00125865224593,3.9530535362e-07
1980,40,1603,1592,340,48,2,2,0.000628140703518,0.000628140703518,-3.94560743411e-07,0.999999999988,0.000628930569147,3.95056890167e-07
1980,40,1603,1592,340,49,2,2,0.000628140703518,0.000628140703518,-3.94560743411e-07,0.999999999988,0.000628930569147,3.95056890167e-07
1980,40,1603,1592,340,55,2,2,0.000628140703518,0.000628140703518,-3.94560743411e-07,0.999999999988,0.000628930569147,3.95056890167e-07
1980,40,1603,1592,340,60,2,2,0.000628140703518,0.000628140703518,-3.94560743411e-07,0.999999999988,0.000628930569147,3.95056890167e-07
1980,40,1603,1592,340,64,2,2,0.000628140703518,0.00251256281407,-1.57824297375e-06,1.00000000006,0.00252047490053,1.58321287722e-06
1980,40,1603,1592,340,73,2,2,0.000628140703518,0.000628140703518,-3.94560743411e-07,0.999999999988,0.000628930569147,3.95056890167e-07
1980,40,1603,1592,340,77,2,2,0.000628140703518,0.00376884422111,-2.36736446046e-06,0.999999999988,0.0037854799578,2.37781404385e-06
1980,40,1603,1592,340,94,2,2,0.000628140703518,0.000628140703518,-3.94560743411e-07,0.999999999988,0.000628930569147,3.95056890167e-07
1980,40,1603,1592,340,97,2,3,0.000628140703518,0.000628140703518,NaN,NaN,0.00125865224593,3.9530535362e-07
1980,40,1603,1592,340,101,2,2,0.000628140703518,0.00125628140704,-7.89121486822e-07,0.999999999988,0.00125865224593,7.90610707241e-07
1980,40,1603,1592,340,105,2,2,0.000628140703518,0.292085427136,-0.000183470745688,1.0,0.412859156179,0.000259333640816
1980,40,1603,1592,340,115,2,2,0.000628140703518,0.000628140703518,-3.94560743411e-07,0.999999999988,0.000628930569147,3.95056890167e-07
1980,40,1603,1592,340,123,2,3,0.000628140703518,0.000628140703518,NaN,NaN,0.00252047490053,7.9160643861e-07
1980,40,1603,1592,340,124,2,2,0.000628140703518,0.00188442211055,-1.18368223023e-06,0.999999999988,0.00188916652394,1.18666238941e-06
1980,40,1603,1592,340,130,2,2,0.000628140703518,0.000628140703518,-3.94560743411e-07,0.999999999988,0.000628930569147,3.95056890167e-07
1980,40,1603,1592,340,131,2,2,0.000628140703518,0.00125628140704,-7.89121486822e-07,0.999999999988,0.00125865224593,7.90610707241e-07
1980,40,1603,1592,340,140,2,3,0.000628140703518,0.00125628140704,NaN,NaN,0.00568898093469,1.78674024331e-06
1980,40,1603,1592,340,146,2,2,0.000628140703518,0.000628140703518,-3.94560743411e-07,0.999999999988,0.000628930569147,3.95056890167e-07
1980,40,1603,1592,340,149,2,2,0.000628140703518,0.000628140703518,-3.94560743411e-07,0.999999999988,0.000628930569147,3.95056890167e-07
1980,40,1603,1592,340,157,2,2,0.000628140703518,0.00125628140704,-7.89121486822e-07,0.999999999988,0.00125865224593,7.90610707241e-07
1980,40,1603,1592,340,159,2,2,0.000628140703518,0.00376884422111,-2.36736446046e-06,0.999999999988,0.0037854799578,2.37781404385e-06
1980,40,1603,1592,340,164,2,2,0.000628140703518,0.000628140703518,-3.94560743411e-07,0.999999999988,0.000628930569147,3.95056890167e-07
1980,40,1603,1592,340,167,2,2,0.000628140703518,0.00314070351759,-1.97280371705e-06,0.999999999988,0.00315257887685,1.9802631136e-06
1980,40,1603,1592,340,177,2,2,0.000628140703518,0.000628140703518,-3.94560743411e-07,0.999999999988,0.000628930569147,3.95056890167e-07
1980,40,1603,1591,340,186,2,2,0.000628535512256,0.000628535512256,-3.95056890312e-07,1.00000000037,0.000629326371583,3.9555397334e-07
1980,40,1603,1592,340,188,2,2,0.000628140703518,0.00628140703518,-3.94560743411e-06,0.999999999988,0.0063250855595,3.97304369315e-06
1980,40,1603,1592,340,192,2,3,0.000628140703518,0.000628140703518,NaN,NaN,0.00125865224593,3.9530535362e-07
1980,40,1603,1592,340,198,2,2,0.000628140703518,0.00314070351759,-1.97280371705e-06,0.999999999988,0.00315257887685,1.9802631136e-06
1980,40,1603,1592,340,200,2,2,0.000628140703518,0.00125628140704,-7.89121486822e-07,0.999999999988,0.00125865224593,7.90610707241e-07
1980,40,1603,1592,340,207,2,2,0.000628140703518,0.00816582914573,-5.12928966445e-06,1.00000000001,0.00823823366793,5.17476989191e-06
1980,40,1603,1592,340,208,2,2,0.000628140703518,0.000628140703518,-3.94560743411e-07,0.999999999988,0.000628930569147,3.95056890167e-07
1980,40,1603,1592,340,211,2,2,0.000628140703518,0.000628140703518,-3.94560743411e-07,0.999999999988,0.000628930569147,3.95056890167e-07
1980,40,1603,1592,340,215,2,2,0.000628140703518,0.00125628140704,-7.89121486822e-07,0.999999999988,0.00125865224593,7.90610707241e-07
1980,40,1603,1592,340,218,2,3,0.000628140703518,0.00125628140704,NaN,NaN,0.00505367947228,1.58721088954e-06
1980,40,1603,1592,340,220,2,2,0.000628140703518,0.00125628140704,-7.89121486822e-07,0.999999999988,0.00125865224593,7.90610707241e-07
1980,40,1603,1592,340,221,2,3,0.000628140703518,0.000628140703518,NaN,NaN,0.00125865224593,3.9530535362e-07
1980,40,1603,1592,340,222,2,2,0.000628140703518,0.000628140703518,-3.94560743411e-07,0.999999999988,0.000628930569147,3.95056890167e-07
1980,40,1603,1592,340,226,2,2,0.000628140703518,0.000628140703518,-3.94560743411e-07,0.999999999988,0.000628930569147,3.95056890167e-07
1980,40,1603,1592,340,227,2,2,0.000628140703518,0.000628140703518,-3.94560743411e-07,0.999999999988,0.000628930569147,3.95056890167e-07
1980,40,1603,1592,340,232,2,2,0.000628140703518,0.000628140703518,-3.94560743411e-07,0.999999999988,0.000628930569147,3.95056890167e-07
1980,40,1603,1592,340,233,2,2,0.000628140703518,0.000628140703518,-3.94560743411e-07,0.999999999988,0.000628930569147,3.95056890167e-07
1980,40,1603,1592,340,240,2,2,0.000628140703518,0.00188442211055,-1.18368223023e-06,0.999999999988,0.00188916652394,1.18666238941e-06
1980,40,1603,1592,340,244,2,2,0.000628140703518,0.000628140703518,-3.94560743411e-07,0.999999999988,0.000628930569147,3.95056890167e-07
1980,40,1603,1592,340,245,2,2,0.000628140703518,0.000628140703518,-3.94560743411e-07,0.999999999988,0.000628930569147,3.95056890167e-07
1980,40,1603,1592,341,15,2,2,0.000628140703518,0.000628140703518,-3.94560743411e-07,0.999999999988,0.000628930569147,3.95056890167e-07
1980,40,1603,1592,341,20,2,3,0.000628140703518,0.000628140703518,NaN,NaN,0.00125865224593,3.9530535362e-07
1980,40,1603,1592,341,22,2,2,0.000628140703518,0.00125628140704,-7.89121486822e-07,0.999999999988,0.00125865224593,7.90610707241e-07
1980,40,1603,1592,341,26,2,2,0.000628140703518,0.00376884422111,-2.36736446046e-06,0.999999999988,0.0037854799578,2.37781404385e-06
1980,40,1603,1592,341,33,2,2,0.000628140703518,0.000628140703518,-3.94560743411e-07,0.999999999988,0.000628930569147,3.95056890167e-07
1980,40,1603,1592,341,35,2,2,0.000628140703518,0.000628140703518,-3.94560743411e-07,0.999999999988,0.000628930569147,3.95056890167e-07
1980,40,1603,1592,341,46,2,3,0.000628140703518,0.000628140703518,NaN,NaN,0.00125865224593,3.9530535362e-07
1980,40,1603,1592,341,48,2,2,0.000628140703518,0.000628140703518,-3.94560743411e-07,0.999999999988,0.000628930569147,3.95056890167e-07
1980,40,1603,1592,341,49,2,2,0.000628140703518,0.000628140703518,-3.94560743411e-07,0.999999999988,0.000628930569147,3.95056890167e-07
1980,40,1603,1592,341,55,2,2,0.000628140703518,0.000628140703518,-3.94560743411e-07,0.999999999988,0.000628930569147,3.95056890167e-07
1980,40,1603,1592,341,60,2,2,0.000628140703518,0.000628140703518,-3.94560743411e-07,0.999999999988,0.000628930569147,3.95056890167e-07
1980,40,1603,1592,341,64,2,2,0.000628140703518,0.00251256281407,-1.57824297375e-06,1.00000000006,0.00252047490053,1.58321287722e-06
1980,40,1603,1592,341,73,2,2,0.000628140703518,0.000628140703518,-3.94560743411e-07,0.999999999988,0.000628930569147,3.95056890167e-07
1980,40,1603,1592,341,77,2,2,0.000628140703518,0.00376884422111,-2.36736446046e-06,0.999999999988,0.0037854799578,2.37781404385e-06
1980,40,1603,1592,341,94,2,2,0.000628140703518,0.000628140703518,-3.94560743411e-07,0.999999999988,0.000628930569147,3.95056890167e-07
1980,40,1603,1592,341,97,2,3,0.000628140703518,0.000628140703518,NaN,NaN,0.00125865224593,3.9530535362e-07
1980,40,1603,1592,341,101,2,2,0.000628140703518,0.00125628140704,-7.89121486822e-07,0.999999999988,0.00125865224593,7.90610707241e-07
1980,40,1603,1592,341,105,2,2,0.000628140703518,0.292085427136,0.000444669957829,1.0,2.42517926779,0.00152335381143
1980,40,1603,1592,341,115,2,2,0.000628140703518,0.000628140703518,-3.94560743411e-07,0.999999999988,0.000628930569147,3.95056890167e-07
1980,40,1603,1592,341,123,2,3,0.000628140703518,0.000628140703518,NaN,NaN,0.00252047490053,7.9160643861e-07
1980,40,1603,1592,341,124,2,2,0.000628140703518,0.00188442211055,-1.18368223023e-06,0.999999999988,0.00188916652394,1.18666238941e-06
1980,40,1603,1592,341,130,2,2,0.000628140703518,0.000628140703518,-3.94560743411e-07,0.999999999988,0.000628930569147,3.95056890167e-07
1980,40,1603,1592,341,131,2,2,0.000628140703518,0.00125628140704,-7.89121486822e-07,0.999999999988,0.00125865224593,7.90610707241e-07
1980,40,1603,1592,341,140,2,3,0.000628140703518,0.00125628140704,NaN,NaN,0.00568898093469,1.78674024331e-06
1980,40,1603,1592,341,146,2,2,0.000628140703518,0.000628140703518,-3.94560743411e-07,0.999999999988,0.000628930569147,3.95056890167e-07
1980,40,1603,1592,341,149,2,2,0.000628140703518,0.000628140703518,-3.94560743411e-07,0.999999999988,0.000628930569147,3.95056890167e-07
1980,40,1603,1592,341,157,2,2,0.000628140703518,0.00125628140704,-7.89121486822e-07,0.999999999988,0.00125865224593,7.90610707241e-07
1980,40,1603,1592,341,159,2,2,0.000628140703518,0.00376884422111,-2.36736446046e-06,0.999999999988,0.0037854799578,2.37781404385e-06
1980,40,1603,1592,341,164,2,2,0.000628140703518,0.000628140703518,-3.94560743411e-07,0.999999999988,0.000628930569147,3.95056890167e-07
1980,40,1603,1592,341,167,2,2,0.000628140703518,0.00314070351759,-1.97280371705e-06,0.999999999988,0.00315257887685,1.9802631136e-06
1980,40,1603,1592,341,177,2,2,0.000628140703518,0.000628140703518,-3.94560743411e-07,0.999999999988,0.000628930569147,3.95056890167e-07
1980,40,1603,1591,341,186,2,2,0.000628535512256,0.000628535512256,-3.95056890312e-07,1.00000000037,0.000629326371583,3.9555397334e-07
1980,40,1603,1592,341,188,2,2,0.000628140703518,0.00628140703518,-3.94560743411e-06,0.999999999988,0.0063250855595,3.97304369315e-06
1980,40,1603,1592,341,192,2,3,0.000628140703518,0.000628140703518,NaN,NaN,0.00125865224593,3.9530535362e-07
1980,40,1603,1592,341,198,2,2,0.000628140703518,0.00314070351759,-1.97280371705e-06,0.999999999988,0.00315257887685,1.9802631136e-06
1980,40,1603,1592,341,200,2,2,0.000628140703518,0.00125628140704,-7.89121486822e-07,0.999999999988,0.00125865224593,7.90610707241e-07
1980,40,1603,1592,341,207,2,2,0.000628140703518,0.00816582914573,-5.12928966445e-06,1.00000000001,0.00823823366793,5.17476989191e-06
1980,40,1603,1592,341,208,2,2,0.000628140703518,0.000628140703518,-3.94560743411e-07,0.999999999988,0.000628930569147,3.95056890167e-07
1980,40,1603,1592,341,211,2,2,0.000628140703518,0.000628140703518,-3.94560743411e-07,0.999999999988,0.000628930569147,3.95056890167e-07
1980,40,1603,1592,341,215,2,2,0.000628140703518,0.00125628140704,-7.89121486822e-07,0.999999999988,0.00125865224593,7.90610707241e-07
1980,40,1603,1592,341,218,2,3,0.000628140703518,0.00125628140704,NaN,NaN,0.00505367947228,1.58721088954e-06
1980,40,1603,1592,341,220,2,2,0.000628140703518,0.00125628140704,-7.89121486822e-07,0.999999999988,0.00125865224593,7.90610707241e-07
1980,40,1603,1592,341,221,2,3,0.000628140703518,0.000628140703518,NaN,NaN,0.00125865224593,3.9530535362e-07
1980,40,1603,1592,341,222,2,2,0.000628140703518,0.000628140703518,-3.94560743411e-07,0.999999999988,0.000628930569147,3.95056890167e-07
1980,40,1603,1592,341,226,2,2,0.000628140703518,0.000628140703518,-3.94560743411e-07,0.999999999988,0.000628930569147,3.95056890167e-07
1980,40,1603,1592,341,227,2,2,0.000628140703518,0.000628140703518,-3.94560743411e-07,0.999999999988,0.000628930569147,3.95056890167e-07
1980,40,1603,1592,341,232,2,2,0.000628140703518,0.000628140703518,-3.94560743411e-07,0.999999999988,0.000628930569147,3.95056890167e-07
1980,40,1603,1592,341,233,2,2,0.000628140703518,0.000628140703518,-3.94560743411e-07,0.999999999988,0.000628930569147,3.95056890167e-07
1980,40,1603,1592,341,240,2,2,0.000628140703518,0.00188442211055,-1.18368223023e-06,0.999999999988,0.00188916652394,1.18666238941e-06
1980,40,1603,1592,341,244,2,2,0.000628140703518,0.000628140703518,-3.94560743411e-07,0.999999999988,0.000628930569147,3.95056890167e-07
1980,40,1603,1592,341,245,2,2,0.000628140703518,0.000628140703518,-3.94560743411e-07,0.999999999988,0.000628930569147,3.95056890167e-07
1980,40,1603,1592,342,15,2,2,0.00251256281407,0.000628140703518,1.57824297366e-06,1.0,0.00252047490053,1.58321287722e-06
1980,40,1603,1592,342,20,2,3,0.00251256281407,0.000628140703518,NaN,NaN,0.00504412020975,1.58420860859e-06
1980,40,1603,1592,342,22,2,2,0.00251256281407,0.00125628140704,3.15648594732e-06,1.0,0.00504412020975,3.16841721718e-06
1980,40,1603,1592,342,26,2,2,0.00251256281407,0.00376884422111,9.46945784197e-06,1.0,0.0151705254732,9.52922454347e-06
1980,40,1603,1592,342,33,2,2,0.00251256281407,0.000628140703518,1.57824297366e-06,1.0,0.00252047490053,1.58321287722e-06
1980,40,1603,1592,342,35,2,2,0.00251256281407,0.000628140703518,1.57824297366e-06,1.0,0.00252047490053,1.58321287722e-06
1980,40,1603,1592,342,46,2,3,0.00251256281407,0.000628140703518,NaN,NaN,0.00504412020975,1.58420860859e-06
1980,40,1603,1592,342,48,2,2,0.00251256281407,0.000628140703518,1.57824297366e-06,1.0,0.00252047490053,1.58321287722e-06
1980,40,1603,1592,342,49,2,2,0.00251256281407,0.000628140703518,1.57824297366e-06,1.0,0.00252047490053,1.58321287722e-06
1980,40,1603,1592,342,55,2,2,0.00251256281407,0.000628140703518,1.57824297366e-06,1.0,0.00252047490053,1.58321287722e-06
1980,40,1603,1592,342,60,2,2,0.00251256281407,0.000628140703518,1.57824297366e-06,1.0,0.00252047490053,1.58321287722e-06
1980,40,1603,1592,342,64,2,2,0.00251256281407,0.00251256281407,6.31297189465e-06,1.0,0.010100946012,6.34481533415e-06
1980,40,1603,1592,342,73,2,2,0.00251256281407,0.000628140703518,1.57824297366e-06,1.0,0.00252047490053,1.58321287722e-06
1980,40,1603,1592,342,77,2,2,0.00251256281407,0.00376884422111,9.46945784197e-06,1.0,0.0151705254732,9.52922454347e-06
1980,40,1603,1592,342,94,2,2,0.00251256281407,0.000628140703518,1.57824297366e-06,1.0,0.00252047490053,1.58321287722e-06
1980,40,1603,1592,342,97,2,3,0.00251256281407,0.000628140703518,NaN,NaN,0.00504412020975,1.58420860859e-06
1980,40,1603,1592,342,101,2,2,0.00251256281407,0.00125628140704,3.15648594732e-06,1.0,0.00504412020975,3.16841721718e-06
1980,40,1603,1592,342,105,2,2,0.00251256281407,0.292085427136,0.000105742279235,0.144086021505,0.0343498854493,2.15765612119e-05
1980,40,1603,1592,342,115,2,2,0.00251256281407,0.000628140703518,1.57824297366e-06,1.0,0.00252047490053,1.58321287722e-06
1980,40,1603,1592,342,123,2,3,0.00251256281407,0.000628140703518,NaN,NaN,0.010100946012,3.17240766707e-06
1980,40,1603,1592,342,124,2,2,0.00251256281407,0.00188442211055,4.73472892099e-06,1.0,0.00757094191331,4.75561677972e-06
1980,40,1603,1592,342,130,2,2,0.00251256281407,0.000628140703518,1.57824297366e-06,1.0,0.00252047490053,1.58321287722e-06
1980,40,1603,1592,342,131,2,2,0.00251256281407,0.00125628140704,3.15648594732e-06,1.0,0.00504412020975,3.16841721718e-06
1980,40,1603,1592,342,140,2,3,0.00251256281407,0.00125628140704,NaN,NaN,0.0227989135191,7.16046278867e-06
1980,40,1603,1592,342,146,2,2,0.00251256281407,0.000628140703518,1.57824297366e-06,1.0,0.00252047490053,1.58321287722e-06
1980,40,1603,1592,342,149,2,2,0.00251256281407,0.000628140703518,1.57824297366e-06,1.0,0.00252047490053,1.58321287722e-06
1980,40,1603,1592,342,157,2,2,0.00251256281407,0.00125628140704,3.15648594732e-06,1.0,0.00504412020975,3.16841721718e-06
1980,40,1603,1592,342,159,2,2,0.00251256281407,0.00376884422111,9.46945784197e-06,1.0,0.0151705254732,9.52922454347e-06
1980,40,1603,1592,342,164,2,2,0.00251256281407,0.000628140703518,1.57824297366e-06,1.0,0.00252047490053,1.58321287722e-06
1980,40,1603,1592,342,167,2,2,0.00251256281407,0.00314070351759,7.89121486831e-06,1.0,0.0126341385216,7.93601665929e-06
1980,40,1603,1592,342,177,2,2,0.00251256281407,0.000628140703518,1.57824297366e-06,1.0,0.00252047490053,1.58321287722e-06
1980,40,1603,1591,342,186,2,2,0.00251414204903,0.000628535512256,1.58022756067e-06,1.0,0.00252206409784,1.58520684968e-06
1980,40,1603,1592,342,188,2,2,0.00251256281407,0.00628140703518,1.57824297366e-05,1.0,0.0253481388543,1.59221977728e-05
1980,40,1603,1592,342,192,2,3,0.00251256281407,0.000628140703518,NaN,NaN,0.00504412020975,1.58420860859e-06
1980,40,1603,1592,342,198,2,2,0.00251256281407,0.00314070351759,7.89121486831e-06,1.0,0.0126341385216,7.93601665929e-06
1980,40,1603,1592,342,200,2,2,0.00251256281407,0.00125628140704,3.15648594732e-06,1.0,0.00504412020975,3.16841721718e-06
1980,40,1603,1592,342,207,2,2,0.00251256281407,0.00816582914573,2.05171586576e-05,1.0,0.0330151883266,2.07381836223e-05
1980,40,1603,1592,342,208,2,2,0.00251256281407,0.000628140703518,1.57824297366e-06,1.0,0.00252047490053,1.58321287722e-06
1980,40,1603,1592,342,211,2,2,0.00251256281407,0.000628140703518,1.57824297366e-06,1.0,0.00252047490053,1.58321287722e-06
1980,40,1603,1592,342,215,2,2,0.00251256281407,0.00125628140704,3.15648594732e-06,1.0,0.00504412020975,3.16841721718e-06
1980,40,1603,1592,342,218,2,3,0.00251256281407,0.00125628140704,NaN,NaN,0.0202529069028,6.36083759509e-06
1980,40,1603,1592,342,220,2,2,0.00251256281407,0.00125628140704,3.15648594732e-06,1.0,0.00504412020975,3.16841721718e-06
1980,40,1603,1592,342,221,2,3,0.00251256281407,0.000628140703518,NaN,NaN,0.00504412020975,1.58420860859e-06
1980,40,1603,1592,342,222,2,2,0.00251256281407,0.000628140703518,1.57824297366e-06,1.0,0.00252047490053,1.58321287722e-06
1980,40,1603,1592,342,226,2,2,0.00251256281407,0.000628140703518,1.57824297366e-06,1.0,0.00252047490053,1.58321287722e-06
1980,40,1603,1592,342,227,2,2,0.00251256281407,0.000628140703518,-0.000626562460544,1.0,397.249528598,0.249528598366
1980,40,1603,1592,342,232,2,2,0.00251256281407,0.000628140703518,1.57824297366e-06,1.0,0.00252047490053,1.58321287722e-06
1980,40,1603,1592,342,233,2,2,0.00251256281407,0.000628140703518,1.57824297366e-06,1.0,0.00252047490053,1.58321287722e-06
1980,40,1603,1592,342,240,2,2,0.00251256281407,0.00188442211055,4.73472892099e-06,1.0,0.00757094191331,4.75561677972e-06
1980,40,1603,1592,342,244,2,2,0.00251256281407,0.000628140703518,1.57824297366e-06,1.0,0.00252047490053,1.58321287722e-06
1980,40,1603,1592,342,245,2,2,0.00251256281407,0.000628140703518,1.57824297366e-06,1.0,0.00252047490053,1.58321287722e-06
1980,40,1603,1592,343,15,2,2,0.0163316582915,0.000628140703518,-1.02585793288e-05,0.999999999999,0.0166132451618,1.04354555036e-05
1980,40,1603,1592,343,20,2,3,0.0163316582915,0.000628140703518,NaN,NaN,0.0332473874872,1.04420186832e-05
1980,40,1603,1592,343,22,2,2,0.0163316582915,0.00125628140704,-2.05171586576e-05,0.999999999999,0.0332473874872,2.08840373664e-05
1980,40,1603,1592,343,26,2,2,0.0163316582915,0.00376884422111,-6.15514759728e-05,0.999999999999,0.0999937189875,6.28101249921e-05
1980,40,1603,1592,343,33,2,2,0.0163316582915,0.000628140703518,-1.02585793288e-05,0.999999999999,0.0166132451618,1.04354555036e-05
1980,40,1603,1592,343,35,2,2,0.0163316582915,0.000628140703518,-1.02585793288e-05,0.999999999999,0.0166132451618,1.04354555036e-05
1980,40,1603,1592,343,46,2,3,0.0163316582915,0.000628140703518,NaN,NaN,0.0332473874872,1.04420186832e-05
1980,40,1603,1592,343,48,2,2,0.0163316582915,0.000628140703518,-1.02585793288e-05,0.999999999999,0.0166132451618,1.04354555036e-05
1980,40,1603,1592,343,49,2,2,0.0163316582915,0.000628140703518,-1.02585793288e-05,0.999999999999,0.0166132451618,1.04354555036e-05
1980,40,1603,1592,343,55,2,2,0.0163316582915,0.000628140703518,-1.02585793288e-05,0.999999999999,0.0166132451618,1.04354555036e-05
1980,40,1603,1592,343,60,2,2,0.0163316582915,0.000628140703518,-1.02585793288e-05,0.999999999999,0.0166132451618,1.04354555036e-05
1980,40,1603,1592,343,64,2,2,0.0163316582915,0.00251256281407,-4.10343173152e-05,0.999999999999,0.0665785215425,4.18206793609e-05
1980,40,1603,1592,343,73,2,2,0.0163316582915,0.000628140703518,-1.02585793288e-05,0.999999999999,0.0166132451618,1.04354555036e-05
1980,40,1603,1592,343,77,2,2,0.0163316582915,0.00376884422111,-6.15514759728e-05,0.999999999999,0.0999937189875,6.28101249921e-05
1980,40,1603,1592,343,94,2,2,0.0163316582915,0.000628140703518,-1.02585793288e-05,0.999999999999,0.0166132451618,1.04354555036e-05
1980,40,1603,1592,343,97,2,3,0.0163316582915,0.000628140703518,NaN,NaN,0.0332473874872,1.04420186832e-05
1980,40,1603,1592,343,101,2,2,0.0163316582915,0.00125628140704,-2.05171586576e-05,0.999999999999,0.0332473874872,2.08840373664e-05
1980,40,1603,1592,343,105,2,2,0.0163316582915,0.292085427136,-0.00414209868438,0.868320926385,8.22269583555,0.00516500994695
1980,40,1603,1592,343,115,2,2,0.0163316582915,0.000628140703518,-1.02585793288e-05,0.999999999999,0.0166132451618,1.04354555036e-05
1980,40,1603,1592,343,123,2,3,0.0163316582915,0.000628140703518,NaN,NaN,0.0665785215425,2.09103396804e-05
1980,40,1603,1592,343,124,2,2,0.0163316582915,0.00188442211055,-3.07757379864e-05,0.999999999999,0.0499024664299,3.13457703705e-05
1980,40,1603,1592,343,130,2,2,0.0163316582915,0.000628140703518,-1.02585793288e-05,0.999999999999,0.0166132451618,1.04354555036e-05
1980,40,1603,1592,343,131,2,2,0.0163316582915,0.00125628140704,-2.05171586576e-05,0.999999999999,0.0332473874872,2.08840373664e-05
1980,40,1603,1592,343,140,2,3,0.0163316582915,0.00125628140704,NaN,NaN,0.150274830999,4.71968690323e-05
1980,40,1603,1592,343,146,2,2,0.0163316582915,0.000628140703518,-1.02585793288e-05,0.999999999999,0.0166132451618,1.04354555036e-05
1980,40,1603,1592,343,149,2,2,0.0163316582915,0.000628140703518,-1.02585793288e-05,0.999999999999,0.0166132451618,1.04354555036e-05
1980,40,1603,1592,343,157,2,2,0.0163316582915,0.00125628140704,-2.05171586576e-05,0.999999999999,0.0332473874872,2.08840373664e-05
1980,40,1603,1592,343,159,2,2,0.0163316582915,0.00376884422111,-6.15514759728e-05,0.999999999999,0.0999937189875,6.28101249921e-05
1980,40,1603,1592,343,164,2,2,0.0163316582915,0.000628140703518,-1.02585793288e-05,0.999999999999,0.0166132451618,1.04354555036e-05
1980,40,1603,1592,343,167,2,2,0.0163316582915,0.00314070351759,-5.1292896644e-05,0.999999999999,0.0832755924775,5.23087892447e-05
1980,40,1603,1592,343,177,2,2,0.0163316582915,0.000628140703518,-1.02585793288e-05,0.999999999999,0.0166132451618,1.04354555036e-05
1980,40,1603,1591,343,186,2,2,0.0163419233187,0.000628535512256,-1.02714791445e-05,1.00000000001,0.0166238672213,1.04486908996e-05
1980,40,1603,1592,343,188,2,2,0.0163316582915,0.00628140703518,-0.000102585793288,1.0,0.167077579345,0.000104948228232
1980,40,1603,1592,343,192,2,3,0.0163316582915,0.000628140703518,NaN,NaN,0.0332473874872,1.04420186832e-05
1980,40,1603,1592,343,198,2,2,0.0163316582915,0.00314070351759,-5.1292896644e-05,0.999999999999,0.0832755924775,5.23087892447e-05
1980,40,1603,1592,343,200,2,2,0.0163316582915,0.00125628140704,0.00060762354486,0.491698595147,29.1603195876,0.0183167836605
1980,40,1603,1592,343,207,2,2,0.0163316582915,0.00816582914573,-0.000133361531274,1.0,0.217613521014,0.000136691910185
1980,40,1603,1592,343,208,2,2,0.0163316582915,0.000628140703518,-1.02585793288e-05,0.999999999999,0.0166132451618,1.04354555036e-05
1980,40,1603,1592,343,211,2,2,0.0163316582915,0.000628140703518,-1.02585793288e-05,0.999999999999,0.0166132451618,1.04354555036e-05
1980,40,1603,1592,343,215,2,2,0.0163316582915,0.00125628140704,-2.05171586576e-05,0.999999999999,0.0332473874872,2.08840373664e-05
1980,40,1603,1592,343,218,2,3,0.0163316582915,0.00125628140704,NaN,NaN,0.133493298244,4.1926287137e-05
1980,40,1603,1592,343,220,2,2,0.0163316582915,0.00125628140704,-2.05171586576e-05,0.999999999999,0.0332473874872,2.08840373664e-05
1980,40,1603,1592,343,221,2,3,0.0163316582915,0.000628140703518,NaN,NaN,0.0332473874872,1.04420186832e-05
1980,40,1603,1592,343,222,2,2,0.0163316582915,0.000628140703518,-1.02585793288e-05,0.999999999999,0.0166132451618,1.04354555036e-05
1980,40,1603,1592,343,226,2,2,0.0163316582915,0.000628140703518,-1.02585793288e-05,0.999999999999,0.0166132451618,1.04354555036e-05
1980,40,1603,1592,343,227,2,2,0.0163316582915,0.000628140703518,-1.02585793288e-05,0.999999999999,0.0166132451618,1.04354555036e-05
1980,40,1603,1592,343,232,2,2,0.0163316582915,0.000628140703518,-1.02585793288e-05,0.999999999999,0.0166132451618,1.04354555036e-05
1980,40,1603,1592,343,233,2,2,0.0163316582915,0.000628140703518,-1.02585793288e-05,0.999999999999,0.0166132451618,1.04354555036e-05
1980,40,1603,1592,343,240,2,2,0.0163316582915,0.00188442211055,-3.07757379864e-05,0.999999999999,0.0499024664299,3.13457703705e-05
1980,40,1603,1592,343,244,2,2,0.0163316582915,0.000628140703518,-1.02585793288e-05,0.999999999999,0.0166132451618,1.04354555036e-05
1980,40,1603,1592,343,245,2,2,0.0163316582915,0.000628140703518,-1.02585793288e-05,0.999999999999,0.0166132451618,1.04354555036e-05
1980,40,1603,1592,347,15,2,2,0.00439698492462,0.000628140703518,-2.76192520388e-06,0.999999999988,0.0044191796521,2.77586661564e-06
1980,40,1603,1592,347,20,2,3,0.00439698492462,0.000628140703518,NaN,NaN,0.00884391802075,2.7776124437e-06
1980,40,1603,1592,347,22,2,2,0.00439698492462,0.00125628140704,-5.52385040786e-06,1.00000000001,0.00884391802075,5.55522488741e-06
1980,40,1603,1592,347,26,2,2,0.00439698492462,0.00376884422111,-1.65715512234e-05,0.999999999995,0.0265986689527,1.67077066286e-05
1980,40,1603,1592,347,33,2,2,0.00439698492462,0.000628140703518,-2.76192520388e-06,0.999999999988,0.0044191796521,2.77586661564e-06
1980,40,1603,1592,347,35,2,2,0.00439698492462,0.000628140703518,-2.76192520388e-06,0.999999999988,0.0044191796521,2.77586661564e-06
1980,40,1603,1592,347,46,2,3,0.00439698492462,0.000628140703518,NaN,NaN,0.00884391802075,2.7776124437e-06
1980,40,1603,1592,347,48,2,2,0.00439698492462,0.000628140703518,-2.76192520388e-06,0.999999999988,0.0044191796521,2.77586661564e-06
1980,40,1603,1592,347,49,2,2,0.00439698492462,0.000628140703518,-2.76192520388e-06,0.999999999988,0.0044191796521,2.77586661564e-06
1980,40,1603,1592,347,55,2,2,0.00439698492462,0.000628140703518,-2.76192520388e-06,0.999999999988,0.0044191796521,2.77586661564e-06
1980,40,1603,1592,347,60,2,2,0.00439698492462,0.000628140703518,-2.76192520388e-06,0.999999999988,0.0044191796521,2.77586661564e-06
1980,40,1603,1592,347,64,2,2,0.00439698492462,0.00251256281407,-1.10477008156e-05,0.999999999998,0.0177101129131,1.11244427846e-05
1980,40,1603,1592,347,73,2,2,0.00439698492462,0.000628140703518,-2.76192520388e-06,0.999999999988,0.0044191796521,2.77586661564e-06
1980,40,1603,1592,347,77,2,2,0.00439698492462,0.00376884422111,-1.65715512234e-05,0.999999999995,0.0265986689527,1.67077066286e-05
1980,40,1603,1592,347,94,2,2,0.00439698492462,0.000628140703518,-2.76192520388e-06,0.999999999988,0.0044191796521,2.77586661564e-06
1980,40,1603,1592,347,97,2,3,0.00439698492462,0.000628140703518,NaN,NaN,0.00884391802075,2.7776124437e-06
1980,40,1603,1592,347,101,2,2,0.00439698492462,0.00125628140704,-5.52385040786e-06,1.00000000001,0.00884391802075,5.55522488741e-06
1980,40,1603,1592,347,105,2,2,0.00439698492462,0.292085427136,-0.00128429521982,1.0,2.90095420969,0.00182220741815
1980,40,1603,1592,347,115,2,2,0.00439698492462,0.000628140703518,-2.76192520388e-06,0.999999999988,0.0044191796521,2.77586661564e-06
1980,40,1603,1592,347,123,2,3,0.00439698492462,0.000628140703518,NaN,NaN,0.0177101129131,5.5622213923e-06
1980,40,1603,1592,347,124,2,2,0.00439698492462,0.00188442211055,-8.28577561174e-06,1.0,0.0132742256007,8.33808140747e-06
1980,40,1603,1592,347,130,2,2,0.00439698492462,0.000628140703518,-2.76192520388e-06,0.999999999988,0.0044191796521,2.77586661564e-06
1980,40,1603,1592,347,131,2,2,0.00439698492462,0.00125628140704,-5.52385040786e-06,1.00000000001,0.00884391802075,5.55522488741e-06
1980,40,1603,1592,347,140,2,3,0.00439698492462,0.00125628140704,NaN,NaN,0.0399736155644,1.25545275014e-05
1980,40,1603,1592,347,146,2,2,0.00439698492462,0.000628140703518,-2.76192520388e-06,0.999999999988,0.0044191796521,2.77586661564e-06
1980,40,1603,1592,347,149,2,2,0.00439698492462,0.000628140703518,-2.76192520388e-06,0.999999999988,0.0044191796521,2.77586661564e-06
1980,40,1603,1592,347,157,2,2,0.00439698492462,0.00125628140704,-5.52385040786e-06,1.00000000001,0.00884391802075,5.55522488741e-06
1980,40,1603,1592,347,159,2,2,0.00439698492462,0.00376884422111,-1.65715512234e-05,0.999999999995,0.0265986689527,1.67077066286e-05
1980,40,1603,1592,347,164,2,2,0.00439698492462,0.000628140703518,-2.76192520388e-06,0.999999999988,0.0044191796521,2.77586661564e-06
1980,40,1603,1592,347,167,2,2,0.00439698492462,0.00314070351759,-1.38096260195e-05,0.999999999996,0.0221515905057,1.39143156443e-05
1980,40,1603,1592,347,177,2,2,0.00439698492462,0.000628140703518,-2.76192520388e-06,0.999999999988,0.0044191796521,2.77586661564e-06
1980,40,1603,1591,347,186,2,2,0.0043997485858,0.000628535512256,-2.7653982313e-06,1.00000000005,0.00442197128518,2.77936598691e-06
1980,40,1603,1592,347,188,2,2,0.00439698492462,0.00628140703518,-2.76192520391e-05,1.0,0.0444432037073,2.79165852433e-05
1980,40,1603,1592,347,192,2,3,0.00439698492462,0.000628140703518,NaN,NaN,0.00884391802075,2.7776124437e-06
1980,40,1603,1592,347,198,2,2,0.00439698492462,0.00314070351759,-1.38096260195e-05,0.999999999996,0.0221515905057,1.39143156443e-05
1980,40,1603,1592,347,200,2,2,0.00439698492462,0.00125628140704,-5.52385040786e-06,1.00000000001,0.00884391802075,5.55522488741e-06
1980,40,1603,1592,347,207,2,2,0.00439698492462,0.00816582914573,-3.59050276508e-05,1.0,0.0578859358736,3.63605124834e-05
1980,40,1603,1592,347,208,2,2,0.00439698492462,0.000628140703518,-2.76192520388e-06,0.999999999988,0.0044191796521,2.77586661564e-06
1980,40,1603,1592,347,211,2,2,0.00439698492462,0.000628140703518,-2.76192520388e-06,0.999999999988,0.0044191796521,2.77586661564e-06
1980,40,1603,1592,347,215,2,2,0.00439698492462,0.00125628140704,-5.52385040786e-06,1.00000000001,0.00884391802075,5.55522488741e-06
1980,40,1603,1592,347,218,2,3,0.00439698492462,0.00125628140704,NaN,NaN,0.0355096708409,1.11525348118e-05
1980,40,1603,1592,347,220,2,2,0.00439698492462,0.00125628140704,-5.52385040786e-06,1.00000000001,0.00884391802075,5.55522488741e-06
1980,40,1603,1592,347,221,2,3,0.00439698492462,0.000628140703518,NaN,NaN,0.00884391802075,2.7776124437e-06
1980,40,1603,1592,347,222,2,2,0.00439698492462,0.000628140703518,-2.76192520388e-06,0.999999999988,0.0044191796521,2.77586661564e-06
1980,40,1603,1592,347,226,2,2,0.00439698492462,0.000628140703518,-2.76192520388e-06,0.999999999988,0.0044191796521,2.77586661564e-06
1980,40,1603,1592,347,227,2,2,0.00439698492462,0.000628140703518,-2.76192520388e-06,0.999999999988,0.0044191796521,2.77586661564e-06
1980,40,1603,1592,347,232,2,2,0.00439698492462,0.000628140703518,-2.76192520388e-06,0.999999999988,0.0044191796521,2.77586661564e-06
1980,40,1603,1592,347,233,2,2,0.00439698492462,0.000628140703518,-2.76192520388e-06,0.999999999988,0.0044191796521,2.77586661564e-06
1980,40,1603,1592,347,240,2,2,0.00439698492462,0.00188442211055,-8.28577561174e-06,1.0,0.0132742256007,8.33808140747e-06
1980,40,1603,1592,347,244,2,2,0.00439698492462,0.000628140703518,-2.76192520388e-06,0.999999999988,0.0044191796521,2.77586661564e-06
1980,40,1603,1592,347,245,2,2,0.00439698492462,0.000628140703518,-2.76192520388e-06,0.999999999988,0.0044191796521,2.77586661564e-06
1980,40,1603,1592,353,15,2,2,0.000628140703518,0.000628140703518,-3.94560743411e-07,0.999999999988,0.000628930569147,3.95056890167e-07
1980,40,1603,1592,353,20,2,3,0.000628140703518,0.000628140703518,NaN,NaN,0.00125865224593,3.9530535362e-07
1980,40,1603,1592,353,22,2,2,0.000628140703518,0.00125628140704,-7.89121486822e-07,0.999999999988,0.00125865224593,7.90610707241e-07
1980,40,1603,1592,353,26,2,2,0.000628140703518,0.00376884422111,-2.36736446046e-06,0.999999999988,0.0037854799578,2.37781404385e-06
1980,40,1603,1592,353,33,2,2,0.000628140703518,0.000628140703518,-3.94560743411e-07,0.999999999988,0.000628930569147,3.95056890167e-07
1980,40,1603,1592,353,35,2,2,0.000628140703518,0.000628140703518,-3.94560743411e-07,0.999999999988,0.000628930569147,3.95056890167e-07
1980,40,1603,1592,353,46,2,3,0.000628140703518,0.000628140703518,NaN,NaN,0.00125865224593,3.9530535362e-07
1980,40,1603,1592,353,48,2,2,0.000628140703518,0.000628140703518,-3.94560743411e-07,0.999999999988,0.000628930569147,3.95056890167e-07
1980,40,1603,1592,353,49,2,2,0.000628140703518,0.000628140703518,-3.94560743411e-07,0.999999999988,0.000628930569147,3.95056890167e-07
1980,40,1603,1592,353,55,2,2,0.000628140703518,0.000628140703518,-3.94560743411e-07,0.999999999988,0.000628930569147,3.95056890167e-07
1980,40,1603,1592,353,60,2,2,0.000628140703518,0.000628140703518,-3.94560743411e-07,0.999999999988,0.000628930569147,3.95056890167e-07
1980,40,1603,1592,353,64,2,2,0.000628140703518,0.00251256281407,-1.57824297375e-06,1.00000000006,0.00252047490053,1.58321287722e-06
1980,40,1603,1592,353,73,2,2,0.000628140703518,0.000628140703518,-3.94560743411e-07,0.999999999988,0.000628930569147,3.95056890167e-07
1980,40,1603,1592,353,77,2,2,0.000628140703518,0.00376884422111,-2.36736446046e-06,0.999999999988,0.0037854799578,2.37781404385e-06
1980,40,1603,1592,353,94,2,2,0.000628140703518,0.000628140703518,-3.94560743411e-07,0.999999999988,0.000628930569147,3.95056890167e-07
1980,40,1603,1592,353,97,2,3,0.000628140703518,0.000628140703518,NaN,NaN,0.00125865224593,3.9530535362e-07
1980,40,1603,1592,353,101,2,2,0.000628140703518,0.00125628140704,-7.89121486822e-07,0.999999999988,0.00125865224593,7.90610707241e-07
1980,40,1603,1592,353,105,2,2,0.000628140703518,0.292085427136,-0.000183470745688,1.0,0.412859156179,0.000259333640816
1980,40,1603,1592,353,115,2,2,0.000628140703518,0.000628140703518,-3.94560743411e-07,0.999999999988,0.000628930569147,3.95056890167e-07
1980,40,1603,1592,353,123,2,3,0.000628140703518,0.000628140703518,NaN,NaN,0.00252047490053,7.9160643861e-07
1980,40,1603,1592,353,124,2,2,0.000628140703518,0.00188442211055,-1.18368223023e-06,0.999999999988,0.00188916652394,1.18666238941e-06
1980,40,1603,1592,353,130,2,2,0.000628140703518,0.000628140703518,-3.94560743411e-07,0.999999999988,0.000628930569147,3.95056890167e-07
1980,40,1603,1592,353,131,2,2,0.000628140703518,0.00125628140704,-7.89121486822e-07,0.999999999988,0.00125865224593,7.90610707241e-07
1980,40,1603,1592,353,140,2,3,0.000628140703518,0.00125628140704,NaN,NaN,0.00568898093469,1.78674024331e-06
1980,40,1603,1592,353,146,2,2,0.000628140703518,0.000628140703518,-3.94560743411e-07,0.999999999988,0.000628930569147,3.95056890167e-07
1980,40,1603,1592,353,149,2,2,0.000628140703518,0.000628140703518,-3.94560743411e-07,0.999999999988,0.000628930569147,3.95056890167e-07
1980,40,1603,1592,353,157,2,2,0.000628140703518,0.00125628140704,-7.89121486822e-07,0.999999999988,0.00125865224593,7.90610707241e-07
1980,40,1603,1592,353,159,2,2,0.000628140703518,0.00376884422111,-2.36736446046e-06,0.999999999988,0.0037854799578,2.37781404385e-06
1980,40,1603,1592,353,164,2,2,0.000628140703518,0.000628140703518,-3.94560743411e-07,0.999999999988,0.000628930569147,3.95056890167e-07
1980,40,1603,1592,353,167,2,2,0.000628140703518,0.00314070351759,-1.97280371705e-06,0.999999999988,0.00315257887685,1.9802631136e-06
1980,40,1603,1592,353,177,2,2,0.000628140703518,0.000628140703518,-3.94560743411e-07,0.999999999988,0.000628930569147,3.95056890167e-07
1980,40,1603,1591,353,186,2,2,0.000628535512256,0.000628535512256,-3.95056890312e-07,1.00000000037,0.000629326371583,3.9555397334e-07
1980,40,1603,1592,353,188,2,2,0.000628140703518,0.00628140703518,-3.94560743411e-06,0.999999999988,0.0063250855595,3.97304369315e-06
1980,40,1603,1592,353,192,2,3,0.000628140703518,0.000628140703518,NaN,NaN,0.00125865224593,3.9530535362e-07
1980,40,1603,1592,353,198,2,2,0.000628140703518,0.00314070351759,-1.97280371705e-06,0.999999999988,0.00315257887685,1.9802631136e-06
1980,40,1603,1592,353,200,2,2,0.000628140703518,0.00125628140704,-7.89121486822e-07,0.999999999988,0.00125865224593,7.90610707241e-07
1980,40,1603,1592,353,207,2,2,0.000628140703518,0.00816582914573,-5.12928966445e-06,1.00000000001,0.00823823366793,5.17476989191e-06
1980,40,1603,1592,353,208,2,2,0.000628140703518,0.000628140703518,-3.94560743411e-07,0.999999999988,0.000628930569147,3.95056890167e-07
1980,40,1603,1592,353,211,2,2,0.000628140703518,0.000628140703518,-3.94560743411e-07,0.999999999988,0.000628930569147,3.95056890167e-07
1980,40,1603,1592,353,215,2,2,0.000628140703518,0.00125628140704,-7.89121486822e-07,0.999999999988,0.00125865224593,7.90610707241e-07
1980,40,1603,1592,353,218,2,3,0.000628140703518,0.00125628140704,NaN,NaN,0.00505367947228,1.58721088954e-06
1980,40,1603,1592,353,220,2,2,0.000628140703518,0.00125628140704,-7.89121486822e-07,0.999999999988,0.00125865224593,7.90610707241e-07
1980,40,1603,1592,353,221,2,3,0.000628140703518,0.000628140703518,NaN,NaN,0.00125865224593,3.9530535362e-07
1980,40,1603,1592,353,222,2,2,0.000628140703518,0.000628140703518,-3.94560743411e-07,0.999999999988,0.000628930569147,3.95056890167e-07
1980,40,1603,1592,353,226,2,2,0.000628140703518,0.000628140703518,-3.94560743411e-07,0.999999999988,0.000628930569147,3.95056890167e-07
1980,40,1603,1592,353,227,2,2,0.000628140703518,0.000628140703518,-3.94560743411e-07,0.999999999988,0.000628930569147,3.95056890167e-07
1980,40,1603,1592,353,232,2,2,0.000628140703518,0.000628140703518,-3.94560743411e-07,0.999999999988,0.000628930569147,3.95056890167e-07
1980,40,1603,1592,353,233,2,2,0.000628140703518,0.000628140703518,-3.94560743411e-07,0.999999999988,0.000628930569147,3.95056890167e-07
1980,40,1603,1592,353,240,2,2,0.000628140703518,0.00188442211055,-1.18368223023e-06,0.999999999988,0.00188916652394,1.18666238941e-06
1980,40,1603,1592,353,244,2,2,0.000628140703518,0.000628140703518,-3.94560743411e-07,0.999999999988,0.000628930569147,3.95056890167e-07
1980,40,1603,1592,353,245,2,2,0.000628140703518,0.000628140703518,-3.94560743411e-07,0.999999999988,0.000628930569147,3.95056890167e-07
1980,40,1603,1592,354,15,2,2,0.000628140703518,0.000628140703518,-3.94560743411e-07,0.999999999988,0.000628930569147,3.95056890167e-07
1980,40,1603,1592,354,20,2,3,0.000628140703518,0.000628140703518,NaN,NaN,0.00125865224593,3.9530535362e-07
1980,40,1603,1592,354,22,2,2,0.000628140703518,0.00125628140704,-7.89121486822e-07,0.999999999988,0.00125865224593,7.90610707241e-07
1980,40,1603,1592,354,26,2,2,0.000628140703518,0.00376884422111,-2.36736446046e-06,0.999999999988,0.0037854799578,2.37781404385e-06
1980,40,1603,1592,354,33,2,2,0.000628140703518,0.000628140703518,-3.94560743411e-07,0.999999999988,0.000628930569147,3.95056890167e-07
1980,40,1603,1592,354,35,2,2,0.000628140703518,0.000628140703518,-3.94560743411e-07,0.999999999988,0.000628930569147,3.95056890167e-07
1980,40,1603,1592,354,46,2,3,0.000628140703518,0.000628140703518,NaN,NaN,0.00125865224593,3.9530535362e-07
1980,40,1603,1592,354,48,2,2,0.000628140703518,0.000628140703518,-3.94560743411e-07,0.999999999988,0.000628930569147,3.95056890167e-07
1980,40,1603,1592,354,49,2,2,0.000628140703518,0.000628140703518,-3.94560743411e-07,0.999999999988,0.000628930569147,3.95056890167e-07
1980,40,1603,1592,354,55,2,2,0.000628140703518,0.000628140703518,-3.94560743411e-07,0.999999999988,0.000628930569147,3.95056890167e-07
1980,40,1603,1592,354,60,2,2,0.000628140703518,0.000628140703518,-3.94560743411e-07,0.999999999988,0.000628930569147,3.95056890167e-07
1980,40,1603,1592,354,64,2,2,0.000628140703518,0.00251256281407,-1.57824297375e-06,1.00000000006,0.00252047490053,1.58321287722e-06
1980,40,1603,1592,354,73,2,2,0.000628140703518,0.000628140703518,-3.94560743411e-07,0.999999999988,0.000628930569147,3.95056890167e-07
1980,40,1603,1592,354,77,2,2,0.000628140703518,0.00376884422111,-2.36736446046e-06,0.999999999988,0.0037854799578,2.37781404385e-06
1980,40,1603,1592,354,94,2,2,0.000628140703518,0.000628140703518,-3.94560743411e-07,0.999999999988,0.000628930569147,3.95056890167e-07
1980,40,1603,1592,354,97,2,3,0.000628140703518,0.000628140703518,NaN,NaN,0.00125865224593,3.9530535362e-07
1980,40,1603,1592,354,101,2,2,0.000628140703518,0.00125628140704,-7.89121486822e-07,0.999999999988,0.00125865224593,7.90610707241e-07
1980,40,1603,1592,354,105,2,2,0.000628140703518,0.292085427136,-0.000183470745688,1.0,0.412859156179,0.000259333640816
1980,40,1603,1592,354,115,2,2,0.000628140703518,0.000628140703518,-3.94560743411e-07,0.999999999988,0.000628930569147,3.95056890167e-07
1980,40,1603,1592,354,123,2,3,0.000628140703518,0.000628140703518,NaN,NaN,0.00252047490053,7.9160643861e-07
1980,40,1603,1592,354,124,2,2,0.000628140703518,0.00188442211055,-1.18368223023e-06,0.999999999988,0.00188916652394,1.18666238941e-06
1980,40,1603,1592,354,130,2,2,0.000628140703518,0.000628140703518,-3.94560743411e-07,0.999999999988,0.000628930569147,3.95056890167e-07
1980,40,1603,1592,354,131,2,2,0.000628140703518,0.00125628140704,-7.89121486822e-07,0.999999999988,0.00125865224593,7.90610707241e-07
1980,40,1603,1592,354,140,2,3,0.000628140703518,0.00125628140704,NaN,NaN,0.00568898093469,1.78674024331e-06
1980,40,1603,1592,354,146,2,2,0.000628140703518,0.000628140703518,-3.94560743411e-07,0.999999999988,0.000628930569147,3.95056890167e-07
1980,40,1603,1592,354,149,2,2,0.000628140703518,0.000628140703518,-3.94560743411e-07,0.999999999988,0.000628930569147,3.95056890167e-07
1980,40,1603,1592,354,157,2,2,0.000628140703518,0.00125628140704,-7.89121486822e-07,0.999999999988,0.00125865224593,7.90610707241e-07
1980,40,1603,1592,354,159,2,2,0.000628140703518,0.00376884422111,-2.36736446046e-06,0.999999999988,0.0037854799578,2.37781404385e-06
1980,40,1603,1592,354,164,2,2,0.000628140703518,0.000628140703518,-3.94560743411e-07,0.999999999988,0.000628930569147,3.95056890167e-07
1980,40,1603,1592,354,167,2,2,0.000628140703518,0.00314070351759,-1.97280371705e-06,0.999999999988,0.00315257887685,1.9802631136e-06
1980,40,1603,1592,354,177,2,2,0.000628140703518,0.000628140703518,-3.94560743411e-07,0.999999999988,0.000628930569147,3.95056890167e-07
1980,40,1603,1591,354,186,2,2,0.000628535512256,0.000628535512256,-3.95056890312e-07,1.00000000037,0.000629326371583,3.9555397334e-07
1980,40,1603,1592,354,188,2,2,0.000628140703518,0.00628140703518,0.000624195096083,1.0,158.299434318,0.099434318039
1980,40,1603,1592,354,192,2,3,0.000628140703518,0.000628140703518,NaN,NaN,0.00125865224593,3.9530535362e-07
1980,40,1603,1592,354,198,2,2,0.000628140703518,0.00314070351759,-1.97280371705e-06,0.999999999988,0.00315257887685,1.9802631136e-06
1980,40,1603,1592,354,200,2,2,0.000628140703518,0.00125628140704,-7.89121486822e-07,0.999999999988,0.00125865224593,7.90610707241e-07
1980,40,1603,1592,354,207,2,2,0.000628140703518,0.00816582914573,-5.12928966445e-06,1.00000000001,0.00823823366793,5.17476989191e-06
1980,40,1603,1592,354,208,2,2,0.000628140703518,0.000628140703518,-3.94560743411e-07,0.999999999988,0.000628930569147,3.95056890167e-07
1980,40,1603,1592,354,211,2,2,0.000628140703518,0.000628140703518,-3.94560743411e-07,0.999999999988,0.000628930569147,3.95056890167e-07
1980,40,1603,1592,354,215,2,2,0.000628140703518,0.00125628140704,-7.89121486822e-07,0.999999999988,0.00125865224593,7.90610707241e-07
1980,40,1603,1592,354,218,2,3,0.000628140703518,0.00125628140704,NaN,NaN,0.00505367947228,1.58721088954e-06
1980,40,1603,1592,354,220,2,2,0.000628140703518,0.00125628140704,-7.89121486822e-07,0.999999999988,0.00125865224593,7.90610707241e-07
1980,40,1603,1592,354,221,2,3,0.000628140703518,0.000628140703518,NaN,NaN,0.00125865224593,3.9530535362e-07
1980,40,1603,1592,354,222,2,2,0.000628140703518,0.000628140703518,-3.94560743411e-07,0.999999999988,0.000628930569147,3.95056890167e-07
1980,40,1603,1592,354,226,2,2,0.000628140703518,0.000628140703518,-3.94560743411e-07,0.999999999988,0.000628930569147,3.95056890167e-07
1980,40,1603,1592,354,227,2,2,0.000628140703518,0.000628140703518,-3.94560743411e-07,0.999999999988,0.000628930569147,3.95056890167e-07
1980,40,1603,1592,354,232,2,2,0.000628140703518,0.000628140703518,-3.94560743411e-07,0.999999999988,0.000628930569147,3.95056890167e-07
1980,40,1603,1592,354,233,2,2,0.000628140703518,0.000628140703518,-3.94560743411e-07,0.999999999988,0.000628930569147,3.95056890167e-07
1980,40,1603,1592,354,240,2,2,0.000628140703518,0.00188442211055,-1.18368223023e-06,0.999999999988,0.00188916652394,1.18666238941e-06
1980,40,1603,1592,354,244,2,2,0.000628140703518,0.000628140703518,-3.94560743411e-07,0.999999999988,0.000628930569147,3.95056890167e-07
1980,40,1603,1592,354,245,2,2,0.000628140703518,0.000628140703518,-3.94560743411e-07,0.999999999988,0.000628930569147,3.95056890167e-07
1980,40,1603,1592,355,15,2,2,0.000628140703518,0.000628140703518,-3.94560743411e-07,0.999999999988,0.000628930569147,3.95056890167e-07
1980,40,1603,1592,355,20,2,3,0.000628140703518,0.000628140703518,NaN,NaN,0.00125865224593,3.9530535362e-07
1980,40,1603,1592,355,22,2,2,0.000628140703518,0.00125628140704,-7.89121486822e-07,0.999999999988,0.00125865224593,7.90610707241e-07
1980,40,1603,1592,355,26,2,2,0.000628140703518,0.00376884422111,-2.36736446046e-06,0.999999999988,0.0037854799578,2.37781404385e-06
1980,40,1603,1592,355,33,2,2,0.000628140703518,0.000628140703518,-3.94560743411e-07,0.999999999988,0.000628930569147,3.95056890167e-07
1980,40,1603,1592,355,35,2,2,0.000628140703518,0.000628140703518,-3.94560743411e-07,0.999999999988,0.000628930569147,3.95056890167e-07
1980,40,1603,1592,355,46,2,3,0.000628140703518,0.000628140703518,NaN,NaN,0.00125865224593,3.9530535362e-07
1980,40,1603,1592,355,48,2,2,0.000628140703518,0.000628140703518,-3.94560743411e-07,0.999999999988,0.000628930569147,3.95056890167e-07
1980,40,1603,1592,355,49,2,2,0.000628140703518,0.000628140703518,-3.94560743411e-07,0.999999999988,0.000628930569147,3.95056890167e-07
1980,40,1603,1592,355,55,2,2,0.000628140703518,0.000628140703518,-3.94560743411e-07,0.999999999988,0.000628930569147,3.95056890167e-07
1980,40,1603,1592,355,60,2,2,0.000628140703518,0.000628140703518,-3.94560743411e-07,0.999999999988,0.000628930569147,3.95056890167e-07
1980,40,1603,1592,355,64,2,2,0.000628140703518,0.00251256281407,-1.57824297375e-06,1.00000000006,0.00252047490053,1.58321287722e-06
1980,40,1603,1592,355,73,2,2,0.000628140703518,0.000628140703518,-3.94560743411e-07,0.999999999988,0.000628930569147,3.95056890167e-07
1980,40,1603,1592,355,77,2,2,0.000628140703518,0.00376884422111,-2.36736446046e-06,0.999999999988,0.0037854799578,2.37781404385e-06
1980,40,1603,1592,355,94,2,2,0.000628140703518,0.000628140703518,-3.94560743411e-07,0.999999999988,0.000628930569147,3.95056890167e-07
1980,40,1603,1592,355,97,2,3,0.000628140703518,0.000628140703518,NaN,NaN,0.00125865224593,3.9530535362e-07
1980,40,1603,1592,355,101,2,2,0.000628140703518,0.00125628140704,-7.89121486822e-07,0.999999999988,0.00125865224593,7.90610707241e-07
1980,40,1603,1592,355,105,2,2,0.000628140703518,0.292085427136,-0.000183470745688,1.0,0.412859156179,0.000259333640816
1980,40,1603,1592,355,115,2,2,0.000628140703518,0.000628140703518,-3.94560743411e-07,0.999999999988,0.000628930569147,3.95056890167e-07
1980,40,1603,1592,355,123,2,3,0.000628140703518,0.000628140703518,NaN,NaN,0.00252047490053,7.9160643861e-07
1980,40,1603,1592,355,124,2,2,0.000628140703518,0.00188442211055,-1.18368223023e-06,0.999999999988,0.00188916652394,1.18666238941e-06
1980,40,1603,1592,355,130,2,2,0.000628140703518,0.000628140703518,-3.94560743411e-07,0.999999999988,0.000628930569147,3.95056890167e-07
1980,40,1603,1592,355,131,2,2,0.000628140703518,0.00125628140704,-7.89121486822e-07,0.999999999988,0.00125865224593,7.90610707241e-07
1980,40,1603,1592,355,140,2,3,0.000628140703518,0.00125628140704,NaN,NaN,0.00568898093469,1.78674024331e-06
1980,40,1603,1592,355,146,2,2,0.000628140703518,0.000628140703518,-3.94560743411e-07,0.999999999988,0.000628930569147,3.95056890167e-07
1980,40,1603,1592,355,149,2,2,0.000628140703518,0.000628140703518,-3.94560743411e-07,0.999999999988,0.000628930569147,3.95056890167e-07
1980,40,1603,1592,355,157,2,2,0.000628140703518,0.00125628140704,-7.89121486822e-07,0.999999999988,0.00125865224593,7.90610707241e-07
1980,40,1603,1592,355,159,2,2,0.000628140703518,0.00376884422111,-2.36736446046e-06,0.999999999988,0.0037854799578,2.37781404385e-06
1980,40,1603,1592,355,164,2,2,0.000628140703518,0.000628140703518,-3.94560743411e-07,0.999999999988,0.000628930569147,3.95056890167e-07
1980,40,1603,1592,355,167,2,2,0.000628140703518,0.00314070351759,-1.97280371705e-06,0.999999999988,0.00315257887685,1.9802631136e-06
1980,40,1603,1592,355,177,2,2,0.000628140703518,0.000628140703518,-3.94560743411e-07,0.999999999988,0.000628930569147,3.95056890167e-07
1980,40,1603,1591,355,186,2,2,0.000628535512256,0.000628535512256,-3.95056890312e-07,1.00000000037,0.000629326371583,3.9555397334e-07
1980,40,1603,1592,355,188,2,2,0.000628140703518,0.00628140703518,-3.94560743411e-06,0.999999999988,0.0063250855595,3.97304369315e-06
1980,40,1603,1592,355,192,2,3,0.000628140703518,0.000628140703518,NaN,NaN,0.00125865224593,3.9530535362e-07
1980,40,1603,1592,355,198,2,2,0.000628140703518,0.00314070351759,-1.97280371705e-06,0.999999999988,0.00315257887685,1.9802631136e-06
1980,40,1603,1592,355,200,2,2,0.000628140703518,0.00125628140704,-7.89121486822e-07,0.999999999988,0.00125865224593,7.90610707241e-07
1980,40,1603,1592,355,207,2,2,0.000628140703518,0.00816582914573,-5.12928966445e-06,1.00000000001,0.00823823366793,5.17476989191e-06
1980,40,1603,1592,355,208,2,2,0.000628140703518,0.000628140703518,-3.94560743411e-07,0.999999999988,0.000628930569147,3.95056890167e-07
1980,40,1603,1592,355,211,2,2,0.000628140703518,0.000628140703518,-3.94560743411e-07,0.999999999988,0.000628930569147,3.95056890167e-07
1980,40,1603,1592,355,215,2,2,0.000628140703518,0.00125628140704,-7.89121486822e-07,0.999999999988,0.00125865224593,7.90610707241e-07
1980,40,1603,1592,355,218,2,3,0.000628140703518,0.00125628140704,NaN,NaN,0.00505367947228,1.58721088954e-06
1980,40,1603,1592,355,220,2,2,0.000628140703518,0.00125628140704,-7.89121486822e-07,0.999999999988,0.00125865224593,7.90610707241e-07
1980,40,1603,1592,355,221,2,3,0.000628140703518,0.000628140703518,NaN,NaN,0.00125865224593,3.9530535362e-07
1980,40,1603,1592,355,222,2,2,0.000628140703518,0.000628140703518,-3.94560743411e-07,0.999999999988,0.000628930569147,3.95056890167e-07
1980,40,1603,1592,355,226,2,2,0.000628140703518,0.000628140703518,-3.94560743411e-07,0.999999999988,0.000628930569147,3.95056890167e-07
1980,40,1603,1592,355,227,2,2,0.000628140703518,0.000628140703518,-3.94560743411e-07,0.999999999988,0.000628930569147,3.95056890167e-07
1980,40,1603,1592,355,232,2,2,0.000628140703518,0.000628140703518,-3.94560743411e-07,0.999999999988,0.000628930569147,3.95056890167e-07
1980,40,1603,1592,355,233,2,2,0.000628140703518,0.000628140703518,-3.94560743411e-07,0.999999999988,0.000628930569147,3.95056890167e-07
1980,40,1603,1592,355,240,2,2,0.000628140703518,0.00188442211055,-1.18368223023e-06,0.999999999988,0.00188916652394,1.18666238941e-06
1980,40,1603,1592,355,244,2,2,0.000628140703518,0.000628140703518,-3.94560743411e-07,0.999999999988,0.000628930569147,3.95056890167e-07
1980,40,1603,1592,355,245,2,2,0.000628140703518,0.000628140703518,-3.94560743411e-07,0.999999999988,0.000628930569147,3.95056890167e-07
1980,40,1603,1592,356,15,2,2,0.00188442211055,0.000628140703518,-1.18368223023e-06,0.999999999988,0.00188916652394,1.18666238941e-06
1980,40,1603,1592,356,20,2,3,0.00188442211055,0.000628140703518,NaN,NaN,0.00378070935797,1.18740871795e-06
1980,40,1603,1592,356,22,2,2,0.00188442211055,0.00125628140704,-2.36736446058e-06,1.00000000003,0.00378070935797,2.37481743591e-06
1980,40,1603,1592,356,26,2,2,0.00188442211055,0.00376884422111,-7.10209338151e-06,1.0,0.0113707336933,7.14242066159e-06
1980,40,1603,1592,356,33,2,2,0.00188442211055,0.000628140703518,-1.18368223023e-06,0.999999999988,0.00188916652394,1.18666238941e-06
1980,40,1603,1592,356,35,2,2,0.00188442211055,0.000628140703518,-1.18368223023e-06,0.999999999988,0.00188916652394,1.18666238941e-06
1980,40,1603,1592,356,46,2,3,0.00188442211055,0.000628140703518,NaN,NaN,0.00378070935797,1.18740871795e-06
1980,40,1603,1592,356,48,2,2,0.00188442211055,0.000628140703518,-1.18368223023e-06,0.999999999988,0.00188916652394,1.18666238941e-06
1980,40,1603,1592,356,49,2,2,0.00188442211055,0.000628140703518,-1.18368223023e-06,0.999999999988,0.00188916652394,1.18666238941e-06
1980,40,1603,1592,356,55,2,2,0.00188442211055,0.000628140703518,-1.18368223023e-06,0.999999999988,0.00188916652394,1.18666238941e-06
1980,40,1603,1592,356,60,2,2,0.00188442211055,0.000628140703518,-1.18368223023e-06,0.999999999988,0.00188916652394,1.18666238941e-06
1980,40,1603,1592,356,64,2,2,0.00188442211055,0.00251256281407,-4.73472892115e-06,1.00000000003,0.00757094191331,4.75561677972e-06
1980,40,1603,1592,356,73,2,2,0.00188442211055,0.000628140703518,-1.18368223023e-06,0.999999999988,0.00188916652394,1.18666238941e-06
1980,40,1603,1592,356,77,2,2,0.00188442211055,0.00376884422111,-7.10209338151e-06,1.0,0.0113707336933,7.14242066159e-06
1980,40,1603,1592,356,94,2,2,0.00188442211055,0.000628140703518,-1.18368223023e-06,0.999999999988,0.00188916652394,1.18666238941e-06
1980,40,1603,1592,356,97,2,3,0.00188442211055,0.000628140703518,NaN,NaN,0.00378070935797,1.18740871795e-06
1980,40,1603,1592,356,101,2,2,0.00188442211055,0.00125628140704,-2.36736446058e-06,1.00000000003,0.00378070935797,2.37481743591e-06
1980,40,1603,1592,356,105,2,2,0.00188442211055,0.292085427136,-0.000550412237065,1.0,1.24013640808,0.00077898015583
1980,40,1603,1592,356,115,2,2,0.00188442211055,0.000628140703518,-1.18368223023e-06,0.999999999988,0.00188916652394,1.18666238941e-06
1980,40,1603,1592,356,123,2,3,0.00188442211055,0.000628140703518,NaN,NaN,0.00757094191331,2.37780838986e-06
1980,40,1603,1592,356,124,2,2,0.00188442211055,0.00188442211055,-3.55104669081e-06,1.00000000002,0.00567463298852,3.56446795761e-06
1980,40,1603,1592,356,130,2,2,0.00188442211055,0.000628140703518,-1.18368223023e-06,0.999999999988,0.00188916652394,1.18666238941e-06
1980,40,1603,1592,356,131,2,2,0.00188442211055,0.00125628140704,-2.36736446058e-06,1.00000000003,0.00378070935797,2.37481743591e-06
1980,40,1603,1592,356,140,2,3,0.00188442211055,0.00125628140704,NaN,NaN,0.0170884241669,5.36696738911e-06
1980,40,1603,1592,356,146,2,2,0.00188442211055,0.000628140703518,-1.18368223023e-06,0.999999999988,0.00188916652394,1.18666238941e-06
1980,40,1603,1592,356,149,2,2,0.00188442211055,0.000628140703518,-1.18368223023e-06,0.999999999988,0.00188916652394,1.18666238941e-06
1980,40,1603,1592,356,157,2,2,0.00188442211055,0.00125628140704,-2.36736446058e-06,1.00000000003,0.00378070935797,2.37481743591e-06
1980,40,1603,1592,356,159,2,2,0.00188442211055,0.00376884422111,-7.10209338151e-06,1.0,0.0113707336933,7.14242066159e-06
1980,40,1603,1592,356,164,2,2,0.00188442211055,0.000628140703518,-1.18368223023e-06,0.999999999988,0.00188916652394,1.18666238941e-06
1980,40,1603,1592,356,167,2,2,0.00188442211055,0.00314070351759,-5.91841115127e-06,1.00000000001,0.00946964064141,5.94826673456e-06
1980,40,1603,1592,356,177,2,2,0.00188442211055,0.000628140703518,-1.18368223023e-06,0.999999999988,0.00188916652394,1.18666238941e-06
1980,40,1603,1591,356,186,2,2,0.00188560653677,0.000628535512256,-1.1851706706e-06,1.00000000009,0.0018903569222,1.18815645644e-06
1980,40,1603,1592,356,188,2,2,0.00188442211055,0.00628140703518,-1.18368223024e-05,0.999999999997,0.0189991399468,1.19341331324e-05
1980,40,1603,1592,356,192,2,3,0.00188442211055,0.000628140703518,NaN,NaN,0.00378070935797,1.18740871795e-06
1980,40,1603,1592,356,198,2,2,0.00188442211055,0.00314070351759,-5.91841115127e-06,1.00000000001,0.00946964064141,5.94826673456e-06
1980,40,1603,1592,356,200,2,2,0.00188442211055,0.00125628140704,-2.36736446058e-06,1.00000000003,0.00378070935797,2.37481743591e-06
1980,40,1603,1592,356,207,2,2,0.00188442211055,0.00816582914573,-1.53878689934e-05,1.00000000001,0.0247458082423,1.55438493984e-05
1980,40,1603,1592,356,208,2,2,0.00188442211055,0.000628140703518,-1.18368223023e-06,0.999999999988,0.00188916652394,1.18666238941e-06
1980,40,1603,1592,356,211,2,2,0.00188442211055,0.000628140703518,-1.18368223023e-06,0.999999999988,0.00188916652394,1.18666238941e-06
1980,40,1603,1592,356,215,2,2,0.00188442211055,0.00125628140704,-2.36736446058e-06,1.00000000003,0.00378070935797,2.37481743591e-06
1980,40,1603,1592,356,218,2,3,0.00188442211055,0.00125628140704,NaN,NaN,0.015180120907,4.767625913e-06
1980,40,1603,1592,356,220,2,2,0.00188442211055,0.00125628140704,-2.36736446058e-06,1.00000000003,0.00378070935797,2.37481743591e-06
1980,40,1603,1592,356,221,2,3,0.00188442211055,0.000628140703518,NaN,NaN,0.00378070935797,1.18740871795e-06
1980,40,1603,1592,356,222,2,2,0.00188442211055,0.000628140703518,-1.18368223023e-06,0.999999999988,0.00188916652394,1.18666238941e-06
1980,40,1603,1592,356,226,2,2,0.00188442211055,0.000628140703518,-1.18368223023e-06,0.999999999988,0.00188916652394,1.18666238941e-06
1980,40,1603,1592,356,227,2,2,0.00188442211055,0.000628140703518,-1.18368223023e-06,0.999999999988,0.00188916652394,1.18666238941e-06
1980,40,1603,1592,356,232,2,2,0.00188442211055,0.000628140703518,-1.18368223023e-06,0.999999999988,0.00188916652394,1.18666238941e-06
1980,40,1603,1592,356,233,2,2,0.00188442211055,0.000628140703518,-1.18368223023e-06,0.999999999988,0.00188916652394,1.18666238941e-06
1980,40,1603,1592,356,240,2,2,0.00188442211055,0.00188442211055,-3.55104669081e-06,1.00000000002,0.00567463298852,3.56446795761e-06
1980,40,1603,1592,356,244,2,2,0.00188442211055,0.000628140703518,-1.18368223023e-06,0.999999999988,0.00188916652394,1.18666238941e-06
1980,40,1603,1592,356,245,2,2,0.00188442211055,0.000628140703518,-1.18368223023e-06,0.999999999988,0.00188916652394,1.18666238941e-06
1980,40,1603,1592,367,15,2,2,0.000628140703518,0.000628140703518,-3.94560743411e-07,0.999999999988,0.000628930569147,3.95056890167e-07
1980,40,1603,1592,367,20,2,3,0.000628140703518,0.000628140703518,NaN,NaN,0.00125865224593,3.9530535362e-07
1980,40,1603,1592,367,22,2,2,0.000628140703518,0.00125628140704,-7.89121486822e-07,0.999999999988,0.00125865224593,7.90610707241e-07
1980,40,1603,1592,367,26,2,2,0.000628140703518,0.00376884422111,-2.36736446046e-06,0.999999999988,0.0037854799578,2.37781404385e-06
1980,40,1603,1592,367,33,2,2,0.000628140703518,0.000628140703518,-3.94560743411e-07,0.999999999988,0.000628930569147,3.95056890167e-07
1980,40,1603,1592,367,35,2,2,0.000628140703518,0.000628140703518,-3.94560743411e-07,0.999999999988,0.000628930569147,3.95056890167e-07
1980,40,1603,1592,367,46,2,3,0.000628140703518,0.000628140703518,NaN,NaN,0.00125865224593,3.9530535362e-07
1980,40,1603,1592,367,48,2,2,0.000628140703518,0.000628140703518,-3.94560743411e-07,0.999999999988,0.000628930569147,3.95056890167e-07
1980,40,1603,1592,367,49,2,2,0.000628140703518,0.000628140703518,-3.94560743411e-07,0.999999999988,0.000628930569147,3.95056890167e-07
1980,40,1603,1592,367,55,2,2,0.000628140703518,0.000628140703518,-3.94560743411e-07,0.999999999988,0.000628930569147,3.95056890167e-07
1980,40,1603,1592,367,60,2,2,0.000628140703518,0.000628140703518,-3.94560743411e-07,0.999999999988,0.000628930569147,3.95056890167e-07
1980,40,1603,1592,367,64,2,2,0.000628140703518,0.00251256281407,-1.57824297375e-06,1.00000000006,0.00252047490053,1.58321287722e-06
1980,40,1603,1592,367,73,2,2,0.000628140703518,0.000628140703518,-3.94560743411e-07,0.999999999988,0.000628930569147,3.95056890167e-07
1980,40,1603,1592,367,77,2,2,0.000628140703518,0.00376884422111,-2.36736446046e-06,0.999999999988,0.0037854799578,2.37781404385e-06
1980,40,1603,1592,367,94,2,2,0.000628140703518,0.000628140703518,-3.94560743411e-07,0.999999999988,0.000628930569147,3.95056890167e-07
1980,40,1603,1592,367,97,2,3,0.000628140703518,0.000628140703518,NaN,NaN,0.00125865224593,3.9530535362e-07
1980,40,1603,1592,367,101,2,2,0.000628140703518,0.00125628140704,-7.89121486822e-07,0.999999999988,0.00125865224593,7.90610707241e-07
1980,40,1603,1592,367,105,2,2,0.000628140703518,0.292085427136,-0.000183470745688,1.0,0.412859156179,0.000259333640816
1980,40,1603,1592,367,115,2,2,0.000628140703518,0.000628140703518,-3.94560743411e-07,0.999999999988,0.000628930569147,3.95056890167e-07
1980,40,1603,1592,367,123,2,3,0.000628140703518,0.000628140703518,NaN,NaN,0.00252047490053,7.9160643861e-07
1980,40,1603,1592,367,124,2,2,0.000628140703518,0.00188442211055,-1.18368223023e-06,0.999999999988,0.00188916652394,1.18666238941e-06
1980,40,1603,1592,367,130,2,2,0.000628140703518,0.000628140703518,-3.94560743411e-07,0.999999999988,0.000628930569147,3.95056890167e-07
1980,40,1603,1592,367,131,2,2,0.000628140703518,0.00125628140704,-7.89121486822e-07,0.999999999988,0.00125865224593,7.90610707241e-07
1980,40,1603,1592,367,140,2,3,0.000628140703518,0.00125628140704,NaN,NaN,0.00568898093469,1.78674024331e-06
1980,40,1603,1592,367,146,2,2,0.000628140703518,0.000628140703518,-3.94560743411e-07,0.999999999988,0.000628930569147,3.95056890167e-07
1980,40,1603,1592,367,149,2,2,0.000628140703518,0.000628140703518,-3.94560743411e-07,0.999999999988,0.000628930569147,3.95056890167e-07
1980,40,1603,1592,367,157,2,2,0.000628140703518,0.00125628140704,-7.89121486822e-07,0.999999999988,0.00125865224593,7.90610707241e-07
1980,40,1603,1592,367,159,2,2,0.000628140703518,0.00376884422111,-2.36736446046e-06,0.999999999988,0.0037854799578,2.37781404385e-06
1980,40,1603,1592,367,164,2,2,0.000628140703518,0.000628140703518,-3.94560743411e-07,0.999999999988,0.000628930569147,3.95056890167e-07
1980,40,1603,1592,367,167,2,2,0.000628140703518,0.00314070351759,-1.97280371705e-06,0.999999999988,0.00315257887685,1.9802631136e-06
1980,40,1603,1592,367,177,2,2,0.000628140703518,0.000628140703518,-3.94560743411e-07,0.999999999988,0.000628930569147,3.95056890167e-07
1980,40,1603,1591,367,186,2,2,0.000628535512256,0.000628535512256,-3.95056890312e-07,1.00000000037,0.000629326371583,3.9555397334e-07
1980,40,1603,1592,367,188,2,2,0.000628140703518,0.00628140703518,-3.94560743411e-06,0.999999999988,0.0063250855595,3.97304369315e-06
1980,40,1603,1592,367,192,2,3,0.000628140703518,0.000628140703518,NaN,NaN,0.00125865224593,3.9530535362e-07
1980,40,1603,1592,367,198,2,2,0.000628140703518,0.00314070351759,-1.97280371705e-06,0.999999999988,0.00315257887685,1.9802631136e-06
1980,40,1603,1592,367,200,2,2,0.000628140703518,0.00125628140704,-7.89121486822e-07,0.999999999988,0.00125865224593,7.90610707241e-07
1980,40,1603,1592,367,207,2,2,0.000628140703518,0.00816582914573,-5.12928966445e-06,1.00000000001,0.00823823366793,5.17476989191e-06
1980,40,1603,1592,367,208,2,2,0.000628140703518,0.000628140703518,-3.94560743411e-07,0.999999999988,0.000628930569147,3.95056890167e-07
1980,40,1603,1592,367,211,2,2,0.000628140703518,0.000628140703518,-3.94560743411e-07,0.999999999988,0.000628930569147,3.95056890167e-07
1980,40,1603,1592,367,215,2,2,0.000628140703518,0.00125628140704,-7.89121486822e-07,0.999999999988,0.00125865224593,7.90610707241e-07
1980,40,1603,1592,367,218,2,3,0.000628140703518,0.00125628140704,NaN,NaN,0.00505367947228,1.58721088954e-06
1980,40,1603,1592,367,220,2,2,0.000628140703518,0.00125628140704,-7.89121486822e-07,0.999999999988,0.00125865224593,7.90610707241e-07
1980,40,1603,1592,367,221,2,3,0.000628140703518,0.000628140703518,NaN,NaN,0.00125865224593,3.9530535362e-07
1980,40,1603,1592,367,222,2,2,0.000628140703518,0.000628140703518,-3.94560743411e-07,0.999999999988,0.000628930569147,3.95056890167e-07
1980,40,1603,1592,367,226,2,2,0.000628140703518,0.000628140703518,-3.94560743411e-07,0.999999999988,0.000628930569147,3.95056890167e-07
1980,40,1603,1592,367,227,2,2,0.000628140703518,0.000628140703518,-3.94560743411e-07,0.999999999988,0.000628930569147,3.95056890167e-07
1980,40,1603,1592,367,232,2,2,0.000628140703518,0.000628140703518,-3.94560743411e-07,0.999999999988,0.000628930569147,3.95056890167e-07
1980,40,1603,1592,367,233,2,2,0.000628140703518,0.000628140703518,-3.94560743411e-07,0.999999999988,0.000628930569147,3.95056890167e-07
1980,40,1603,1592,367,240,2,2,0.000628140703518,0.00188442211055,-1.18368223023e-06,0.999999999988,0.00188916652394,1.18666238941e-06
1980,40,1603,1592,367,244,2,2,0.000628140703518,0.000628140703518,-3.94560743411e-07,0.999999999988,0.000628930569147,3.95056890167e-07
1980,40,1603,1592,367,245,2,2,0.000628140703518,0.000628140703518,-3.94560743411e-07,0.999999999988,0.000628930569147,3.95056890167e-07
1980,40,1603,1592,369,15,2,2,0.00125628140704,0.000628140703518,-7.89121486822e-07,0.999999999988,0.00125865224593,7.90610707241e-07
1980,40,1603,1592,369,20,2,3,0.00125628140704,0.000628140703518,NaN,NaN,0.00251888770223,7.91107946679e-07
1980,40,1603,1592,369,22,2,2,0.00125628140704,0.00125628140704,-1.57824297364e-06,0.999999999988,0.00251888770223,1.58221589336e-06
1980,40,1603,1592,369,26,2,2,0.00125628140704,0.00376884422111,-4.73472892104e-06,1.00000000001,0.00757572152561,4.75861904875e-06
1980,40,1603,1592,369,33,2,2,0.00125628140704,0.000628140703518,-7.89121486822e-07,0.999999999988,0.00125865224593,7.90610707241e-07
1980,40,1603,1592,369,35,2,2,0.00125628140704,0.000628140703518,-7.89121486822e-07,0.999999999988,0.00125865224593,7.90610707241e-07
1980,40,1603,1592,369,46,2,3,0.00125628140704,0.000628140703518,NaN,NaN,0.00251888770223,7.91107946679e-07
1980,40,1603,1592,369,48,2,2,0.00125628140704,0.000628140703518,-7.89121486822e-07,0.999999999988,0.00125865224593,7.90610707241e-07
1980,40,1603,1592,369,49,2,2,0.00125628140704,0.000628140703518,-7.89121486822e-07,0.999999999988,0.00125865224593,7.90610707241e-07
1980,40,1603,1592,369,55,2,2,0.00125628140704,0.000628140703518,-7.89121486822e-07,0.999999999988,0.00125865224593,7.90610707241e-07
1980,40,1603,1592,369,60,2,2,0.00125628140704,0.000628140703518,-7.89121486822e-07,0.999999999988,0.00125865224593,7.90610707241e-07
1980,40,1603,1592,369,64,2,2,0.00125628140704,0.00251256281407,-3.1564859474e-06,1.00000000002,0.00504412020975,3.16841721718e-06
1980,40,1603,1592,369,73,2,2,0.00125628140704,0.000628140703518,-7.89121486822e-07,0.999999999988,0.00125865224593,7.90610707241e-07
1980,40,1603,1592,369,77,2,2,0.00125628140704,0.00376884422111,-4.73472892104e-06,1.00000000001,0.00757572152561,4.75861904875e-06
1980,40,1603,1592,369,94,2,2,0.00125628140704,0.000628140703518,-7.89121486822e-07,0.999999999988,0.00125865224593,7.90610707241e-07
1980,40,1603,1592,369,97,2,3,0.00125628140704,0.000628140703518,NaN,NaN,0.00251888770223,7.91107946679e-07
1980,40,1603,1592,369,101,2,2,0.00125628140704,0.00125628140704,-1.57824297364e-06,0.999999999988,0.00251888770223,1.58221589336e-06
1980,40,1603,1592,369,105,2,2,0.00125628140704,0.292085427136,-0.000366941491377,1.0,0.82623763205,0.000518993487469
1980,40,1603,1592,369,115,2,2,0.00125628140704,0.000628140703518,-7.89121486822e-07,0.999999999988,0.00125865224593,7.90610707241e-07
1980,40,1603,1592,369,123,2,3,0.00125628140704,0.000628140703518,NaN,NaN,0.00504412020975,1.58420860859e-06
1980,40,1603,1592,369,124,2,2,0.00125628140704,0.00188442211055,-2.36736446058e-06,1.00000000003,0.00378070935797,2.37481743591e-06
1980,40,1603,1592,369,130,2,2,0.00125628140704,0.000628140703518,-7.89121486822e-07,0.999999999988,0.00125865224593,7.90610707241e-07
1980,40,1603,1592,369,131,2,2,0.00125628140704,0.00125628140704,-1.57824297364e-06,0.999999999988,0.00251888770223,1.58221589336e-06
1980,40,1603,1592,369,140,2,3,0.00125628140704,0.00125628140704,NaN,NaN,0.0113851178202,3.57572795862e-06
1980,40,1603,1592,369,146,2,2,0.00125628140704,0.000628140703518,-7.89121486822e-07,0.999999999988,0.00125865224593,7.90610707241e-07
1980,40,1603,1592,369,149,2,2,0.00125628140704,0.000628140703518,-7.89121486822e-07,0.999999999988,0.00125865224593,7.90610707241e-07
1980,40,1603,1592,369,157,2,2,0.00125628140704,0.00125628140704,-1.57824297364e-06,0.999999999988,0.00251888770223,1.58221589336e-06
1980,40,1603,1592,369,159,2,2,0.00125628140704,0.00376884422111,-4.73472892104e-06,1.00000000001,0.00757572152561,4.75861904875e-06
1980,40,1603,1592,369,164,2,2,0.00125628140704,0.000628140703518,-7.89121486822e-07,0.999999999988,0.00125865224593,7.90610707241e-07
1980,40,1603,1592,369,167,2,2,0.00125628140704,0.00314070351759,-3.94560743411e-06,0.999999999988,0.00630912326172,3.9630171242e-06
1980,40,1603,1592,369,177,2,2,0.00125628140704,0.000628140703518,-7.89121486822e-07,0.999999999988,0.00125865224593,7.90610707241e-07
1980,40,1603,1591,369,186,2,2,0.00125707102451,0.000628535512256,-7.90113780291e-07,0.999999999945,0.00125944484684,7.9160581197e-07
1980,40,1603,1592,369,188,2,2,0.00125628140704,0.00628140703518,-7.89121486833e-06,1.0,0.0126581272015,7.95108492554e-06
1980,40,1603,1592,369,192,2,3,0.00125628140704,0.000628140703518,NaN,NaN,0.00251888770223,7.91107946679e-07
1980,40,1603,1592,369,198,2,2,0.00125628140704,0.00314070351759,-3.94560743411e-06,0.999999999988,0.00630912326172,3.9630171242e-06
1980,40,1603,1592,369,200,2,2,0.00125628140704,0.00125628140704,-1.57824297364e-06,0.999999999988,0.00251888770223,1.58221589336e-06
1980,40,1603,1592,369,207,2,2,0.00125628140704,0.00816582914573,-1.02585793289e-05,1.00000000001,0.0164868298939,1.03560489283e-05
1980,40,1603,1592,369,208,2,2,0.00125628140704,0.000628140703518,-7.89121486822e-07,0.999999999988,0.00125865224593,7.90610707241e-07
1980,40,1603,1592,369,211,2,2,0.00125628140704,0.000628140703518,-7.89121486822e-07,0.999999999988,0.00125865224593,7.90610707241e-07
1980,40,1603,1592,369,215,2,2,0.00125628140704,0.00125628140704,-1.57824297364e-06,0.999999999988,0.00251888770223,1.58221589336e-06
1980,40,1603,1592,369,218,2,3,0.00125628140704,0.00125628140704,NaN,NaN,0.0101137157741,3.17641827076e-06
1980,40,1603,1592,369,220,2,2,0.00125628140704,0.00125628140704,-1.57824297364e-06,0.999999999988,0.00251888770223,1.58221589336e-06
1980,40,1603,1592,369,221,2,3,0.00125628140704,0.000628140703518,NaN,NaN,0.00251888770223,7.91107946679e-07
1980,40,1603,1592,369,222,2,2,0.00125628140704,0.000628140703518,-7.89121486822e-07,0.999999999988,0.00125865224593,7.90610707241e-07
1980,40,1603,1592,369,226,2,2,0.00125628140704,0.000628140703518,-7.89121486822e-07,0.999999999988,0.00125865224593,7.90610707241e-07
1980,40,1603,1592,369,227,2,2,0.00125628140704,0.000628140703518,-7.89121486822e-07,0.999999999988,0.00125865224593,7.90610707241e-07
1980,40,1603,1592,369,232,2,2,0.00125628140704,0.000628140703518,-7.89121486822e-07,0.999999999988,0.00125865224593,7.90610707241e-07
1980,40,1603,1592,369,233,2,2,0.00125628140704,0.000628140703518,-7.89121486822e-07,0.999999999988,0.00125865224593,7.90610707241e-07
1980,40,1603,1592,369,240,2,2,0.00125628140704,0.00188442211055,-2.36736446058e-06,1.00000000003,0.00378070935797,2.37481743591e-06
1980,40,1603,1592,369,244,2,2,0.00125628140704,0.000628140703518,-7.89121486822e-07,0.999999999988,0.00125865224593,7.90610707241e-07
1980,40,1603,1592,369,245,2,2,0.00125628140704,0.000628140703518,-7.89121486822e-07,0.999999999988,0.00125865224593,7.90610707241e-07
1980,40,1603,1592,372,15,2,2,0.000628140703518,0.000628140703518,-3.94560743411e-07,0.999999999988,0.000628930569147,3.95056890167e-07
1980,40,1603,1592,372,20,2,3,0.000628140703518,0.000628140703518,NaN,NaN,0.00125865224593,3.9530535362e-07
1980,40,1603,1592,372,22,2,2,0.000628140703518,0.00125628140704,-7.89121486822e-07,0.999999999988,0.00125865224593,7.90610707241e-07
1980,40,1603,1592,372,26,2,2,0.000628140703518,0.00376884422111,-2.36736446046e-06,0.999999999988,0.0037854799578,2.37781404385e-06
1980,40,1603,1592,372,33,2,2,0.000628140703518,0.000628140703518,-3.94560743411e-07,0.999999999988,0.000628930569147,3.95056890167e-07
1980,40,1603,1592,372,35,2,2,0.000628140703518,0.000628140703518,-3.94560743411e-07,0.999999999988,0.000628930569147,3.95056890167e-07
1980,40,1603,1592,372,46,2,3,0.000628140703518,0.000628140703518,NaN,NaN,0.00125865224593,3.9530535362e-07
1980,40,1603,1592,372,48,2,2,0.000628140703518,0.000628140703518,-3.94560743411e-07,0.999999999988,0.000628930569147,3.95056890167e-07
1980,40,1603,1592,372,49,2,2,0.000628140703518,0.000628140703518,-3.94560743411e-07,0.999999999988,0.000628930569147,3.95056890167e-07
1980,40,1603,1592,372,55,2,2,0.000628140703518,0.000628140703518,-3.94560743411e-07,0.999999999988,0.000628930569147,3.95056890167e-07
1980,40,1603,1592,372,60,2,2,0.000628140703518,0.000628140703518,-3.94560743411e-07,0.999999999988,0.000628930569147,3.95056890167e-07
1980,40,1603,1592,372,64,2,2,0.000628140703518,0.00251256281407,-1.57824297375e-06,1.00000000006,0.00252047490053,1.58321287722e-06
1980,40,1603,1592,372,73,2,2,0.000628140703518,0.000628140703518,-3.94560743411e-07,0.999999999988,0.000628930569147,3.95056890167e-07
1980,40,1603,1592,372,77,2,2,0.000628140703518,0.00376884422111,-2.36736446046e-06,0.999999999988,0.0037854799578,2.37781404385e-06
1980,40,1603,1592,372,94,2,2,0.000628140703518,0.000628140703518,-3.94560743411e-07,0.999999999988,0.000628930569147,3.95056890167e-07
1980,40,1603,1592,372,97,2,3,0.000628140703518,0.000628140703518,NaN,NaN,0.00125865224593,3.9530535362e-07
1980,40,1603,1592,372,101,2,2,0.000628140703518,0.00125628140704,-7.89121486822e-07,0.999999999988,0.00125865224593,7.90610707241e-07
1980,40,1603,1592,372,105,2,2,0.000628140703518,0.292085427136,-0.000183470745688,1.0,0.412859156179,0.000259333640816
1980,40,1603,1592,372,115,2,2,0.000628140703518,0.000628140703518,-3.94560743411e-07,0.999999999988,0.000628930569147,3.95056890167e-07
1980,40,1603,1592,372,123,2,3,0.000628140703518,0.000628140703518,NaN,NaN,0.00252047490053,7.9160643861e-07
1980,40,1603,1592,372,124,2,2,0.000628140703518,0.00188442211055,-1.18368223023e-06,0.999999999988,0.00188916652394,1.18666238941e-06
1980,40,1603,1592,372,130,2,2,0.000628140703518,0.000628140703518,-3.94560743411e-07,0.999999999988,0.000628930569147,3.95056890167e-07
1980,40,1603,1592,372,131,2,2,0.000628140703518,0.00125628140704,-7.89121486822e-07,0.999999999988,0.00125865224593,7.90610707241e-07
1980,40,1603,1592,372,140,2,3,0.000628140703518,0.00125628140704,NaN,NaN,0.00568898093469,1.78674024331e-06
1980,40,1603,1592,372,146,2,2,0.000628140703518,0.000628140703518,-3.94560743411e-07,0.999999999988,0.000628930569147,3.95056890167e-07
1980,40,1603,1592,372,149,2,2,0.000628140703518,0.000628140703518,-3.94560743411e-07,0.999999999988,0.000628930569147,3.95056890167e-07
1980,40,1603,1592,372,157,2,2,0.000628140703518,0.00125628140704,-7.89121486822e-07,0.999999999988,0.00125865224593,7.90610707241e-07
1980,40,1603,1592,372,159,2,2,0.000628140703518,0.00376884422111,-2.36736446046e-06,0.999999999988,0.0037854799578,2.37781404385e-06
1980,40,1603,1592,372,164,2,2,0.000628140703518,0.000628140703518,-3.94560743411e-07,0.999999999988,0.000628930569147,3.95056890167e-07
1980,40,1603,1592,372,167,2,2,0.000628140703518,0.00314070351759,-1.97280371705e-06,0.999999999988,0.00315257887685,1.9802631136e-06
1980,40,1603,1592,372,177,2,2,0.000628140703518,0.000628140703518,-3.94560743411e-07,0.999999999988,0.000628930569147,3.95056890167e-07
1980,40,1603,1591,372,186,2,2,0.000628535512256,0.000628535512256,-3.95056890312e-07,1.00000000037,0.000629326371583,3.9555397334e-07
1980,40,1603,1592,372,188,2,2,0.000628140703518,0.00628140703518,-3.94560743411e-06,0.999999999988,0.0063250855595,3.97304369315e-06
1980,40,1603,1592,372,192,2,3,0.000628140703518,0.000628140703518,NaN,NaN,0.00125865224593,3.9530535362e-07
1980,40,1603,1592,372,198,2,2,0.000628140703518,0.00314070351759,-1.97280371705e-06,0.999999999988,0.00315257887685,1.9802631136e-06
1980,40,1603,1592,372,200,2,2,0.000628140703518,0.00125628140704,-7.89121486822e-07,0.999999999988,0.00125865224593,7.90610707241e-07
1980,40,1603,1592,372,207,2,2,0.000628140703518,0.00816582914573,-5.12928966445e-06,1.00000000001,0.00823823366793,5.17476989191e-06
1980,40,1603,1592,372,208,2,2,0.000628140703518,0.000628140703518,-3.94560743411e-07,0.999999999988,0.000628930569147,3.95056890167e-07
1980,40,1603,1592,372,211,2,2,0.000628140703518,0.000628140703518,-3.94560743411e-07,0.999999999988,0.000628930569147,3.95056890167e-07
1980,40,1603,1592,372,215,2,2,0.000628140703518,0.00125628140704,-7.89121486822e-07,0.999999999988,0.00125865224593,7.90610707241e-07
1980,40,1603,1592,372,218,2,3,0.000628140703518,0.00125628140704,NaN,NaN,0.00505367947228,1.58721088954e-06
1980,40,1603,1592,372,220,2,2,0.000628140703518,0.00125628140704,-7.89121486822e-07,0.999999999988,0.00125865224593,7.90610707241e-07
1980,40,1603,1592,372,221,2,3,0.000628140703518,0.000628140703518,NaN,NaN,0.00125865224593,3.9530535362e-07
1980,40,1603,1592,372,222,2,2,0.000628140703518,0.000628140703518,-3.94560743411e-07,0.999999999988,0.000628930569147,3.95056890167e-07
1980,40,1603,1592,372,226,2,2,0.000628140703518,0.000628140703518,-3.94560743411e-07,0.999999999988,0.000628930569147,3.95056890167e-07
1980,40,1603,1592,372,227,2,2,0.000628140703518,0.000628140703518,-3.94560743411e-07,0.999999999988,0.000628930569147,3.95056890167e-07
1980,40,1603,1592,372,232,2,2,0.000628140703518,0.000628140703518,-3.94560743411e-07,0.999999999988,0.000628930569147,3.95056890167e-07
1980,40,1603,1592,372,233,2,2,0.000628140703518,0.000628140703518,-3.94560743411e-07,0.999999999988,0.000628930569147,3.95056890167e-07
1980,40,1603,1592,372,240,2,2,0.000628140703518,0.00188442211055,-1.18368223023e-06,0.999999999988,0.00188916652394,1.18666238941e-06
1980,40,1603,1592,372,244,2,2,0.000628140703518,0.000628140703518,-3.94560743411e-07,0.999999999988,0.000628930569147,3.95056890167e-07
1980,40,1603,1592,372,245,2,2,0.000628140703518,0.000628140703518,-3.94560743411e-07,0.999999999988,0.000628930569147,3.95056890167e-07
1980,40,1603,1593,379,15,2,2,0.00125549278092,0.000627746390458,-7.88131061413e-07,0.999999999932,0.00125786064199,7.89617477709e-07
1980,40,1603,1593,379,20,2,3,0.00125549278092,0.000627746390458,NaN,NaN,0.00251730250415,7.90113780335e-07
1980,40,1603,1593,379,22,2,2,0.00125549278092,0.00125549278092,-1.57626212294e-06,1.0,0.00251730250415,1.58022756067e-06
1980,40,1603,1593,379,26,2,2,0.00125549278092,0.00376647834275,-4.72878636881e-06,1.0,0.00757094193591,4.75263147264e-06
1980,40,1603,1593,379,33,2,2,0.00125549278092,0.000627746390458,-7.88131061413e-07,0.999999999932,0.00125786064199,7.89617477709e-07
1980,40,1603,1593,379,35,2,2,0.00125549278092,0.000627746390458,-7.88131061413e-07,0.999999999932,0.00125786064199,7.89617477709e-07
1980,40,1603,1593,379,46,2,3,0.00125549278092,0.000627746390458,NaN,NaN,0.00251730250415,7.90113780335e-07
1980,40,1603,1593,379,48,2,2,0.00125549278092,0.000627746390458,-7.88131061413e-07,0.999999999932,0.00125786064199,7.89617477709e-07
1980,40,1603,1593,379,49,2,2,0.00125549278092,0.000627746390458,-7.88131061413e-07,0.999999999932,0.00125786064199,7.89617477709e-07
1980,40,1603,1593,379,55,2,2,0.00125549278092,0.000627746390458,-7.88131061413e-07,0.999999999932,0.00125786064199,7.89617477709e-07
1980,40,1603,1593,379,60,2,2,0.00125549278092,0.000627746390458,-7.88131061413e-07,0.999999999932,0.00125786064199,7.89617477709e-07
1980,40,1603,1593,379,64,2,2,0.00125549278092,0.00251098556183,-3.15252424588e-06,1.0,0.00504094183021,3.16443303842e-06
1980,40,1603,1593,379,73,2,2,0.00125549278092,0.000627746390458,-7.88131061413e-07,0.999999999932,0.00125786064199,7.89617477709e-07
1980,40,1603,1593,379,77,2,2,0.00125549278092,0.00376647834275,-4.72878636881e-06,1.0,0.00757094193591,4.75263147264e-06
1980,40,1603,1593,379,94,2,2,0.00125549278092,0.000627746390458,-7.88131061413e-07,0.999999999932,0.00125786064199,7.89617477709e-07
1980,40,1603,1593,379,97,2,3,0.00125549278092,0.000627746390458,NaN,NaN,0.00251730250415,7.90113780335e-07
1980,40,1603,1593,379,101,2,2,0.00125549278092,0.00125549278092,-1.57626212294e-06,1.0,0.00251730250415,1.58022756067e-06
1980,40,1603,1593,379,105,2,2,0.00125549278092,0.291902071563,-0.000366480943582,1.0,0.825504500047,0.000518207470211
1980,40,1603,1593,379,115,2,2,0.00125549278092,0.000627746390458,-7.88131061413e-07,0.999999999932,0.00125786064199,7.89617477709e-07
1980,40,1603,1593,379,123,2,3,0.00125549278092,0.000627746390458,NaN,NaN,0.00504094183021,1.58221651921e-06
1980,40,1603,1593,379,124,2,2,0.00125549278092,0.00188323917137,-2.36439318435e-06,0.999999999979,0.0037783285699,2.37183212172e-06
1980,40,1603,1593,379,130,2,2,0.00125549278092,0.000627746390458,-7.88131061413e-07,0.999999999932,0.00125786064199,7.89617477709e-07
1980,40,1603,1593,379,131,2,2,0.00125549278092,0.00125549278092,-1.57626212294e-06,1.0,0.00251730250415,1.58022756067e-06
1980,40,1603,1593,379,140,2,3,0.00125549278092,0.00125549278092,NaN,NaN,0.0113779212616,3.57122450146e-06
1980,40,1603,1593,379,146,2,2,0.00125549278092,0.000627746390458,-7.88131061413e-07,0.999999999932,0.00125786064199,7.89617477709e-07
1980,40,1603,1593,379,149,2,2,0.00125549278092,0.000627746390458,-7.88131061413e-07,0.999999999932,0.00125786064199,7.89617477709e-07
1980,40,1603,1593,379,157,2,2,0.00125549278092,0.00125549278092,-1.57626212294e-06,1.0,0.00251730250415,1.58022756067e-06
1980,40,1603,1593,379,159,2,2,0.00125549278092,0.00376647834275,-4.72878636881e-06,1.0,0.00757094193591,4.75263147264e-06
1980,40,1603,1593,379,164,2,2,0.00125549278092,0.000627746390458,-7.88131061413e-07,0.999999999932,0.00125786064199,7.89617477709e-07
1980,40,1603,1593,379,167,2,2,0.00125549278092,0.00313873195229,-3.94065530729e-06,0.999999999989,0.00630514528353,3.95803219305e-06
1980,40,1603,1593,379,177,2,2,0.00125549278092,0.000627746390458,-7.88131061413e-07,0.999999999932,0.00125786064199,7.89617477709e-07
1980,40,1603,1592,379,186,2,2,0.00125628140704,0.000628140703518,-7.89121486822e-07,0.999999999988,0.00125865224593,7.90610707241e-07
1980,40,1603,1593,379,188,2,2,0.00125549278092,0.00627746390458,-7.88131061469e-06,1.0,0.0126501209226,7.94106774803e-06
1980,40,1603,1593,379,192,2,3,0.00125549278092,0.000627746390458,NaN,NaN,0.00251730250415,7.90113780335e-07
1980,40,1603,1593,379,198,2,2,0.00125549278092,0.00313873195229,-3.94065530729e-06,0.999999999989,0.00630514528353,3.95803219305e-06
1980,40,1603,1593,379,200,2,2,0.00125549278092,0.00125549278092,-1.57626212294e-06,1.0,0.00251730250415,1.58022756067e-06
1980,40,1603,1593,379,207,2,2,0.00125549278092,0.00816070307596,-1.0245703799e-05,0.999999999997,0.0164763821814,1.03429894422e-05
1980,40,1603,1593,379,208,2,2,0.00125549278092,0.000627746390458,-7.88131061413e-07,0.999999999932,0.00125786064199,7.89617477709e-07
1980,40,1603,1593,379,211,2,2,0.00125549278092,0.000627746390458,-7.88131061413e-07,0.999999999932,0.00125786064199,7.89617477709e-07
1980,40,1603,1593,379,215,2,2,0.00125549278092,0.00125549278092,-1.57626212294e-06,1.0,0.00251730250415,1.58022756067e-06
1980,40,1603,1593,379,218,2,3,0.00125549278092,0.00125549278092,NaN,NaN,0.0101073268999,3.17241898931e-06
1980,40,1603,1593,379,220,2,2,0.00125549278092,0.00125549278092,-1.57626212294e-06,1.0,0.00251730250415,1.58022756067e-06
1980,40,1603,1593,379,221,2,3,0.00125549278092,0.000627746390458,NaN,NaN,0.00251730250415,7.90113780335e-07
1980,40,1603,1593,379,222,2,2,0.00125549278092,0.000627746390458,-7.88131061413e-07,0.999999999932,0.00125786064199,7.89617477709e-07
1980,40,1603,1593,379,226,2,2,0.00125549278092,0.000627746390458,-7.88131061413e-07,0.999999999932,0.00125786064199,7.89617477709e-07
1980,40,1603,1593,379,227,2,2,0.00125549278092,0.000627746390458,-7.88131061413e-07,0.999999999932,0.00125786064199,7.89617477709e-07
1980,40,1603,1593,379,232,2,2,0.00125549278092,0.000627746390458,-7.88131061413e-07,0.999999999932,0.00125786064199,7.89617477709e-07
1980,40,1603,1593,379,233,2,2,0.00125549278092,0.000627746390458,-7.88131061413e-07,0.999999999932,0.00125786064199,7.89617477709e-07
1980,40,1603,1593,379,240,2,2,0.00125549278092,0.00188323917137,-2.36439318435e-06,0.999999999979,0.0037783285699,2.37183212172e-06
1980,40,1603,1593,379,244,2,2,0.00125549278092,0.000627746390458,-7.88131061413e-07,0.999999999932,0.00125786064199,7.89617477709e-07
1980,40,1603,1593,379,245,2,2,0.00125549278092,0.000627746390458,-7.88131061413e-07,0.999999999932,0.00125786064199,7.89617477709e-07
1980,40,1603,1592,380,15,3,2,0.000628140703518,0.000628140703518,NaN,NaN,0.00188916652394,5.93331194704e-07
1980,40,1603,1592,380,20,3,3,0.000628140703518,0.000628140703518,NaN,NaN,0.00378070935797,5.93704358977e-07
1980,40,1603,1592,380,22,3,2,0.000628140703518,0.00125628140704,NaN,NaN,0.00378070935797,1.18740871795e-06
1980,40,1603,1592,380,26,3,2,0.000628140703518,0.00376884422111,NaN,NaN,0.0113707336933,3.5712103308e-06
1980,40,1603,1592,380,33,3,2,0.000628140703518,0.000628140703518,NaN,NaN,0.00188916652394,5.93331194704e-07
1980,40,1603,1592,380,35,3,2,0.000628140703518,0.000628140703518,NaN,NaN,0.00188916652394,5.93331194704e-07
1980,40,1603,1592,380,46,3,3,0.000628140703518,0.000628140703518,NaN,NaN,0.00378070935797,5.93704358977e-07
1980,40,1603,1592,380,48,3,2,0.000628140703518,0.000628140703518,NaN,NaN,0.00188916652394,5.93331194704e-07
1980,40,1603,1592,380,49,3,2,0.000628140703518,0.000628140703518,NaN,NaN,0.00188916652394,5.93331194704e-07
1980,40,1603,1592,380,55,3,2,0.000628140703518,0.000628140703518,NaN,NaN,0.00188916652394,5.93331194704e-07
1980,40,1603,1592,380,60,3,2,0.000628140703518,0.000628140703518,NaN,NaN,0.00188916652394,5.93331194704e-07
1980,40,1603,1592,380,64,3,2,0.000628140703518,0.00251256281407,NaN,NaN,0.00757094191331,2.37780838986e-06
1980,40,1603,1592,380,73,3,2,0.000628140703518,0.000628140703518,NaN,NaN,0.00188916652394,5.93331194704e-07
1980,40,1603,1592,380,77,3,2,0.000628140703518,0.00376884422111,NaN,NaN,0.0113707336933,3.5712103308e-06
1980,40,1603,1592,380,94,3,2,0.000628140703518,0.000628140703518,NaN,NaN,0.00188916652394,5.93331194704e-07
1980,40,1603,1592,380,97,3,3,0.000628140703518,0.000628140703518,NaN,NaN,0.00378070935797,5.93704358977e-07
1980,40,1603,1592,380,101,3,2,0.000628140703518,0.00125628140704,NaN,NaN,0.00378070935797,1.18740871795e-06
1980,40,1603,1592,380,105,3,2,0.000628140703518,0.291457286432,NaN,NaN,1.23637240068,0.000388307914786
1980,40,1603,1592,380,115,3,2,0.000628140703518,0.000628140703518,NaN,NaN,0.00188916652394,5.93331194704e-07
1980,40,1603,1592,380,123,3,3,0.000628140703518,0.000628140703518,NaN,NaN,0.00757094191331,1.18890419493e-06
1980,40,1603,1592,380,124,3,2,0.000628140703518,0.00188442211055,NaN,NaN,0.00567463298852,1.78223397881e-06
1980,40,1603,1592,380,130,3,2,0.000628140703518,0.000628140703518,NaN,NaN,0.00188916652394,5.93331194704e-07
1980,40,1603,1592,380,131,3,2,0.000628140703518,0.00125628140704,NaN,NaN,0.00378070935797,1.18740871795e-06
1980,40,1603,1592,380,140,3,3,0.000628140703518,0.00125628140704,NaN,NaN,0.0170884241669,2.68348369456e-06
1980,40,1603,1592,380,146,3,2,0.000628140703518,0.000628140703518,NaN,NaN,0.00188916652394,5.93331194704e-07
1980,40,1603,1592,380,149,3,2,0.000628140703518,0.000628140703518,NaN,NaN,0.00188916652394,5.93331194704e-07
1980,40,1603,1592,380,157,3,2,0.000628140703518,0.00125628140704,NaN,NaN,0.00378070935797,1.18740871795e-06
1980,40,1603,1592,380,159,3,2,0.000628140703518,0.00376884422111,NaN,NaN,0.0113707336933,3.5712103308e-06
1980,40,1603,1592,380,164,3,2,0.000628140703518,0.000628140703518,NaN,NaN,0.00188916652394,5.93331194704e-07
1980,40,1603,1592,380,167,3,2,0.000628140703518,0.00314070351759,NaN,NaN,0.00946964064141,2.97413336728e-06
1980,40,1603,1592,380,177,3,2,0.000628140703518,0.000628140703518,NaN,NaN,0.00188916652394,5.93331194704e-07
1980,40,1603,1591,380,186,3,2,0.000628535512256,0.000628535512256,NaN,NaN,0.0018903569222,5.94078228221e-07
1980,40,1603,1592,380,188,3,2,0.000628140703518,0.00628140703518,NaN,NaN,0.0189991399468,5.96706656621e-06
1980,40,1603,1592,380,192,3,3,0.000628140703518,0.000628140703518,NaN,NaN,0.00378070935797,5.93704358977e-07
1980,40,1603,1592,380,198,3,2,0.000628140703518,0.00314070351759,NaN,NaN,0.00946964064141,2.97413336728e-06
1980,40,1603,1592,380,200,3,2,0.000628140703518,0.00125628140704,NaN,NaN,0.00378070935797,1.18740871795e-06
1980,40,1603,1592,380,207,3,2,0.000628140703518,0.00816582914573,NaN,NaN,0.0247458082423,7.77192469922e-06
1980,40,1603,1592,380,208,3,2,0.000628140703518,0.000628140703518,NaN,NaN,0.00188916652394,5.93331194704e-07
1980,40,1603,1592,380,211,3,2,0.000628140703518,0.000628140703518,NaN,NaN,0.00188916652394,5.93331194704e-07
1980,40,1603,1592,380,215,3,2,0.000628140703518,0.00125628140704,NaN,NaN,0.00378070935797,1.18740871795e-06
1980,40,1603,1592,380,218,3,3,0.000628140703518,0.00125628140704,NaN,NaN,0.015180120907,2.3838129565e-06
1980,40,1603,1592,380,220,3,2,0.000628140703518,0.00125628140704,NaN,NaN,0.00378070935797,1.18740871795e-06
1980,40,1603,1592,380,221,3,3,0.000628140703518,0.000628140703518,NaN,NaN,0.00378070935797,5.93704358977e-07
1980,40,1603,1592,380,222,3,2,0.000628140703518,0.000628140703518,NaN,NaN,0.00188916652394,5.93331194704e-07
1980,40,1603,1592,380,226,3,2,0.000628140703518,0.000628140703518,NaN,NaN,0.00188916652394,5.93331194704e-07
1980,40,1603,1592,380,227,3,2,0.000628140703518,0.000628140703518,NaN,NaN,0.00188916652394,5.93331194704e-07
1980,40,1603,1592,380,232,3,2,0.000628140703518,0.000628140703518,NaN,NaN,0.00188916652394,5.93331194704e-07
1980,40,1603,1592,380,233,3,2,0.000628140703518,0.000628140703518,NaN,NaN,0.00188916652394,5.93331194704e-07
1980,40,1603,1592,380,240,3,2,0.000628140703518,0.00188442211055,NaN,NaN,0.00567463298852,1.78223397881e-06
1980,40,1603,1592,380,244,3,2,0.000628140703518,0.000628140703518,NaN,NaN,0.00188916652394,5.93331194704e-07
1980,40,1603,1592,380,245,3,2,0.000628140703518,0.000628140703518,NaN,NaN,0.00188916652394,5.93331194704e-07
1980,40,1603,1593,381,15,2,2,0.000627746390458,0.000627746390458,-3.94065530762e-07,1.00000000007,0.000628535264261,3.94560743416e-07
1980,40,1603,1593,381,20,2,3,0.000627746390458,0.000627746390458,NaN,NaN,0.00125786064199,3.94808738855e-07
1980,40,1603,1593,381,22,2,2,0.000627746390458,0.00125549278092,-7.88131061413e-07,0.999999999932,0.00125786064199,7.89617477709e-07
1980,40,1603,1593,381,26,2,2,0.000627746390458,0.00376647834275,-2.36439318435e-06,0.999999999979,0.00378309315956,2.37482307568e-06
1980,40,1603,1593,381,33,2,2,0.000627746390458,0.000627746390458,-3.94065530762e-07,1.00000000007,0.000628535264261,3.94560743416e-07
1980,40,1603,1593,381,35,2,2,0.000627746390458,0.000627746390458,-3.94065530762e-07,1.00000000007,0.000628535264261,3.94560743416e-07
1980,40,1603,1593,381,46,2,3,0.000627746390458,0.000627746390458,NaN,NaN,0.00125786064199,3.94808738855e-07
1980,40,1603,1593,381,48,2,2,0.000627746390458,0.000627746390458,-3.94065530762e-07,1.00000000007,0.000628535264261,3.94560743416e-07
1980,40,1603,1593,381,49,2,2,0.000627746390458,0.000627746390458,-3.94065530762e-07,1.00000000007,0.000628535264261,3.94560743416e-07
1980,40,1603,1593,381,55,2,2,0.000627746390458,0.000627746390458,-3.94065530762e-07,1.00000000007,0.000628535264261,3.94560743416e-07
1980,40,1603,1593,381,60,2,2,0.000627746390458,0.000627746390458,-3.94065530762e-07,1.00000000007,0.000628535264261,3.94560743416e-07
1980,40,1603,1593,381,64,2,2,0.000627746390458,0.00251098556183,-1.57626212294e-06,1.0,0.00251888770473,1.58122266461e-06
1980,40,1603,1593,381,73,2,2,0.000627746390458,0.000627746390458,-3.94065530762e-07,1.00000000007,0.000628535264261,3.94560743416e-07
1980,40,1603,1593,381,77,2,2,0.000627746390458,0.00376647834275,-2.36439318435e-06,0.999999999979,0.00378309315956,2.37482307568e-06
1980,40,1603,1593,381,94,2,2,0.000627746390458,0.000627746390458,-3.94065530762e-07,1.00000000007,0.000628535264261,3.94560743416e-07
1980,40,1603,1593,381,97,2,3,0.000627746390458,0.000627746390458,NaN,NaN,0.00125786064199,3.94808738855e-07
1980,40,1603,1593,381,101,2,2,0.000627746390458,0.00125549278092,-7.88131061413e-07,0.999999999932,0.00125786064199,7.89617477709e-07
1980,40,1603,1593,381,105,2,2,0.000627746390458,0.291902071563,-0.000183240471791,1.0,0.412492983535,0.000258940981503
1980,40,1603,1593,381,115,2,2,0.000627746390458,0.000627746390458,-3.94065530762e-07,1.00000000007,0.000628535264261,3.94560743416e-07
1980,40,1603,1593,381,123,2,3,0.000627746390458,0.000627746390458,NaN,NaN,0.00251888770473,7.90611332307e-07
1980,40,1603,1593,381,124,2,2,0.000627746390458,0.00188323917137,-1.18219659218e-06,0.999999999979,0.00188797762397,1.18517113871e-06
1980,40,1603,1593,381,130,2,2,0.000627746390458,0.000627746390458,-3.94065530762e-07,1.00000000007,0.000628535264261,3.94560743416e-07
1980,40,1603,1593,381,131,2,2,0.000627746390458,0.00125549278092,-7.88131061413e-07,0.999999999932,0.00125786064199,7.89617477709e-07
1980,40,1603,1593,381,140,2,3,0.000627746390458,0.00125549278092,NaN,NaN,0.00568538716309,1.78449063499e-06
1980,40,1603,1593,381,146,2,2,0.000627746390458,0.000627746390458,-3.94065530762e-07,1.00000000007,0.000628535264261,3.94560743416e-07
1980,40,1603,1593,381,149,2,2,0.000627746390458,0.000627746390458,-3.94065530762e-07,1.00000000007,0.000628535264261,3.94560743416e-07
1980,40,1603,1593,381,157,2,2,0.000627746390458,0.00125549278092,-7.88131061413e-07,0.999999999932,0.00125786064199,7.89617477709e-07
1980,40,1603,1593,381,159,2,2,0.000627746390458,0.00376647834275,-2.36439318435e-06,0.999999999979,0.00378309315956,2.37482307568e-06
1980,40,1603,1593,381,164,2,2,0.000627746390458,0.000627746390458,-3.94065530762e-07,1.00000000007,0.000628535264261,3.94560743416e-07
1980,40,1603,1593,381,167,2,2,0.000627746390458,0.00313873195229,-1.9703276537e-06,1.00000000002,0.00315059238257,1.97777299596e-06
1980,40,1603,1593,381,177,2,2,0.000627746390458,0.000627746390458,-3.94065530762e-07,1.00000000007,0.000628535264261,3.94560743416e-07
1980,40,1603,1592,381,186,2,2,0.000628140703518,0.000628140703518,-3.94560743411e-07,0.999999999988,0.000628930569147,3.95056890167e-07
1980,40,1603,1593,381,188,2,2,0.000627746390458,0.00627746390458,-3.94065530729e-06,0.999999999989,0.00632108743338,3.96803982007e-06
1980,40,1603,1593,381,192,2,3,0.000627746390458,0.000627746390458,NaN,NaN,0.00125786064199,3.94808738855e-07
1980,40,1603,1593,381,198,2,2,0.000627746390458,0.00313873195229,-1.9703276537e-06,1.00000000002,0.00315059238257,1.97777299596e-06
1980,40,1603,1593,381,200,2,2,0.000627746390458,0.00125549278092,-7.88131061413e-07,0.999999999932,0.00125786064199,7.89617477709e-07
1980,40,1603,1593,381,207,2,2,0.000627746390458,0.00816070307596,-5.12285189957e-06,1.00000000001,0.00823301634756,5.16824629476e-06
1980,40,1603,1593,381,208,2,2,0.000627746390458,0.000627746390458,-3.94065530762e-07,1.00000000007,0.000628535264261,3.94560743416e-07
1980,40,1603,1593,381,211,2,2,0.000627746390458,0.000627746390458,-3.94065530762e-07,1.00000000007,0.000628535264261,3.94560743416e-07
1980,40,1603,1593,381,215,2,2,0.000627746390458,0.00125549278092,-7.88131061413e-07,0.999999999932,0.00125786064199,7.89617477709e-07
1980,40,1603,1593,381,218,2,3,0.000627746390458,0.00125549278092,NaN,NaN,0.00505048903825,1.58521313191e-06
1980,40,1603,1593,381,220,2,2,0.000627746390458,0.00125549278092,-7.88131061413e-07,0.999999999932,0.00125786064199,7.89617477709e-07
1980,40,1603,1593,381,221,2,3,0.000627746390458,0.000627746390458,NaN,NaN,0.00125786064199,3.94808738855e-07
1980,40,1603,1593,381,222,2,2,0.000627746390458,0.000627746390458,-3.94065530762e-07,1.00000000007,0.000628535264261,3.94560743416e-07
1980,40,1603,1593,381,226,2,2,0.000627746390458,0.000627746390458,-3.94065530762e-07,1.00000000007,0.000628535264261,3.94560743416e-07
1980,40,1603,1593,381,227,2,2,0.000627746390458,0.000627746390458,-3.94065530762e-07,1.00000000007,0.000628535264261,3.94560743416e-07
1980,40,1603,1593,381,232,2,2,0.000627746390458,0.000627746390458,-3.94065530762e-07,1.00000000007,0.000628535264261,3.94560743416e-07
1980,40,1603,1593,381,233,2,2,0.000627746390458,0.000627746390458,-3.94065530762e-07,1.00000000007,0.000628535264261,3.94560743416e-07
1980,40,1603,1593,381,240,2,2,0.000627746390458,0.00188323917137,-1.18219659218e-06,0.999999999979,0.00188797762397,1.18517113871e-06
1980,40,1603,1593,381,244,2,2,0.000627746390458,0.000627746390458,-3.94065530762e-07,1.00000000007,0.000628535264261,3.94560743416e-07
1980,40,1603,1593,381,245,2,2,0.000627746390458,0.000627746390458,-3.94065530762e-07,1.00000000007,0.000628535264261,3.94560743416e-07
1980,40,1603,1593,382,15,3,2,0.000627746390458,0.000627746390458,NaN,NaN,0.00188797762397,5.92585569356e-07
1980,40,1603,1593,382,20,3,3,0.000627746390458,0.000627746390458,NaN,NaN,0.0037783285699,5.92958030431e-07
1980,40,1603,1593,382,22,3,2,0.000627746390458,0.00125549278092,NaN,NaN,0.0037783285699,1.18591606086e-06
1980,40,1603,1593,382,26,3,2,0.000627746390458,0.00376647834275,NaN,NaN,0.0113635553019,3.56671541178e-06
1980,40,1603,1593,382,33,3,2,0.000627746390458,0.000627746390458,NaN,NaN,0.00188797762397,5.92585569356e-07
1980,40,1603,1593,382,35,3,2,0.000627746390458,0.000627746390458,NaN,NaN,0.00188797762397,5.92585569356e-07
1980,40,1603,1593,382,46,3,3,0.000627746390458,0.000627746390458,NaN,NaN,0.0037783285699,5.92958030431e-07
1980,40,1603,1593,382,48,3,2,0.000627746390458,0.000627746390458,NaN,NaN,0.00188797762397,5.92585569356e-07
1980,40,1603,1593,382,49,3,2,0.000627746390458,0.000627746390458,NaN,NaN,0.00188797762397,5.92585569356e-07
1980,40,1603,1593,382,55,3,2,0.000627746390458,0.000627746390458,NaN,NaN,0.00188797762397,5.92585569356e-07
1980,40,1603,1593,382,60,3,2,0.000627746390458,0.000627746390458,NaN,NaN,0.00188797762397,5.92585569356e-07
1980,40,1603,1593,382,64,3,2,0.000627746390458,0.00251098556183,NaN,NaN,0.00756616835081,2.37481743591e-06
1980,40,1603,1593,382,73,3,2,0.000627746390458,0.000627746390458,NaN,NaN,0.00188797762397,5.92585569356e-07
1980,40,1603,1593,382,77,3,2,0.000627746390458,0.00376647834275,NaN,NaN,0.0113635553019,3.56671541178e-06
1980,40,1603,1593,382,94,3,2,0.000627746390458,0.000627746390458,NaN,NaN,0.00188797762397,5.92585569356e-07
1980,40,1603,1593,382,97,3,3,0.000627746390458,0.000627746390458,NaN,NaN,0.0037783285699,5.92958030431e-07
1980,40,1603,1593,382,101,3,2,0.000627746390458,0.00125549278092,NaN,NaN,0.0037783285699,1.18591606086e-06
1980,40,1603,1593,382,105,3,2,0.000627746390458,0.291902071563,NaN,NaN,3.25032154466,0.00102018880874
1980,40,1603,1593,382,115,3,2,0.000627746390458,0.000627746390458,NaN,NaN,0.00188797762397,5.92585569356e-07
1980,40,1603,1593,382,123,3,3,0.000627746390458,0.000627746390458,NaN,NaN,0.00756616835081,1.18740871795e-06
1980,40,1603,1593,382,124,3,2,0.000627746390458,0.00188323917137,NaN,NaN,0.00567105731577,1.77999288003e-06
1980,40,1603,1593,382,130,3,2,0.000627746390458,0.000627746390458,NaN,NaN,0.00188797762397,5.92585569356e-07
1980,40,1603,1593,382,131,3,2,0.000627746390458,0.00125549278092,NaN,NaN,0.0037783285699,1.18591606086e-06
1980,40,1603,1593,382,140,3,3,0.000627746390458,0.00125549278092,NaN,NaN,0.0170776157804,2.68010291595e-06
1980,40,1603,1593,382,146,3,2,0.000627746390458,0.000627746390458,NaN,NaN,0.00188797762397,5.92585569356e-07
1980,40,1603,1593,382,149,3,2,0.000627746390458,0.000627746390458,NaN,NaN,0.00188797762397,5.92585569356e-07
1980,40,1603,1593,382,157,3,2,0.000627746390458,0.00125549278092,NaN,NaN,0.0037783285699,1.18591606086e-06
1980,40,1603,1593,382,159,3,2,0.000627746390458,0.00376647834275,NaN,NaN,0.0113635553019,3.56671541178e-06
1980,40,1603,1593,382,164,3,2,0.000627746390458,0.000627746390458,NaN,NaN,0.00188797762397,5.92585569356e-07
1980,40,1603,1593,382,167,3,2,0.000627746390458,0.00313873195229,NaN,NaN,0.00946366617556,2.97039114111e-06
1980,40,1603,1593,382,177,3,2,0.000627746390458,0.000627746390458,NaN,NaN,0.00188797762397,5.92585569356e-07
1980,40,1603,1592,382,186,3,2,0.000628140703518,0.000628140703518,NaN,NaN,0.00188916652394,5.93331194704e-07
1980,40,1603,1593,382,188,3,2,0.000627746390458,0.00627746390458,NaN,NaN,0.0189871154603,5.95954659769e-06
1980,40,1603,1593,382,192,3,3,0.000627746390458,0.000627746390458,NaN,NaN,0.0037783285699,5.92958030431e-07
1980,40,1603,1593,382,198,3,2,0.000627746390458,0.00313873195229,NaN,NaN,0.00946366617556,2.97039114111e-06
1980,40,1603,1593,382,200,3,2,0.000627746390458,0.00125549278092,NaN,NaN,0.0037783285699,1.18591606086e-06
1980,40,1603,1593,382,207,3,2,0.000627746390458,0.00816070307596,NaN,NaN,0.0247301170289,7.76212085025e-06
1980,40,1603,1593,382,208,3,2,0.000627746390458,0.000627746390458,NaN,NaN,0.00188797762397,5.92585569356e-07
1980,40,1603,1593,382,211,3,2,0.000627746390458,0.000627746390458,NaN,NaN,0.00188797762397,5.92585569356e-07
1980,40,1603,1593,382,215,3,2,0.000627746390458,0.00125549278092,NaN,NaN,0.0037783285699,1.18591606086e-06
1980,40,1603,1593,382,218,3,3,0.000627746390458,0.00125549278092,NaN,NaN,0.015170525564,2.38081066603e-06
1980,40,1603,1593,382,220,3,2,0.000627746390458,0.00125549278092,NaN,NaN,0.0037783285699,1.18591606086e-06
1980,40,1603,1593,382,221,3,3,0.000627746390458,0.000627746390458,NaN,NaN,0.0037783285699,5.92958030431e-07
1980,40,1603,1593,382,222,3,2,0.000627746390458,0.000627746390458,NaN,NaN,0.00188797762397,5.92585569356e-07
1980,40,1603,1593,382,226,3,2,0.000627746390458,0.000627746390458,NaN,NaN,0.00188797762397,5.92585569356e-07
1980,40,1603,1593,382,227,3,2,0.000627746390458,0.000627746390458,NaN,NaN,0.00188797762397,5.92585569356e-07
1980,40,1603,1593,382,232,3,2,0.000627746390458,0.000627746390458,NaN,NaN,0.00188797762397,5.92585569356e-07
1980,40,1603,1593,382,233,3,2,0.000627746390458,0.000627746390458,NaN,NaN,0.00188797762397,5.92585569356e-07
1980,40,1603,1593,382,240,3,2,0.000627746390458,0.00188323917137,NaN,NaN,0.00567105731577,1.77999288003e-06
1980,40,1603,1593,382,244,3,2,0.000627746390458,0.000627746390458,NaN,NaN,0.00188797762397,5.92585569356e-07
1980,40,1603,1593,382,245,3,2,0.000627746390458,0.000627746390458,NaN,NaN,0.00188797762397,5.92585569356e-07
1980,40,1603,1592,384,15,3,2,0.000628140703518,0.000628140703518,NaN,NaN,1.22423267753,0.000384495187665
1980,40,1603,1592,384,20,3,3,0.000628140703518,0.000628140703518,NaN,NaN,2.04291923484,0.000320810181351
1980,40,1603,1592,384,22,3,2,0.000628140703518,0.00125628140704,NaN,NaN,0.021473105553,6.74406581437e-06
1980,40,1603,1592,384,26,3,2,0.000628140703518,0.00376884422111,NaN,NaN,7.36855305149,0.00231424404884
1980,40,1603,1592,384,33,3,2,0.000628140703518,0.000628140703518,NaN,NaN,1.22423267753,0.000384495187665
1980,40,1603,1592,384,35,3,2,0.000628140703518,0.000628140703518,NaN,NaN,0.819943611385,0.00025751997845
1980,40,1603,1592,384,46,3,3,0.000628140703518,0.000628140703518,NaN,NaN,1.64091859838,0.000257681940701
1980,40,1603,1592,384,48,3,2,0.000628140703518,0.000628140703518,NaN,NaN,1.22423267753,0.000384495187665
1980,40,1603,1592,384,49,3,2,0.000628140703518,0.000628140703518,NaN,NaN,0.819943611385,0.00025751997845
1980,40,1603,1592,384,55,3,2,0.000628140703518,0.000628140703518,NaN,NaN,1.22423267753,0.000384495187665
1980,40,1603,1592,384,60,3,2,0.000628140703518,0.000628140703518,NaN,NaN,1.22423267753,0.000384495187665
1980,40,1603,1592,384,64,3,2,0.000628140703518,0.00251256281407,NaN,NaN,0.651216429687,0.000204527773143
1980,40,1603,1592,384,73,3,2,0.000628140703518,0.000628140703518,NaN,NaN,0.819943611385,0.00025751997845
1980,40,1603,1592,384,77,3,2,0.000628140703518,0.00376884422111,NaN,NaN,4.93517132048,0.00154999099261
1980,40,1603,1592,384,94,3,2,0.000628140703518,0.000628140703518,NaN,NaN,0.819943611385,0.00025751997845
1980,40,1603,1592,384,97,3,3,0.000628140703518,0.000628140703518,NaN,NaN,2.45000527037,0.000384737008538
1980,40,1603,1592,384,101,3,2,0.000628140703518,0.00125628140704,NaN,NaN,2.45000527037,0.000769474017076
1980,40,1603,1592,384,105,3,2,0.000628140703518,0.291457286432,NaN,NaN,430.780247935,0.135295304
1980,40,1603,1592,384,115,3,2,0.000628140703518,0.000628140703518,NaN,NaN,0.819943611385,0.00025751997845
1980,40,1603,1592,384,123,3,3,0.000628140703518,0.000628140703518,NaN,NaN,1.39063105239,0.000218377991896
1980,40,1603,1592,384,124,3,2,0.000628140703518,0.00188442211055,NaN,NaN,2.46292690821,0.000773532320417
1980,40,1603,1592,384,130,3,2,0.000628140703518,0.000628140703518,NaN,NaN,1.22423267753,0.000384495187665
1980,40,1603,1592,384,131,3,2,0.000628140703518,0.00125628140704,NaN,NaN,2.45000527037,0.000769474017076
1980,40,1603,1592,384,140,3,3,0.000628140703518,0.00125628140704,NaN,NaN,8.62556629471,0.00135451732015
1980,40,1603,1592,384,146,3,2,0.000628140703518,0.000628140703518,NaN,NaN,1.22423267753,0.000384495187665
1980,40,1603,1592,384,149,3,2,0.000628140703518,0.000628140703518,NaN,NaN,1.22423267753,0.000384495187665
1980,40,1603,1592,384,157,3,2,0.000628140703518,0.00125628140704,NaN,NaN,1.64091859838,0.000515363881402
1980,40,1603,1592,384,159,3,2,0.000628140703518,0.00376884422111,NaN,NaN,0.0645817865622,2.02832244228e-05
1980,40,1603,1592,384,164,3,2,0.000628140703518,0.000628140703518,NaN,NaN,0.819943611385,0.00025751997845
1980,40,1603,1592,384,167,3,2,0.000628140703518,0.00314070351759,NaN,NaN,1.27085554649,0.00039913804852
1980,40,1603,1592,384,177,3,2,0.000628140703518,0.000628140703518,NaN,NaN,0.819943611385,0.00025751997845
1980,40,1603,1591,384,186,3,2,0.000628535512256,0.000628535512256,NaN,NaN,0.818800359389,0.000257322551662
1980,40,1603,1592,384,188,3,2,0.000628140703518,0.00628140703518,NaN,NaN,8.24608271627,0.00258985009933
1980,40,1603,1592,384,192,3,3,0.000628140703518,0.000628140703518,NaN,NaN,1.64091859838,0.000257681940701
1980,40,1603,1592,384,198,3,2,0.000628140703518,0.00314070351759,NaN,NaN,0.0539116989546,1.69320662546e-05
1980,40,1603,1592,384,200,3,2,0.000628140703518,0.00125628140704,NaN,NaN,0.021473105553,6.74406581437e-06
1980,40,1603,1592,384,207,3,2,0.000628140703518,0.00816582914573,NaN,NaN,3.11865221206,0.000979476197254
1980,40,1603,1592,384,208,3,2,0.000628140703518,0.000628140703518,NaN,NaN,0.819943611385,0.00025751997845
1980,40,1603,1592,384,211,3,2,0.000628140703518,0.000628140703518,NaN,NaN,1.22423267753,0.000384495187665
1980,40,1603,1592,384,215,3,2,0.000628140703518,0.00125628140704,NaN,NaN,1.64091859838,0.000515363881402
1980,40,1603,1592,384,218,3,3,0.000628140703518,0.00125628140704,NaN,NaN,1.16866117681,0.000183520913444
1980,40,1603,1592,384,220,3,2,0.000628140703518,0.00125628140704,NaN,NaN,0.021473105553,6.74406581437e-06
1980,40,1603,1592,384,221,3,3,0.000628140703518,0.000628140703518,NaN,NaN,2.04291923484,0.000320810181351
1980,40,1603,1592,384,222,3,2,0.000628140703518,0.000628140703518,NaN,NaN,1.22423267753,0.000384495187665
1980,40,1603,1592,384,226,3,2,0.000628140703518,0.000628140703518,NaN,NaN,1.22423267753,0.000384495187665
1980,40,1603,1592,384,227,3,2,0.000628140703518,0.000628140703518,NaN,NaN,1.22423267753,0.000384495187665
1980,40,1603,1592,384,232,3,2,0.000628140703518,0.000628140703518,NaN,NaN,1.22423267753,0.000384495187665
1980,40,1603,1592,384,233,3,2,0.000628140703518,0.000628140703518,NaN,NaN,0.819943611385,0.00025751997845
1980,40,1603,1592,384,240,3,2,0.000628140703518,0.00188442211055,NaN,NaN,0.572172654812,0.000179702466964
1980,40,1603,1592,384,244,3,2,0.000628140703518,0.000628140703518,NaN,NaN,1.22423267753,0.000384495187665
1980,40,1603,1592,384,245,3,2,0.000628140703518,0.000628140703518,NaN,NaN,0.819943611385,0.00025751997845
1980,40,1603,1592,385,15,3,2,0.000628140703518,0.000628140703518,NaN,NaN,1.33172963218,0.000418256794027
1980,40,1603,1592,385,20,3,3,0.000628140703518,0.000628140703518,NaN,NaN,2.08425003749,0.000327300571214
1980,40,1603,1592,385,22,3,2,0.000628140703518,0.00125628140704,NaN,NaN,0.0421514958165,1.32385351183e-05
1980,40,1603,1592,385,26,3,2,0.000628140703518,0.00376884422111,NaN,NaN,8.01556813923,0.00251745230503
1980,40,1603,1592,385,33,3,2,0.000628140703518,0.000628140703518,NaN,NaN,1.33172963218,0.000418256794027
1980,40,1603,1592,385,35,3,2,0.000628140703518,0.000628140703518,NaN,NaN,0.753777443051,0.000236739146687
1980,40,1603,1592,385,46,3,3,0.000628140703518,0.000628140703518,NaN,NaN,1.50850303383,0.000236888039232
1980,40,1603,1592,385,48,3,2,0.000628140703518,0.000628140703518,NaN,NaN,1.33172963218,0.000418256794027
1980,40,1603,1592,385,49,3,2,0.000628140703518,0.000628140703518,NaN,NaN,0.753777443051,0.000236739146687
1980,40,1603,1592,385,55,3,2,0.000628140703518,0.000628140703518,NaN,NaN,1.33172963218,0.000418256794027
1980,40,1603,1592,385,60,3,2,0.000628140703518,0.000628140703518,NaN,NaN,1.33172963218,0.000418256794027
1980,40,1603,1592,385,64,3,2,0.000628140703518,0.00251256281407,NaN,NaN,3.02080582341,0.000948745547554
1980,40,1603,1592,385,73,3,2,0.000628140703518,0.000628140703518,NaN,NaN,0.753777443051,0.000236739146687
1980,40,1603,1592,385,77,3,2,0.000628140703518,0.00376884422111,NaN,NaN,4.53692274361,0.00142491292199
1980,40,1603,1592,385,94,3,2,0.000628140703518,0.000628140703518,NaN,NaN,0.753777443051,0.000236739146687
1980,40,1603,1592,385,97,3,3,0.000628140703518,0.000628140703518,NaN,NaN,2.66513439598,0.000418519848615
1980,40,1603,1592,385,101,3,2,0.000628140703518,0.00125628140704,NaN,NaN,2.66513439598,0.000837039697229
1980,40,1603,1592,385,105,3,2,0.000628140703518,0.291457286432,NaN,NaN,485.72229518,0.152550972104
1980,40,1603,1592,385,115,3,2,0.000628140703518,0.000628140703518,NaN,NaN,0.753777443051,0.000236739146687
1980,40,1603,1592,385,123,3,3,0.000628140703518,0.000628140703518,NaN,NaN,1.44580819447,0.000227042744106
1980,40,1603,1592,385,124,3,2,0.000628140703518,0.00188442211055,NaN,NaN,2.26417856242,0.000711111357543
1980,40,1603,1592,385,130,3,2,0.000628140703518,0.000628140703518,NaN,NaN,1.33172963218,0.000418256794027
1980,40,1603,1592,385,131,3,2,0.000628140703518,0.00125628140704,NaN,NaN,2.66513439598,0.000837039697229
1980,40,1603,1592,385,140,3,3,0.000628140703518,0.00125628140704,NaN,NaN,5.33641539597,0.000838004930271
1980,40,1603,1592,385,146,3,2,0.000628140703518,0.000628140703518,NaN,NaN,1.33172963218,0.000418256794027
1980,40,1603,1592,385,149,3,2,0.000628140703518,0.000628140703518,NaN,NaN,1.33172963218,0.000418256794027
1980,40,1603,1592,385,157,3,2,0.000628140703518,0.00125628140704,NaN,NaN,1.50850303383,0.000473776078464
1980,40,1603,1592,385,159,3,2,0.000628140703518,0.00376884422111,NaN,NaN,0.126773414278,3.9815770816e-05
1980,40,1603,1592,385,164,3,2,0.000628140703518,0.000628140703518,NaN,NaN,0.753777443051,0.000236739146687
1980,40,1603,1592,385,167,3,2,0.000628140703518,0.00314070351759,NaN,NaN,1.08014372213,0.00033924111876
1980,40,1603,1592,385,177,3,2,0.000628140703518,0.000628140703518,NaN,NaN,0.753777443051,0.000236739146687
1980,40,1603,1591,385,186,3,2,0.000628535512256,0.000628535512256,NaN,NaN,0.752675726595,0.000236541711689
1980,40,1603,1592,385,188,3,2,0.000628140703518,0.00628140703518,NaN,NaN,7.58065683878,0.00238085955992
1980,40,1603,1592,385,192,3,3,0.000628140703518,0.000628140703518,NaN,NaN,2.08425003749,0.000327300571214
1980,40,1603,1592,385,198,3,2,0.000628140703518,0.00314070351759,NaN,NaN,0.0207267279468,6.50965073706e-06
1980,40,1603,1592,385,200,3,2,0.000628140703518,0.00125628140704,NaN,NaN,0.0421514958165,1.32385351183e-05
1980,40,1603,1592,385,207,3,2,0.000628140703518,0.00816582914573,NaN,NaN,3.71147698248,0.00116566488143
1980,40,1603,1592,385,208,3,2,0.000628140703518,0.000628140703518,NaN,NaN,0.753777443051,0.000236739146687
1980,40,1603,1592,385,211,3,2,0.000628140703518,0.000628140703518,NaN,NaN,1.33172963218,0.000418256794027
1980,40,1603,1592,385,215,3,2,0.000628140703518,0.00125628140704,NaN,NaN,1.50850303383,0.000473776078464
1980,40,1603,1592,385,218,3,3,0.000628140703518,0.00125628140704,NaN,NaN,1.43302883421,0.000225035935021
1980,40,1603,1592,385,220,3,2,0.000628140703518,0.00125628140704,NaN,NaN,0.0421514958165,1.32385351183e-05
1980,40,1603,1592,385,221,3,3,0.000628140703518,0.000628140703518,NaN,NaN,2.08425003749,0.000327300571214
1980,40,1603,1592,385,222,3,2,0.000628140703518,0.000628140703518,NaN,NaN,1.33172963218,0.000418256794027
1980,40,1603,1592,385,226,3,2,0.000628140703518,0.000628140703518,NaN,NaN,1.33172963218,0.000418256794027
1980,40,1603,1592,385,227,3,2,0.000628140703518,0.000628140703518,NaN,NaN,1.33172963218,0.000418256794027
1980,40,1603,1592,385,232,3,2,0.000628140703518,0.000628140703518,NaN,NaN,1.33172963218,0.000418256794027
1980,40,1603,1592,385,233,3,2,0.000628140703518,0.000628140703518,NaN,NaN,0.753777443051,0.000236739146687
1980,40,1603,1592,385,240,3,2,0.000628140703518,0.00188442211055,NaN,NaN,0.693599180009,0.000217838938445
1980,40,1603,1592,385,244,3,2,0.000628140703518,0.000628140703518,NaN,NaN,1.33172963218,0.000418256794027
1980,40,1603,1592,385,245,3,2,0.000628140703518,0.000628140703518,NaN,NaN,0.753777443051,0.000236739146687
1980,40,1603,1593,386,15,2,2,0.000627746390458,0.000627746390458,-3.94065530762e-07,1.00000000007,0.000628535264261,3.94560743416e-07
1980,40,1603,1593,386,20,2,3,0.000627746390458,0.000627746390458,NaN,NaN,0.00125786064199,3.94808738855e-07
1980,40,1603,1593,386,22,2,2,0.000627746390458,0.00125549278092,-7.88131061413e-07,0.999999999932,0.00125786064199,7.89617477709e-07
1980,40,1603,1593,386,26,2,2,0.000627746390458,0.00376647834275,-2.36439318435e-06,0.999999999979,0.00378309315956,2.37482307568e-06
1980,40,1603,1593,386,33,2,2,0.000627746390458,0.000627746390458,-3.94065530762e-07,1.00000000007,0.000628535264261,3.94560743416e-07
1980,40,1603,1593,386,35,2,2,0.000627746390458,0.000627746390458,-3.94065530762e-07,1.00000000007,0.000628535264261,3.94560743416e-07
1980,40,1603,1593,386,46,2,3,0.000627746390458,0.000627746390458,NaN,NaN,0.00125786064199,3.94808738855e-07
1980,40,1603,1593,386,48,2,2,0.000627746390458,0.000627746390458,-3.94065530762e-07,1.00000000007,0.000628535264261,3.94560743416e-07
1980,40,1603,1593,386,49,2,2,0.000627746390458,0.000627746390458,-3.94065530762e-07,1.00000000007,0.000628535264261,3.94560743416e-07
1980,40,1603,1593,386,55,2,2,0.000627746390458,0.000627746390458,-3.94065530762e-07,1.00000000007,0.000628535264261,3.94560743416e-07
1980,40,1603,1593,386,60,2,2,0.000627746390458,0.000627746390458,-3.94065530762e-07,1.00000000007,0.000628535264261,3.94560743416e-07
1980,40,1603,1593,386,64,2,2,0.000627746390458,0.00251098556183,-1.57626212294e-06,1.0,0.00251888770473,1.58122266461e-06
1980,40,1603,1593,386,73,2,2,0.000627746390458,0.000627746390458,-3.94065530762e-07,1.00000000007,0.000628535264261,3.94560743416e-07
1980,40,1603,1593,386,77,2,2,0.000627746390458,0.00376647834275,-2.36439318435e-06,0.999999999979,0.00378309315956,2.37482307568e-06
1980,40,1603,1593,386,94,2,2,0.000627746390458,0.000627746390458,-3.94065530762e-07,1.00000000007,0.000628535264261,3.94560743416e-07
1980,40,1603,1593,386,97,2,3,0.000627746390458,0.000627746390458,NaN,NaN,0.00125786064199,3.94808738855e-07
1980,40,1603,1593,386,101,2,2,0.000627746390458,0.00125549278092,-7.88131061413e-07,0.999999999932,0.00125786064199,7.89617477709e-07
1980,40,1603,1593,386,105,2,2,0.000627746390458,0.291902071563,0.000444505918667,1.0,2.42733019938,0.00152374777111
1980,40,1603,1593,386,115,2,2,0.000627746390458,0.000627746390458,-3.94065530762e-07,1.00000000007,0.000628535264261,3.94560743416e-07
1980,40,1603,1593,386,123,2,3,0.000627746390458,0.000627746390458,NaN,NaN,0.00251888770473,7.90611332307e-07
1980,40,1603,1593,386,124,2,2,0.000627746390458,0.00188323917137,-1.18219659218e-06,0.999999999979,0.00188797762397,1.18517113871e-06
1980,40,1603,1593,386,130,2,2,0.000627746390458,0.000627746390458,-3.94065530762e-07,1.00000000007,0.000628535264261,3.94560743416e-07
1980,40,1603,1593,386,131,2,2,0.000627746390458,0.00125549278092,-7.88131061413e-07,0.999999999932,0.00125786064199,7.89617477709e-07
1980,40,1603,1593,386,140,2,3,0.000627746390458,0.00125549278092,NaN,NaN,0.00568538716309,1.78449063499e-06
1980,40,1603,1593,386,146,2,2,0.000627746390458,0.000627746390458,-3.94065530762e-07,1.00000000007,0.000628535264261,3.94560743416e-07
1980,40,1603,1593,386,149,2,2,0.000627746390458,0.000627746390458,-3.94065530762e-07,1.00000000007,0.000628535264261,3.94560743416e-07
1980,40,1603,1593,386,157,2,2,0.000627746390458,0.00125549278092,-7.88131061413e-07,0.999999999932,0.00125786064199,7.89617477709e-07
1980,40,1603,1593,386,159,2,2,0.000627746390458,0.00376647834275,-2.36439318435e-06,0.999999999979,0.00378309315956,2.37482307568e-06
1980,40,1603,1593,386,164,2,2,0.000627746390458,0.000627746390458,-3.94065530762e-07,1.00000000007,0.000628535264261,3.94560743416e-07
1980,40,1603,1593,386,167,2,2,0.000627746390458,0.00313873195229,-1.9703276537e-06,1.00000000002,0.00315059238257,1.97777299596e-06
1980,40,1603,1593,386,177,2,2,0.000627746390458,0.000627746390458,-3.94065530762e-07,1.00000000007,0.000628535264261,3.94560743416e-07
1980,40,1603,1592,386,186,2,2,0.000628140703518,0.000628140703518,-3.94560743411e-07,0.999999999988,0.000628930569147,3.95056890167e-07
1980,40,1603,1593,386,188,2,2,0.000627746390458,0.00627746390458,-3.94065530729e-06,0.999999999989,0.00632108743338,3.96803982007e-06
1980,40,1603,1593,386,192,2,3,0.000627746390458,0.000627746390458,NaN,NaN,0.00125786064199,3.94808738855e-07
1980,40,1603,1593,386,198,2,2,0.000627746390458,0.00313873195229,-1.9703276537e-06,1.00000000002,0.00315059238257,1.97777299596e-06
1980,40,1603,1593,386,200,2,2,0.000627746390458,0.00125549278092,-7.88131061413e-07,0.999999999932,0.00125786064199,7.89617477709e-07
1980,40,1603,1593,386,207,2,2,0.000627746390458,0.00816070307596,-5.12285189957e-06,1.00000000001,0.00823301634756,5.16824629476e-06
1980,40,1603,1593,386,208,2,2,0.000627746390458,0.000627746390458,-3.94065530762e-07,1.00000000007,0.000628535264261,3.94560743416e-07
1980,40,1603,1593,386,211,2,2,0.000627746390458,0.000627746390458,-3.94065530762e-07,1.00000000007,0.000628535264261,3.94560743416e-07
1980,40,1603,1593,386,215,2,2,0.000627746390458,0.00125549278092,-7.88131061413e-07,0.999999999932,0.00125786064199,7.89617477709e-07
1980,40,1603,1593,386,218,2,3,0.000627746390458,0.00125549278092,NaN,NaN,0.00505048903825,1.58521313191e-06
1980,40,1603,1593,386,220,2,2,0.000627746390458,0.00125549278092,-7.88131061413e-07,0.999999999932,0.00125786064199,7.89617477709e-07
1980,40,1603,1593,386,221,2,3,0.000627746390458,0.000627746390458,NaN,NaN,0.00125786064199,3.94808738855e-07
1980,40,1603,1593,386,222,2,2,0.000627746390458,0.000627746390458,-3.94065530762e-07,1.00000000007,0.000628535264261,3.94560743416e-07
1980,40,1603,1593,386,226,2,2,0.000627746390458,0.000627746390458,-3.94065530762e-07,1.00000000007,0.000628535264261,3.94560743416e-07
1980,40,1603,1593,386,227,2,2,0.000627746390458,0.000627746390458,-3.94065530762e-07,1.00000000007,0.000628535264261,3.94560743416e-07
1980,40,1603,1593,386,232,2,2,0.000627746390458,0.000627746390458,-3.94065530762e-07,1.00000000007,0.000628535264261,3.94560743416e-07
1980,40,1603,1593,386,233,2,2,0.000627746390458,0.000627746390458,-3.94065530762e-07,1.00000000007,0.000628535264261,3.94560743416e-07
1980,40,1603,1593,386,240,2,2,0.000627746390458,0.00188323917137,-1.18219659218e-06,0.999999999979,0.00188797762397,1.18517113871e-06
1980,40,1603,1593,386,244,2,2,0.000627746390458,0.000627746390458,-3.94065530762e-07,1.00000000007,0.000628535264261,3.94560743416e-07
1980,40,1603,1593,386,245,2,2,0.000627746390458,0.000627746390458,-3.94065530762e-07,1.00000000007,0.000628535264261,3.94560743416e-07
1980,40,1603,1593,390,15,2,2,0.00251098556183,0.000627746390458,-1.57626212294e-06,1.0,0.00251888770473,1.58122266461e-06
1980,40,1603,1593,390,20,2,3,0.00251098556183,0.000627746390458,NaN,NaN,0.00504094183021,1.58221651921e-06
1980,40,1603,1593,390,22,2,2,0.00251098556183,0.00125549278092,-3.15252424588e-06,1.0,0.00504094183021,3.16443303842e-06
1980,40,1603,1593,390,26,2,2,0.00251098556183,0.00376647834275,-9.45757273751e-06,0.999999999991,0.015160942253,9.51722677529e-06
1980,40,1603,1593,390,33,2,2,0.00251098556183,0.000627746390458,-1.57626212294e-06,1.0,0.00251888770473,1.58122266461e-06
1980,40,1603,1593,390,35,2,2,0.00251098556183,0.000627746390458,-1.57626212294e-06,1.0,0.00251888770473,1.58122266461e-06
1980,40,1603,1593,390,46,2,3,0.00251098556183,0.000627746390458,NaN,NaN,0.00504094183021,1.58221651921e-06
1980,40,1603,1593,390,48,2,2,0.00251098556183,0.000627746390458,-1.57626212294e-06,1.0,0.00251888770473,1.58122266461e-06
1980,40,1603,1593,390,49,2,2,0.00251098556183,0.000627746390458,-1.57626212294e-06,1.0,0.00251888770473,1.58122266461e-06
1980,40,1603,1593,390,55,2,2,0.00251098556183,0.000627746390458,-1.57626212294e-06,1.0,0.00251888770473,1.58122266461e-06
1980,40,1603,1593,390,60,2,2,0.00251098556183,0.000627746390458,-1.57626212294e-06,1.0,0.00251888770473,1.58122266461e-06
1980,40,1603,1593,390,64,2,2,0.00251098556183,0.00251098556183,-6.30504849175e-06,1.0,0.010094573256,6.33683192464e-06
1980,40,1603,1593,390,73,2,2,0.00251098556183,0.000627746390458,-1.57626212294e-06,1.0,0.00251888770473,1.58122266461e-06
1980,40,1603,1593,390,77,2,2,0.00251098556183,0.00376647834275,-9.45757273751e-06,0.999999999991,0.015160942253,9.51722677529e-06
1980,40,1603,1593,390,94,2,2,0.00251098556183,0.000627746390458,-1.57626212294e-06,1.0,0.00251888770473,1.58122266461e-06
1980,40,1603,1593,390,97,2,3,0.00251098556183,0.000627746390458,NaN,NaN,0.00504094183021,1.58221651921e-06
1980,40,1603,1593,390,101,2,2,0.00251098556183,0.00125549278092,-3.15252424588e-06,1.0,0.00504094183021,3.16443303842e-06
1980,40,1603,1593,390,105,2,2,0.00251098556183,0.291902071563,0.00177802367467,1.0,9.72765179967,0.00610649830488
1980,40,1603,1593,390,115,2,2,0.00251098556183,0.000627746390458,-1.57626212294e-06,1.0,0.00251888770473,1.58122266461e-06
1980,40,1603,1593,390,123,2,3,0.00251098556183,0.000627746390458,NaN,NaN,0.010094573256,3.16841596232e-06
1980,40,1603,1593,390,124,2,2,0.00251098556183,0.00188323917137,-4.72878636881e-06,1.0,0.00756616835081,4.74963487182e-06
1980,40,1603,1593,390,130,2,2,0.00251098556183,0.000627746390458,-1.57626212294e-06,1.0,0.00251888770473,1.58122266461e-06
1980,40,1603,1593,390,131,2,2,0.00251098556183,0.00125549278092,-3.15252424588e-06,1.0,0.00504094183021,3.16443303842e-06
1980,40,1603,1593,390,140,2,3,0.00251098556183,0.00125549278092,NaN,NaN,0.0227844842382,7.1514388695e-06
1980,40,1603,1593,390,146,2,2,0.00251098556183,0.000627746390458,-1.57626212294e-06,1.0,0.00251888770473,1.58122266461e-06
1980,40,1603,1593,390,149,2,2,0.00251098556183,0.000627746390458,-1.57626212294e-06,1.0,0.00251888770473,1.58122266461e-06
1980,40,1603,1593,390,157,2,2,0.00251098556183,0.00125549278092,-3.15252424588e-06,1.0,0.00504094183021,3.16443303842e-06
1980,40,1603,1593,390,159,2,2,0.00251098556183,0.00376647834275,-9.45757273751e-06,0.999999999991,0.015160942253,9.51722677529e-06
1980,40,1603,1593,390,164,2,2,0.00251098556183,0.000627746390458,-1.57626212294e-06,1.0,0.00251888770473,1.58122266461e-06
1980,40,1603,1593,390,167,2,2,0.00251098556183,0.00313873195229,-7.88131061458e-06,0.999999999989,0.0126261625502,7.9260279662e-06
1980,40,1603,1593,390,177,2,2,0.00251098556183,0.000627746390458,-1.57626212294e-06,1.0,0.00251888770473,1.58122266461e-06
1980,40,1603,1592,390,186,2,2,0.00251256281407,0.000628140703518,-1.57824297375e-06,1.00000000006,0.00252047490053,1.58321287722e-06
1980,40,1603,1593,390,188,2,2,0.00251098556183,0.00627746390458,-1.57626212294e-05,1.0,0.0253320860766,1.59021255974e-05
1980,40,1603,1593,390,192,2,3,0.00251098556183,0.000627746390458,NaN,NaN,0.00504094183021,1.58221651921e-06
1980,40,1603,1593,390,198,2,2,0.00251098556183,0.00313873195229,-7.88131061458e-06,0.999999999989,0.0126261625502,7.9260279662e-06
1980,40,1603,1593,390,200,2,2,0.00251098556183,0.00125549278092,-3.15252424588e-06,1.0,0.00504094183021,3.16443303842e-06
1980,40,1603,1593,390,207,2,2,0.00251098556183,0.00816070307596,-2.04914075982e-05,1.0,0.0329942404665,2.07120153588e-05
1980,40,1603,1593,390,208,2,2,0.00251098556183,0.000627746390458,-1.57626212294e-06,1.0,0.00251888770473,1.58122266461e-06
1980,40,1603,1593,390,211,2,2,0.00251098556183,0.000627746390458,-1.57626212294e-06,1.0,0.00251888770473,1.58122266461e-06
1980,40,1603,1593,390,215,2,2,0.00251098556183,0.00125549278092,-3.15252424588e-06,1.0,0.00504094183021,3.16443303842e-06
1980,40,1603,1593,390,218,2,3,0.00251098556183,0.00125549278092,NaN,NaN,0.0202400970394,6.3528239295e-06
1980,40,1603,1593,390,220,2,2,0.00251098556183,0.00125549278092,-3.15252424588e-06,1.0,0.00504094183021,3.16443303842e-06
1980,40,1603,1593,390,221,2,3,0.00251098556183,0.000627746390458,NaN,NaN,0.00504094183021,1.58221651921e-06
1980,40,1603,1593,390,222,2,2,0.00251098556183,0.000627746390458,-1.57626212294e-06,1.0,0.00251888770473,1.58122266461e-06
1980,40,1603,1593,390,226,2,2,0.00251098556183,0.000627746390458,-1.57626212294e-06,1.0,0.00251888770473,1.58122266461e-06
1980,40,1603,1593,390,227,2,2,0.00251098556183,0.000627746390458,-1.57626212294e-06,1.0,0.00251888770473,1.58122266461e-06
1980,40,1603,1593,390,232,2,2,0.00251098556183,0.000627746390458,-1.57626212294e-06,1.0,0.00251888770473,1.58122266461e-06
1980,40,1603,1593,390,233,2,2,0.00251098556183,0.000627746390458,-1.57626212294e-06,1.0,0.00251888770473,1.58122266461e-06
1980,40,1603,1593,390,240,2,2,0.00251098556183,0.00188323917137,-4.72878636881e-06,1.0,0.00756616835081,4.74963487182e-06
1980,40,1603,1593,390,244,2,2,0.00251098556183,0.000627746390458,-1.57626212294e-06,1.0,0.00251888770473,1.58122266461e-06
1980,40,1603,1593,390,245,2,2,0.00251098556183,0.000627746390458,-1.57626212294e-06,1.0,0.00251888770473,1.58122266461e-06
1980,40,1603,1593,395,15,2,2,0.00251098556183,0.000627746390458,-1.57626212294e-06,1.0,0.00251888770473,1.58122266461e-06
1980,40,1603,1593,395,20,2,3,0.00251098556183,0.000627746390458,NaN,NaN,0.00504094183021,1.58221651921e-06
1980,40,1603,1593,395,22,2,2,0.00251098556183,0.00125549278092,-3.15252424588e-06,1.0,0.00504094183021,3.16443303842e-06
1980,40,1603,1593,395,26,2,2,0.00251098556183,0.00376647834275,0.00124603520818,0.498109640832,263.164583187,0.165200617192
1980,40,1603,1593,395,33,2,2,0.00251098556183,0.000627746390458,-1.57626212294e-06,1.0,0.00251888770473,1.58122266461e-06
1980,40,1603,1593,395,35,2,2,0.00251098556183,0.000627746390458,-1.57626212294e-06,1.0,0.00251888770473,1.58122266461e-06
1980,40,1603,1593,395,46,2,3,0.00251098556183,0.000627746390458,NaN,NaN,0.00504094183021,1.58221651921e-06
1980,40,1603,1593,395,48,2,2,0.00251098556183,0.000627746390458,-1.57626212294e-06,1.0,0.00251888770473,1.58122266461e-06
1980,40,1603,1593,395,49,2,2,0.00251098556183,0.000627746390458,-1.57626212294e-06,1.0,0.00251888770473,1.58122266461e-06
1980,40,1603,1593,395,55,2,2,0.00251098556183,0.000627746390458,-1.57626212294e-06,1.0,0.00251888770473,1.58122266461e-06
1980,40,1603,1593,395,60,2,2,0.00251098556183,0.000627746390458,-1.57626212294e-06,1.0,0.00251888770473,1.58122266461e-06
1980,40,1603,1593,395,64,2,2,0.00251098556183,0.00251098556183,-6.30504849175e-06,1.0,0.010094573256,6.33683192464e-06
1980,40,1603,1593,395,73,2,2,0.00251098556183,0.000627746390458,-1.57626212294e-06,1.0,0.00251888770473,1.58122266461e-06
1980,40,1603,1593,395,77,2,2,0.00251098556183,0.00376647834275,-9.45757273751e-06,0.999999999991,0.015160942253,9.51722677529e-06
1980,40,1603,1593,395,94,2,2,0.00251098556183,0.000627746390458,-1.57626212294e-06,1.0,0.00251888770473,1.58122266461e-06
1980,40,1603,1593,395,97,2,3,0.00251098556183,0.000627746390458,NaN,NaN,0.00504094183021,1.58221651921e-06
1980,40,1603,1593,395,101,2,2,0.00251098556183,0.00125549278092,-3.15252424588e-06,1.0,0.00504094183021,3.16443303842e-06
1980,40,1603,1593,395,105,2,2,0.00251098556183,0.291902071563,0.00177802367467,1.0,9.72765179967,0.00610649830488
1980,40,1603,1593,395,115,2,2,0.00251098556183,0.000627746390458,-1.57626212294e-06,1.0,0.00251888770473,1.58122266461e-06
1980,40,1603,1593,395,123,2,3,0.00251098556183,0.000627746390458,NaN,NaN,0.010094573256,3.16841596232e-06
1980,40,1603,1593,395,124,2,2,0.00251098556183,0.00188323917137,-4.72878636881e-06,1.0,0.00756616835081,4.74963487182e-06
1980,40,1603,1593,395,130,2,2,0.00251098556183,0.000627746390458,-1.57626212294e-06,1.0,0.00251888770473,1.58122266461e-06
1980,40,1603,1593,395,131,2,2,0.00251098556183,0.00125549278092,-3.15252424588e-06,1.0,0.00504094183021,3.16443303842e-06
1980,40,1603,1593,395,140,2,3,0.00251098556183,0.00125549278092,NaN,NaN,0.0227844842382,7.1514388695e-06
1980,40,1603,1593,395,146,2,2,0.00251098556183,0.000627746390458,-1.57626212294e-06,1.0,0.00251888770473,1.58122266461e-06
1980,40,1603,1593,395,149,2,2,0.00251098556183,0.000627746390458,0.000626170128335,1.0,397.499528894,0.249528894472
1980,40,1603,1593,395,157,2,2,0.00251098556183,0.00125549278092,-3.15252424588e-06,1.0,0.00504094183021,3.16443303842e-06
1980,40,1603,1593,395,159,2,2,0.00251098556183,0.00376647834275,-9.45757273751e-06,0.999999999991,0.015160942253,9.51722677529e-06
1980,40,1603,1593,395,164,2,2,0.00251098556183,0.000627746390458,-1.57626212294e-06,1.0,0.00251888770473,1.58122266461e-06
1980,40,1603,1593,395,167,2,2,0.00251098556183,0.00313873195229,-7.88131061458e-06,0.999999999989,0.0126261625502,7.9260279662e-06
1980,40,1603,1593,395,177,2,2,0.00251098556183,0.000627746390458,-1.57626212294e-06,1.0,0.00251888770473,1.58122266461e-06
1980,40,1603,1592,395,186,2,2,0.00251256281407,0.000628140703518,-1.57824297375e-06,1.00000000006,0.00252047490053,1.58321287722e-06
1980,40,1603,1593,395,188,2,2,0.00251098556183,0.00627746390458,-1.57626212294e-05,1.0,0.0253320860766,1.59021255974e-05
1980,40,1603,1593,395,192,2,3,0.00251098556183,0.000627746390458,NaN,NaN,0.00504094183021,1.58221651921e-06
1980,40,1603,1593,395,198,2,2,0.00251098556183,0.00313873195229,-7.88131061458e-06,0.999999999989,0.0126261625502,7.9260279662e-06
1980,40,1603,1593,395,200,2,2,0.00251098556183,0.00125549278092,-3.15252424588e-06,1.0,0.00504094183021,3.16443303842e-06
1980,40,1603,1593,395,207,2,2,0.00251098556183,0.00816070307596,-2.04914075982e-05,1.0,0.0329942404665,2.07120153588e-05
1980,40,1603,1593,395,208,2,2,0.00251098556183,0.000627746390458,-1.57626212294e-06,1.0,0.00251888770473,1.58122266461e-06
1980,40,1603,1593,395,211,2,2,0.00251098556183,0.000627746390458,-1.57626212294e-06,1.0,0.00251888770473,1.58122266461e-06
1980,40,1603,1593,395,215,2,2,0.00251098556183,0.00125549278092,-3.15252424588e-06,1.0,0.00504094183021,3.16443303842e-06
1980,40,1603,1593,395,218,2,3,0.00251098556183,0.00125549278092,NaN,NaN,0.0202400970394,6.3528239295e-06
1980,40,1603,1593,395,220,2,2,0.00251098556183,0.00125549278092,-3.15252424588e-06,1.0,0.00504094183021,3.16443303842e-06
1980,40,1603,1593,395,221,2,3,0.00251098556183,0.000627746390458,NaN,NaN,0.00504094183021,1.58221651921e-06
1980,40,1603,1593,395,222,2,2,0.00251098556183,0.000627746390458,-1.57626212294e-06,1.0,0.00251888770473,1.58122266461e-06
1980,40,1603,1593,395,226,2,2,0.00251098556183,0.000627746390458,-1.57626212294e-06,1.0,0.00251888770473,1.58122266461e-06
1980,40,1603,1593,395,227,2,2,0.00251098556183,0.000627746390458,-1.57626212294e-06,1.0,0.00251888770473,1.58122266461e-06
1980,40,1603,1593,395,232,2,2,0.00251098556183,0.000627746390458,-1.57626212294e-06,1.0,0.00251888770473,1.58122266461e-06
1980,40,1603,1593,395,233,2,2,0.00251098556183,0.000627746390458,-1.57626212294e-06,1.0,0.00251888770473,1.58122266461e-06
1980,40,1603,1593,395,240,2,2,0.00251098556183,0.00188323917137,-4.72878636881e-06,1.0,0.00756616835081,4.74963487182e-06
1980,40,1603,1593,395,244,2,2,0.00251098556183,0.000627746390458,-1.57626212294e-06,1.0,0.00251888770473,1.58122266461e-06
1980,40,1603,1593,395,245,2,2,0.00251098556183,0.000627746390458,-1.57626212294e-06,1.0,0.00251888770473,1.58122266461e-06
1980,40,1603,1592,399,15,2,2,0.430904522613,0.000628140703518,0.000357472033535,1.0,1.32152981512,0.000830106667791
1980,40,1603,1592,399,20,2,3,0.430904522613,0.000628140703518,NaN,NaN,2.07792307881,0.000652614032291
1980,40,1603,1592,399,22,2,2,0.430904522613,0.00125628140704,8.68033635514e-05,0.121412803532,0.0389860281177,2.44887111292e-05
1980,40,1603,1592,399,26,2,2,0.430904522613,0.00376884422111,0.00214483220121,1.0,7.95417630212,0.00499634189832
1980,40,1603,1592,399,33,2,2,0.430904522613,0.000628140703518,0.000357472033535,1.0,1.32152981512,0.000830106667791
1980,40,1603,1592,399,35,2,2,0.430904522613,0.000628140703518,-0.000270668669983,1.0,0.757650303931,0.000475910994931
1980,40,1603,1592,399,46,2,3,0.430904522613,0.000628140703518,NaN,NaN,1.51625362711,0.000476210310023
1980,40,1603,1592,399,48,2,2,0.430904522613,0.000628140703518,0.000357472033535,1.0,1.32152981512,0.000830106667791
1980,40,1603,1592,399,49,2,2,0.430904522613,0.000628140703518,-0.000270668669983,1.0,0.757650303931,0.000475910994931
1980,40,1603,1592,399,55,2,2,0.430904522613,0.000628140703518,0.000357472033535,1.0,1.32152981512,0.000830106667791
1980,40,1603,1592,399,60,2,2,0.430904522613,0.000628140703518,0.000357472033535,1.0,1.32152981512,0.000830106667791
1980,40,1603,1592,399,64,2,2,0.430904522613,0.00251256281407,-0.00108267467993,1.0,3.03632653288,0.00190724028447
1980,40,1603,1592,399,73,2,2,0.430904522613,0.000628140703518,-0.000270668669983,1.0,0.757650303931,0.000475910994931
1980,40,1603,1592,399,77,2,2,0.430904522613,0.00376884422111,-0.0016240120199,1.0,4.56023316603,0.00286446806911
1980,40,1603,1592,399,94,2,2,0.430904522613,0.000628140703518,-0.000270668669983,1.0,0.757650303931,0.000475910994931
1980,40,1603,1592,399,97,2,3,0.430904522613,0.000628140703518,NaN,NaN,2.6447219319,0.000830628747456
1980,40,1603,1592,399,101,2,2,0.430904522613,0.00125628140704,0.000714944067069,1.0,2.6447219319,0.00166125749491
1980,40,1603,1592,399,105,2,2,0.430904522613,0.291457286432,0.124409737128,0.75005709066,486.569260309,0.305633957481
1980,40,1603,1592,399,115,2,2,0.430904522613,0.000628140703518,-0.000270668669983,1.0,0.757650303931,0.000475910994931
1980,40,1603,1592,399,123,2,3,0.430904522613,0.000628140703518,NaN,NaN,1.43736162495,0.000451432671152
1980,40,1603,1592,399,124,2,2,0.430904522613,0.00188442211055,-0.000812006009949,1.0,2.27581176882,0.00142953000554
1980,40,1603,1592,399,130,2,2,0.430904522613,0.000628140703518,0.000357472033535,1.0,1.32152981512,0.000830106667791
1980,40,1603,1592,399,131,2,2,0.430904522613,0.00125628140704,0.000714944067069,1.0,2.6447219319,0.00166125749491
1980,40,1603,1592,399,140,2,3,0.430904522613,0.00125628140704,NaN,NaN,5.36049694266,0.00168357316038
1980,40,1603,1592,399,146,2,2,0.430904522613,0.000628140703518,0.000357472033535,1.0,1.32152981512,0.000830106667791
1980,40,1603,1592,399,149,2,2,0.430904522613,0.000628140703518,0.000357472033535,1.0,1.32152981512,0.000830106667791
1980,40,1603,1592,399,157,2,2,0.430904522613,0.00125628140704,-0.000541337339966,1.0,1.51625362711,0.000952420620045
1980,40,1603,1592,399,159,2,2,0.430904522613,0.00376884422111,0.000260410090654,0.121412803532,0.117253060606,7.36514199787e-05
1980,40,1603,1592,399,164,2,2,0.430904522613,0.000628140703518,-0.000270668669983,1.0,0.757650303931,0.000475910994931
1980,40,1603,1592,399,167,2,2,0.430904522613,0.00314070351759,-0.000725202646398,0.535860058309,1.09052300854,0.000685001889783
1980,40,1603,1592,399,177,2,2,0.430904522613,0.000628140703518,-0.000270668669983,1.0,0.757650303931,0.000475910994931
1980,40,1603,1591,399,186,2,2,0.430546825896,0.000628535512256,-0.000270613969765,1.0,0.756546156302,0.000475516125897
1980,40,1603,1592,399,188,2,2,0.430904522613,0.00628140703518,-0.00270668669983,1.0,7.61960577468,0.00478618453183
1980,40,1603,1592,399,192,2,3,0.430904522613,0.000628140703518,NaN,NaN,2.07792307881,0.000652614032291
1980,40,1603,1592,399,198,2,2,0.430904522613,0.00314070351759,-9.70619428802e-05,0.071720116618,0.0195350277791,1.22707460924e-05
1980,40,1603,1592,399,200,2,2,0.430904522613,0.00125628140704,8.68033635514e-05,0.121412803532,0.0389860281177,2.44887111292e-05
1980,40,1603,1592,399,207,2,2,0.430904522613,0.00816582914573,0.00213457362188,0.45933095602,3.65224411466,0.0022941231876
1980,40,1603,1592,399,208,2,2,0.430904522613,0.000628140703518,-0.000270668669983,1.0,0.757650303931,0.000475910994931
1980,40,1603,1592,399,211,2,2,0.430904522613,0.000628140703518,0.000357472033535,1.0,1.32152981512,0.000830106667791
1980,40,1603,1592,399,215,2,2,0.430904522613,0.00125628140704,-0.000541337339966,1.0,1.51625362711,0.000952420620045
1980,40,1603,1592,399,218,2,3,0.430904522613,0.00125628140704,NaN,NaN,1.40512631187,0.000441308515035
1980,40,1603,1592,399,220,2,2,0.430904522613,0.00125628140704,8.68033635514e-05,0.121412803532,0.0389860281177,2.44887111292e-05
1980,40,1603,1592,399,221,2,3,0.430904522613,0.000628140703518,NaN,NaN,2.07792307881,0.000652614032291
1980,40,1603,1592,399,222,2,2,0.430904522613,0.000628140703518,0.000357472033535,1.0,1.32152981512,0.000830106667791
1980,40,1603,1592,399,226,2,2,0.430904522613,0.000628140703518,0.000357472033535,1.0,1.32152981512,0.000830106667791
1980,40,1603,1592,399,227,2,2,0.430904522613,0.000628140703518,0.000357472033535,1.0,1.32152981512,0.000830106667791
1980,40,1603,1592,399,232,2,2,0.430904522613,0.000628140703518,0.000357472033535,1.0,1.32152981512,0.000830106667791
1980,40,1603,1592,399,233,2,2,0.430904522613,0.000628140703518,-0.000270668669983,1.0,0.757650303931,0.000475910994931
1980,40,1603,1592,399,240,2,2,0.430904522613,0.00188442211055,0.000444275397086,0.414275202355,0.681274885042,0.000427936485579
1980,40,1603,1592,399,244,2,2,0.430904522613,0.000628140703518,0.000357472033535,1.0,1.32152981512,0.000830106667791
1980,40,1603,1592,399,245,2,2,0.430904522613,0.000628140703518,-0.000270668669983,1.0,0.757650303931,0.000475910994931
1980,40,1603,1593,403,15,2,2,0.000627746390458,0.000627746390458,-3.94065530762e-07,1.00000000007,0.000628535264261,3.94560743416e-07
1980,40,1603,1593,403,20,2,3,0.000627746390458,0.000627746390458,NaN,NaN,0.00125786064199,3.94808738855e-07
1980,40,1603,1593,403,22,2,2,0.000627746390458,0.00125549278092,-7.88131061413e-07,0.999999999932,0.00125786064199,7.89617477709e-07
1980,40,1603,1593,403,26,2,2,0.000627746390458,0.00376647834275,-2.36439318435e-06,0.999999999979,0.00378309315956,2.37482307568e-06
1980,40,1603,1593,403,33,2,2,0.000627746390458,0.000627746390458,-3.94065530762e-07,1.00000000007,0.000628535264261,3.94560743416e-07
1980,40,1603,1593,403,35,2,2,0.000627746390458,0.000627746390458,-3.94065530762e-07,1.00000000007,0.000628535264261,3.94560743416e-07
1980,40,1603,1593,403,46,2,3,0.000627746390458,0.000627746390458,NaN,NaN,0.00125786064199,3.94808738855e-07
1980,40,1603,1593,403,48,2,2,0.000627746390458,0.000627746390458,-3.94065530762e-07,1.00000000007,0.000628535264261,3.94560743416e-07
1980,40,1603,1593,403,49,2,2,0.000627746390458,0.000627746390458,-3.94065530762e-07,1.00000000007,0.000628535264261,3.94560743416e-07
1980,40,1603,1593,403,55,2,2,0.000627746390458,0.000627746390458,-3.94065530762e-07,1.00000000007,0.000628535264261,3.94560743416e-07
1980,40,1603,1593,403,60,2,2,0.000627746390458,0.000627746390458,-3.94065530762e-07,1.00000000007,0.000628535264261,3.94560743416e-07
1980,40,1603,1593,403,64,2,2,0.000627746390458,0.00251098556183,-1.57626212294e-06,1.0,0.00251888770473,1.58122266461e-06
1980,40,1603,1593,403,73,2,2,0.000627746390458,0.000627746390458,-3.94065530762e-07,1.00000000007,0.000628535264261,3.94560743416e-07
1980,40,1603,1593,403,77,2,2,0.000627746390458,0.00376647834275,-2.36439318435e-06,0.999999999979,0.00378309315956,2.37482307568e-06
1980,40,1603,1593,403,94,2,2,0.000627746390458,0.000627746390458,-3.94065530762e-07,1.00000000007,0.000628535264261,3.94560743416e-07
1980,40,1603,1593,403,97,2,3,0.000627746390458,0.000627746390458,NaN,NaN,0.00125786064199,3.94808738855e-07
1980,40,1603,1593,403,101,2,2,0.000627746390458,0.00125549278092,-7.88131061413e-07,0.999999999932,0.00125786064199,7.89617477709e-07
1980,40,1603,1593,403,105,2,2,0.000627746390458,0.291902071563,-0.000183240471791,1.0,0.412492983535,0.000258940981503
1980,40,1603,1593,403,115,2,2,0.000627746390458,0.000627746390458,-3.94065530762e-07,1.00000000007,0.000628535264261,3.94560743416e-07
1980,40,1603,1593,403,123,2,3,0.000627746390458,0.000627746390458,NaN,NaN,0.00251888770473,7.90611332307e-07
1980,40,1603,1593,403,124,2,2,0.000627746390458,0.00188323917137,-1.18219659218e-06,0.999999999979,0.00188797762397,1.18517113871e-06
1980,40,1603,1593,403,130,2,2,0.000627746390458,0.000627746390458,-3.94065530762e-07,1.00000000007,0.000628535264261,3.94560743416e-07
1980,40,1603,1593,403,131,2,2,0.000627746390458,0.00125549278092,-7.88131061413e-07,0.999999999932,0.00125786064199,7.89617477709e-07
1980,40,1603,1593,403,140,2,3,0.000627746390458,0.00125549278092,NaN,NaN,0.00568538716309,1.78449063499e-06
1980,40,1603,1593,403,146,2,2,0.000627746390458,0.000627746390458,-3.94065530762e-07,1.00000000007,0.000628535264261,3.94560743416e-07
1980,40,1603,1593,403,149,2,2,0.000627746390458,0.000627746390458,-3.94065530762e-07,1.00000000007,0.000628535264261,3.94560743416e-07
1980,40,1603,1593,403,157,2,2,0.000627746390458,0.00125549278092,-7.88131061413e-07,0.999999999932,0.00125786064199,7.89617477709e-07
1980,40,1603,1593,403,159,2,2,0.000627746390458,0.00376647834275,-2.36439318435e-06,0.999999999979,0.00378309315956,2.37482307568e-06
1980,40,1603,1593,403,164,2,2,0.000627746390458,0.000627746390458,-3.94065530762e-07,1.00000000007,0.000628535264261,3.94560743416e-07
1980,40,1603,1593,403,167,2,2,0.000627746390458,0.00313873195229,-1.9703276537e-06,1.00000000002,0.00315059238257,1.97777299596e-06
1980,40,1603,1593,403,177,2,2,0.000627746390458,0.000627746390458,-3.94065530762e-07,1.00000000007,0.000628535264261,3.94560743416e-07
1980,40,1603,1592,403,186,2,2,0.000628140703518,0.000628140703518,-3.94560743411e-07,0.999999999988,0.000628930569147,3.95056890167e-07
1980,40,1603,1593,403,188,2,2,0.000627746390458,0.00627746390458,-3.94065530729e-06,0.999999999989,0.00632108743338,3.96803982007e-06
1980,40,1603,1593,403,192,2,3,0.000627746390458,0.000627746390458,NaN,NaN,0.00125786064199,3.94808738855e-07
1980,40,1603,1593,403,198,2,2,0.000627746390458,0.00313873195229,-1.9703276537e-06,1.00000000002,0.00315059238257,1.97777299596e-06
1980,40,1603,1593,403,200,2,2,0.000627746390458,0.00125549278092,-7.88131061413e-07,0.999999999932,0.00125786064199,7.89617477709e-07
1980,40,1603,1593,403,207,2,2,0.000627746390458,0.00816070307596,-5.12285189957e-06,1.00000000001,0.00823301634756,5.16824629476e-06
1980,40,1603,1593,403,208,2,2,0.000627746390458,0.000627746390458,-3.94065530762e-07,1.00000000007,0.000628535264261,3.94560743416e-07
1980,40,1603,1593,403,211,2,2,0.000627746390458,0.000627746390458,-3.94065530762e-07,1.00000000007,0.000628535264261,3.94560743416e-07
1980,40,1603,1593,403,215,2,2,0.000627746390458,0.00125549278092,-7.88131061413e-07,0.999999999932,0.00125786064199,7.89617477709e-07
1980,40,1603,1593,403,218,2,3,0.000627746390458,0.00125549278092,NaN,NaN,0.00505048903825,1.58521313191e-06
1980,40,1603,1593,403,220,2,2,0.000627746390458,0.00125549278092,-7.88131061413e-07,0.999999999932,0.00125786064199,7.89617477709e-07
1980,40,1603,1593,403,221,2,3,0.000627746390458,0.000627746390458,NaN,NaN,0.00125786064199,3.94808738855e-07
1980,40,1603,1593,403,222,2,2,0.000627746390458,0.000627746390458,-3.94065530762e-07,1.00000000007,0.000628535264261,3.94560743416e-07
1980,40,1603,1593,403,226,2,2,0.000627746390458,0.000627746390458,-3.94065530762e-07,1.00000000007,0.000628535264261,3.94560743416e-07
1980,40,1603,1593,403,227,2,2,0.000627746390458,0.000627746390458,-3.94065530762e-07,1.00000000007,0.000628535264261,3.94560743416e-07
1980,40,1603,1593,403,232,2,2,0.000627746390458,0.000627746390458,-3.94065530762e-07,1.00000000007,0.000628535264261,3.94560743416e-07
1980,40,1603,1593,403,233,2,2,0.000627746390458,0.000627746390458,-3.94065530762e-07,1.00000000007,0.000628535264261,3.94560743416e-07
1980,40,1603,1593,403,240,2,2,0.000627746390458,0.00188323917137,-1.18219659218e-06,0.999999999979,0.00188797762397,1.18517113871e-06
1980,40,1603,1593,403,244,2,2,0.000627746390458,0.000627746390458,-3.94065530762e-07,1.00000000007,0.000628535264261,3.94560743416e-07
1980,40,1603,1593,403,245,2,2,0.000627746390458,0.000627746390458,-3.94065530762e-07,1.00000000007,0.000628535264261,3.94560743416e-07
1980,40,1603,1593,404,15,2,2,0.000627746390458,0.000627746390458,-3.94065530762e-07,1.00000000007,0.000628535264261,3.94560743416e-07
1980,40,1603,1593,404,20,2,3,0.000627746390458,0.000627746390458,NaN,NaN,0.00125786064199,3.94808738855e-07
1980,40,1603,1593,404,22,2,2,0.000627746390458,0.00125549278092,-7.88131061413e-07,0.999999999932,0.00125786064199,7.89617477709e-07
1980,40,1603,1593,404,26,2,2,0.000627746390458,0.00376647834275,-2.36439318435e-06,0.999999999979,0.00378309315956,2.37482307568e-06
1980,40,1603,1593,404,33,2,2,0.000627746390458,0.000627746390458,-3.94065530762e-07,1.00000000007,0.000628535264261,3.94560743416e-07
1980,40,1603,1593,404,35,2,2,0.000627746390458,0.000627746390458,-3.94065530762e-07,1.00000000007,0.000628535264261,3.94560743416e-07
1980,40,1603,1593,404,46,2,3,0.000627746390458,0.000627746390458,NaN,NaN,0.00125786064199,3.94808738855e-07
1980,40,1603,1593,404,48,2,2,0.000627746390458,0.000627746390458,-3.94065530762e-07,1.00000000007,0.000628535264261,3.94560743416e-07
1980,40,1603,1593,404,49,2,2,0.000627746390458,0.000627746390458,-3.94065530762e-07,1.00000000007,0.000628535264261,3.94560743416e-07
1980,40,1603,1593,404,55,2,2,0.000627746390458,0.000627746390458,-3.94065530762e-07,1.00000000007,0.000628535264261,3.94560743416e-07
1980,40,1603,1593,404,60,2,2,0.000627746390458,0.000627746390458,-3.94065530762e-07,1.00000000007,0.000628535264261,3.94560743416e-07
1980,40,1603,1593,404,64,2,2,0.000627746390458,0.00251098556183,-1.57626212294e-06,1.0,0.00251888770473,1.58122266461e-06
1980,40,1603,1593,404,73,2,2,0.000627746390458,0.000627746390458,-3.94065530762e-07,1.00000000007,0.000628535264261,3.94560743416e-07
1980,40,1603,1593,404,77,2,2,0.000627746390458,0.00376647834275,-2.36439318435e-06,0.999999999979,0.00378309315956,2.37482307568e-06
1980,40,1603,1593,404,94,2,2,0.000627746390458,0.000627746390458,-3.94065530762e-07,1.00000000007,0.000628535264261,3.94560743416e-07
1980,40,1603,1593,404,97,2,3,0.000627746390458,0.000627746390458,NaN,NaN,0.00125786064199,3.94808738855e-07
1980,40,1603,1593,404,101,2,2,0.000627746390458,0.00125549278092,-7.88131061413e-07,0.999999999932,0.00125786064199,7.89617477709e-07
1980,40,1603,1593,404,105,2,2,0.000627746390458,0.291902071563,-0.000183240471791,1.0,0.412492983535,0.000258940981503
1980,40,1603,1593,404,115,2,2,0.000627746390458,0.000627746390458,-3.94065530762e-07,1.00000000007,0.000628535264261,3.94560743416e-07
1980,40,1603,1593,404,123,2,3,0.000627746390458,0.000627746390458,NaN,NaN,0.00251888770473,7.90611332307e-07
1980,40,1603,1593,404,124,2,2,0.000627746390458,0.00188323917137,-1.18219659218e-06,0.999999999979,0.00188797762397,1.18517113871e-06
1980,40,1603,1593,404,130,2,2,0.000627746390458,0.000627746390458,-3.94065530762e-07,1.00000000007,0.000628535264261,3.94560743416e-07
1980,40,1603,1593,404,131,2,2,0.000627746390458,0.00125549278092,-7.88131061413e-07,0.999999999932,0.00125786064199,7.89617477709e-07
1980,40,1603,1593,404,140,2,3,0.000627746390458,0.00125549278092,NaN,NaN,0.00568538716309,1.78449063499e-06
1980,40,1603,1593,404,146,2,2,0.000627746390458,0.000627746390458,-3.94065530762e-07,1.00000000007,0.000628535264261,3.94560743416e-07
1980,40,1603,1593,404,149,2,2,0.000627746390458,0.000627746390458,-3.94065530762e-07,1.00000000007,0.000628535264261,3.94560743416e-07
1980,40,1603,1593,404,157,2,2,0.000627746390458,0.00125549278092,-7.88131061413e-07,0.999999999932,0.00125786064199,7.89617477709e-07
1980,40,1603,1593,404,159,2,2,0.000627746390458,0.00376647834275,-2.36439318435e-06,0.999999999979,0.00378309315956,2.37482307568e-06
1980,40,1603,1593,404,164,2,2,0.000627746390458,0.000627746390458,-3.94065530762e-07,1.00000000007,0.000628535264261,3.94560743416e-07
1980,40,1603,1593,404,167,2,2,0.000627746390458,0.00313873195229,-1.9703276537e-06,1.00000000002,0.00315059238257,1.97777299596e-06
1980,40,1603,1593,404,177,2,2,0.000627746390458,0.000627746390458,-3.94065530762e-07,1.00000000007,0.000628535264261,3.94560743416e-07
1980,40,1603,1592,404,186,2,2,0.000628140703518,0.000628140703518,-3.94560743411e-07,0.999999999988,0.000628930569147,3.95056890167e-07
1980,40,1603,1593,404,188,2,2,0.000627746390458,0.00627746390458,-3.94065530729e-06,0.999999999989,0.00632108743338,3.96803982007e-06
1980,40,1603,1593,404,192,2,3,0.000627746390458,0.000627746390458,NaN,NaN,0.00125786064199,3.94808738855e-07
1980,40,1603,1593,404,198,2,2,0.000627746390458,0.00313873195229,-1.9703276537e-06,1.00000000002,0.00315059238257,1.97777299596e-06
1980,40,1603,1593,404,200,2,2,0.000627746390458,0.00125549278092,-7.88131061413e-07,0.999999999932,0.00125786064199,7.89617477709e-07
1980,40,1603,1593,404,207,2,2,0.000627746390458,0.00816070307596,-5.12285189957e-06,1.00000000001,0.00823301634756,5.16824629476e-06
1980,40,1603,1593,404,208,2,2,0.000627746390458,0.000627746390458,-3.94065530762e-07,1.00000000007,0.000628535264261,3.94560743416e-07
1980,40,1603,1593,404,211,2,2,0.000627746390458,0.000627746390458,-3.94065530762e-07,1.00000000007,0.000628535264261,3.94560743416e-07
1980,40,1603,1593,404,215,2,2,0.000627746390458,0.00125549278092,-7.88131061413e-07,0.999999999932,0.00125786064199,7.89617477709e-07
1980,40,1603,1593,404,218,2,3,0.000627746390458,0.00125549278092,NaN,NaN,0.00505048903825,1.58521313191e-06
1980,40,1603,1593,404,220,2,2,0.000627746390458,0.00125549278092,-7.88131061413e-07,0.999999999932,0.00125786064199,7.89617477709e-07
1980,40,1603,1593,404,221,2,3,0.000627746390458,0.000627746390458,NaN,NaN,0.00125786064199,3.94808738855e-07
1980,40,1603,1593,404,222,2,2,0.000627746390458,0.000627746390458,-3.94065530762e-07,1.00000000007,0.000628535264261,3.94560743416e-07
1980,40,1603,1593,404,226,2,2,0.000627746390458,0.000627746390458,-3.94065530762e-07,1.00000000007,0.000628535264261,3.94560743416e-07
1980,40,1603,1593,404,227,2,2,0.000627746390458,0.000627746390458,-3.94065530762e-07,1.00000000007,0.000628535264261,3.94560743416e-07
1980,40,1603,1593,404,232,2,2,0.000627746390458,0.000627746390458,-3.94065530762e-07,1.00000000007,0.000628535264261,3.94560743416e-07
1980,40,1603,1593,404,233,2,2,0.000627746390458,0.000627746390458,-3.94065530762e-07,1.00000000007,0.000628535264261,3.94560743416e-07
1980,40,1603,1593,404,240,2,2,0.000627746390458,0.00188323917137,-1.18219659218e-06,0.999999999979,0.00188797762397,1.18517113871e-06
1980,40,1603,1593,404,244,2,2,0.000627746390458,0.000627746390458,-3.94065530762e-07,1.00000000007,0.000628535264261,3.94560743416e-07
1980,40,1603,1593,404,245,2,2,0.000627746390458,0.000627746390458,-3.94065530762e-07,1.00000000007,0.000628535264261,3.94560743416e-07
1980,40,1603,1593,406,15,2,2,0.000627746390458,0.000627746390458,-3.94065530762e-07,1.00000000007,0.000628535264261,3.94560743416e-07
1980,40,1603,1593,406,20,2,3,0.000627746390458,0.000627746390458,NaN,NaN,0.00125786064199,3.94808738855e-07
1980,40,1603,1593,406,22,2,2,0.000627746390458,0.00125549278092,-7.88131061413e-07,0.999999999932,0.00125786064199,7.89617477709e-07
1980,40,1603,1593,406,26,2,2,0.000627746390458,0.00376647834275,-2.36439318435e-06,0.999999999979,0.00378309315956,2.37482307568e-06
1980,40,1603,1593,406,33,2,2,0.000627746390458,0.000627746390458,-3.94065530762e-07,1.00000000007,0.000628535264261,3.94560743416e-07
1980,40,1603,1593,406,35,2,2,0.000627746390458,0.000627746390458,-3.94065530762e-07,1.00000000007,0.000628535264261,3.94560743416e-07
1980,40,1603,1593,406,46,2,3,0.000627746390458,0.000627746390458,NaN,NaN,0.00125786064199,3.94808738855e-07
1980,40,1603,1593,406,48,2,2,0.000627746390458,0.000627746390458,-3.94065530762e-07,1.00000000007,0.000628535264261,3.94560743416e-07
1980,40,1603,1593,406,49,2,2,0.000627746390458,0.000627746390458,-3.94065530762e-07,1.00000000007,0.000628535264261,3.94560743416e-07
1980,40,1603,1593,406,55,2,2,0.000627746390458,0.000627746390458,-3.94065530762e-07,1.00000000007,0.000628535264261,3.94560743416e-07
1980,40,1603,1593,406,60,2,2,0.000627746390458,0.000627746390458,-3.94065530762e-07,1.00000000007,0.000628535264261,3.94560743416e-07
1980,40,1603,1593,406,64,2,2,0.000627746390458,0.00251098556183,-1.57626212294e-06,1.0,0.00251888770473,1.58122266461e-06
1980,40,1603,1593,406,73,2,2,0.000627746390458,0.000627746390458,-3.94065530762e-07,1.00000000007,0.000628535264261,3.94560743416e-07
1980,40,1603,1593,406,77,2,2,0.000627746390458,0.00376647834275,-2.36439318435e-06,0.999999999979,0.00378309315956,2.37482307568e-06
1980,40,1603,1593,406,94,2,2,0.000627746390458,0.000627746390458,-3.94065530762e-07,1.00000000007,0.000628535264261,3.94560743416e-07
1980,40,1603,1593,406,97,2,3,0.000627746390458,0.000627746390458,NaN,NaN,0.00125786064199,3.94808738855e-07
1980,40,1603,1593,406,101,2,2,0.000627746390458,0.00125549278092,-7.88131061413e-07,0.999999999932,0.00125786064199,7.89617477709e-07
1980,40,1603,1593,406,105,2,2,0.000627746390458,0.291902071563,-0.000183240471791,1.0,0.412492983535,0.000258940981503
1980,40,1603,1593,406,115,2,2,0.000627746390458,0.000627746390458,-3.94065530762e-07,1.00000000007,0.000628535264261,3.94560743416e-07
1980,40,1603,1593,406,123,2,3,0.000627746390458,0.000627746390458,NaN,NaN,0.00251888770473,7.90611332307e-07
1980,40,1603,1593,406,124,2,2,0.000627746390458,0.00188323917137,-1.18219659218e-06,0.999999999979,0.00188797762397,1.18517113871e-06
1980,40,1603,1593,406,130,2,2,0.000627746390458,0.000627746390458,-3.94065530762e-07,1.00000000007,0.000628535264261,3.94560743416e-07
1980,40,1603,1593,406,131,2,2,0.000627746390458,0.00125549278092,-7.88131061413e-07,0.999999999932,0.00125786064199,7.89617477709e-07
1980,40,1603,1593,406,140,2,3,0.000627746390458,0.00125549278092,NaN,NaN,0.00568538716309,1.78449063499e-06
1980,40,1603,1593,406,146,2,2,0.000627746390458,0.000627746390458,-3.94065530762e-07,1.00000000007,0.000628535264261,3.94560743416e-07
1980,40,1603,1593,406,149,2,2,0.000627746390458,0.000627746390458,-3.94065530762e-07,1.00000000007,0.000628535264261,3.94560743416e-07
1980,40,1603,1593,406,157,2,2,0.000627746390458,0.00125549278092,-7.88131061413e-07,0.999999999932,0.00125786064199,7.89617477709e-07
1980,40,1603,1593,406,159,2,2,0.000627746390458,0.00376647834275,-2.36439318435e-06,0.999999999979,0.00378309315956,2.37482307568e-06
1980,40,1603,1593,406,164,2,2,0.000627746390458,0.000627746390458,-3.94065530762e-07,1.00000000007,0.000628535264261,3.94560743416e-07
1980,40,1603,1593,406,167,2,2,0.000627746390458,0.00313873195229,-1.9703276537e-06,1.00000000002,0.00315059238257,1.97777299596e-06
1980,40,1603,1593,406,177,2,2,0.000627746390458,0.000627746390458,-3.94065530762e-07,1.00000000007,0.000628535264261,3.94560743416e-07
1980,40,1603,1592,406,186,2,2,0.000628140703518,0.000628140703518,-3.94560743411e-07,0.999999999988,0.000628930569147,3.95056890167e-07
1980,40,1603,1593,406,188,2,2,0.000627746390458,0.00627746390458,-3.94065530729e-06,0.999999999989,0.00632108743338,3.96803982007e-06
1980,40,1603,1593,406,192,2,3,0.000627746390458,0.000627746390458,NaN,NaN,0.00125786064199,3.94808738855e-07
1980,40,1603,1593,406,198,2,2,0.000627746390458,0.00313873195229,-1.9703276537e-06,1.00000000002,0.00315059238257,1.97777299596e-06
1980,40,1603,1593,406,200,2,2,0.000627746390458,0.00125549278092,-7.88131061413e-07,0.999999999932,0.00125786064199,7.89617477709e-07
1980,40,1603,1593,406,207,2,2,0.000627746390458,0.00816070307596,0.000622623538559,1.0,121.614804793,0.0763432547352
1980,40,1603,1593,406,208,2,2,0.000627746390458,0.000627746390458,-3.94065530762e-07,1.00000000007,0.000628535264261,3.94560743416e-07
1980,40,1603,1593,406,211,2,2,0.000627746390458,0.000627746390458,-3.94065530762e-07,1.00000000007,0.000628535264261,3.94560743416e-07
1980,40,1603,1593,406,215,2,2,0.000627746390458,0.00125549278092,-7.88131061413e-07,0.999999999932,0.00125786064199,7.89617477709e-07
1980,40,1603,1593,406,218,2,3,0.000627746390458,0.00125549278092,NaN,NaN,0.00505048903825,1.58521313191e-06
1980,40,1603,1593,406,220,2,2,0.000627746390458,0.00125549278092,-7.88131061413e-07,0.999999999932,0.00125786064199,7.89617477709e-07
1980,40,1603,1593,406,221,2,3,0.000627746390458,0.000627746390458,NaN,NaN,0.00125786064199,3.94808738855e-07
1980,40,1603,1593,406,222,2,2,0.000627746390458,0.000627746390458,-3.94065530762e-07,1.00000000007,0.000628535264261,3.94560743416e-07
1980,40,1603,1593,406,226,2,2,0.000627746390458,0.000627746390458,-3.94065530762e-07,1.00000000007,0.000628535264261,3.94560743416e-07
1980,40,1603,1593,406,227,2,2,0.000627746390458,0.000627746390458,-3.94065530762e-07,1.00000000007,0.000628535264261,3.94560743416e-07
1980,40,1603,1593,406,232,2,2,0.000627746390458,0.000627746390458,-3.94065530762e-07,1.00000000007,0.000628535264261,3.94560743416e-07
1980,40,1603,1593,406,233,2,2,0.000627746390458,0.000627746390458,-3.94065530762e-07,1.00000000007,0.000628535264261,3.94560743416e-07
1980,40,1603,1593,406,240,2,2,0.000627746390458,0.00188323917137,-1.18219659218e-06,0.999999999979,0.00188797762397,1.18517113871e-06
1980,40,1603,1593,406,244,2,2,0.000627746390458,0.000627746390458,-3.94065530762e-07,1.00000000007,0.000628535264261,3.94560743416e-07
1980,40,1603,1593,406,245,2,2,0.000627746390458,0.000627746390458,-3.94065530762e-07,1.00000000007,0.000628535264261,3.94560743416e-07
1980,40,1603,1594,412,15,3,2,0.000627352572146,0.000627352572146,NaN,NaN,0.00950564673582,2.98169596481e-06
1980,40,1603,1594,412,20,3,3,0.000627352572146,0.000627352572146,NaN,NaN,0.0190232352389,2.98356888941e-06
1980,40,1603,1594,412,22,3,2,0.000627352572146,0.00125470514429,NaN,NaN,0.0190232352389,5.96713777882e-06
1980,40,1603,1594,412,26,3,2,0.000627352572146,0.00376411543287,NaN,NaN,0.057213458124,1.79465050577e-05
1980,40,1603,1594,412,33,3,2,0.000627352572146,0.000627352572146,NaN,NaN,0.00950564673582,2.98169596481e-06
1980,40,1603,1594,412,35,3,2,0.000627352572146,0.000627352572146,NaN,NaN,0.00950564673582,2.98169596481e-06
1980,40,1603,1594,412,46,3,3,0.000627352572146,0.000627352572146,NaN,NaN,1594.00887751,0.250001392332
1980,40,1603,1594,412,48,3,2,0.000627352572146,0.000627352572146,NaN,NaN,0.00950564673582,2.98169596481e-06
1980,40,1603,1594,412,49,3,2,0.000627352572146,0.000627352572146,NaN,NaN,0.00950564673582,2.98169596481e-06
1980,40,1603,1594,412,55,3,2,0.000627352572146,0.000627352572146,NaN,NaN,0.00950564673582,2.98169596481e-06
1980,40,1603,1594,412,60,3,2,0.000627352572146,0.000627352572146,NaN,NaN,0.00950564673582,2.98169596481e-06
1980,40,1603,1594,412,64,3,2,0.000627352572146,0.00250941028858,NaN,NaN,0.0380943276734,1.1949287225e-05
1980,40,1603,1594,412,73,3,2,0.000627352572146,0.000627352572146,NaN,NaN,0.00950564673582,2.98169596481e-06
1980,40,1603,1594,412,77,3,2,0.000627352572146,0.00376411543287,NaN,NaN,0.057213458124,1.79465050577e-05
1980,40,1603,1594,412,94,3,2,0.000627352572146,0.000627352572146,NaN,NaN,0.00950564673582,2.98169596481e-06
1980,40,1603,1594,412,97,3,3,0.000627352572146,0.000627352572146,NaN,NaN,0.0190232352389,2.98356888941e-06
1980,40,1603,1594,412,101,3,2,0.000627352572146,0.00125470514429,NaN,NaN,0.0190232352389,5.96713777882e-06
1980,40,1603,1594,412,105,3,2,0.000627352572146,0.291718946048,NaN,NaN,0.41474481078,0.000130095611914
1980,40,1603,1594,412,115,3,2,0.000627352572146,0.000627352572146,NaN,NaN,0.00950564673582,2.98169596481e-06
1980,40,1603,1594,412,123,3,3,0.000627352572146,0.000627352572146,NaN,NaN,0.0380943276734,5.97464361251e-06
1980,40,1603,1594,412,124,3,2,0.000627352572146,0.00188205771644,NaN,NaN,0.0285527880267,8.95633250524e-06
1980,40,1603,1594,412,130,3,2,0.000627352572146,0.000627352572146,NaN,NaN,0.00950564673582,2.98169596481e-06
1980,40,1603,1594,412,131,3,2,0.000627352572146,0.00125470514429,NaN,NaN,0.0190232352389,5.96713777882e-06
1980,40,1603,1594,412,140,3,3,0.000627352572146,0.00125470514429,NaN,NaN,0.0859826228716,1.34853549046e-05
1980,40,1603,1594,412,146,3,2,0.000627352572146,0.000627352572146,NaN,NaN,0.00950564673582,2.98169596481e-06
1980,40,1603,1594,412,149,3,2,0.000627352572146,0.000627352572146,NaN,NaN,0.00950564673582,2.98169596481e-06
1980,40,1603,1594,412,157,3,2,0.000627352572146,0.00125470514429,NaN,NaN,0.0190232352389,5.96713777882e-06
1980,40,1603,1594,412,159,3,2,0.000627352572146,0.00376411543287,NaN,NaN,0.057213458124,1.79465050577e-05
1980,40,1603,1594,412,164,3,2,0.000627352572146,0.000627352572146,NaN,NaN,0.00950564673582,2.98169596481e-06
1980,40,1603,1594,412,167,3,2,0.000627352572146,0.00313676286073,NaN,NaN,0.0476478768098,1.4946009037e-05
1980,40,1603,1594,412,177,3,2,0.000627352572146,0.000627352572146,NaN,NaN,0.00950564673582,2.98169596481e-06
1980,40,1603,1593,412,186,3,2,0.000627746390458,0.000627746390458,NaN,NaN,0.00951167434129,2.98545961748e-06
1980,40,1603,1594,412,188,3,2,0.000627352572146,0.00627352572146,NaN,NaN,0.0955965609227,2.99863741916e-05
1980,40,1603,1594,412,192,3,3,0.000627352572146,0.000627352572146,NaN,NaN,0.0190232352389,2.98356888941e-06
1980,40,1603,1594,412,198,3,2,0.000627352572146,0.00313676286073,NaN,NaN,0.0476478768098,1.4946009037e-05
1980,40,1603,1594,412,200,3,2,0.000627352572146,0.00125470514429,NaN,NaN,0.0190232352389,5.96713777882e-06
1980,40,1603,1594,412,207,3,2,0.000627352572146,0.00815558343789,NaN,NaN,0.124511346143,3.90562566321e-05
1980,40,1603,1594,412,208,3,2,0.000627352572146,0.000627352572146,NaN,NaN,0.00950564673582,2.98169596481e-06
1980,40,1603,1594,412,211,3,2,0.000627352572146,0.000627352572146,NaN,NaN,0.00950564673582,2.98169596481e-06
1980,40,1603,1594,412,215,3,2,0.000627352572146,0.00125470514429,NaN,NaN,0.0190232352389,5.96713777882e-06
1980,40,1603,1594,412,218,3,3,0.000627352572146,0.00125470514429,NaN,NaN,0.0763808083236,1.19794241411e-05
1980,40,1603,1594,412,220,3,2,0.000627352572146,0.00125470514429,NaN,NaN,0.0190232352389,5.96713777882e-06
1980,40,1603,1594,412,221,3,3,0.000627352572146,0.000627352572146,NaN,NaN,0.0190232352389,2.98356888941e-06
1980,40,1603,1594,412,222,3,2,0.000627352572146,0.000627352572146,NaN,NaN,0.00950564673582,2.98169596481e-06
1980,40,1603,1594,412,226,3,2,0.000627352572146,0.000627352572146,NaN,NaN,0.00950564673582,2.98169596481e-06
1980,40,1603,1594,412,227,3,2,0.000627352572146,0.000627352572146,NaN,NaN,0.00950564673582,2.98169596481e-06
1980,40,1603,1594,412,232,3,2,0.000627352572146,0.000627352572146,NaN,NaN,0.00950564673582,2.98169596481e-06
1980,40,1603,1594,412,233,3,2,0.000627352572146,0.000627352572146,NaN,NaN,0.00950564673582,2.98169596481e-06
1980,40,1603,1594,412,240,3,2,0.000627352572146,0.00188205771644,NaN,NaN,0.0285527880267,8.95633250524e-06
1980,40,1603,1594,412,244,3,2,0.000627352572146,0.000627352572146,NaN,NaN,0.00950564673582,2.98169596481e-06
1980,40,1603,1594,412,245,3,2,0.000627352572146,0.000627352572146,NaN,NaN,0.00950564673582,2.98169596481e-06
1980,40,1603,1594,413,15,2,2,0.00439146800502,0.000627352572146,-2.75499874858e-06,1.00000000005,0.0044136069469,2.76888767058e-06
1980,40,1603,1594,413,20,2,3,0.00439146800502,0.000627352572146,NaN,NaN,0.00883275862615,2.77062692163e-06
1980,40,1603,1594,413,22,2,2,0.00439146800502,0.00125470514429,-5.50999749704e-06,1.00000000003,0.00883275862615,5.54125384326e-06
1980,40,1603,1594,413,26,2,2,0.00439146800502,0.00376411543287,-1.65299924908e-05,1.00000000001,0.0265650221653,1.66656349845e-05
1980,40,1603,1594,413,33,2,2,0.00439146800502,0.000627352572146,-2.75499874858e-06,1.00000000005,0.0044136069469,2.76888767058e-06
1980,40,1603,1594,413,35,2,2,0.00439146800502,0.000627352572146,-2.75499874858e-06,1.00000000005,0.0044136069469,2.76888767058e-06
1980,40,1603,1594,413,46,2,3,0.00439146800502,0.000627352572146,NaN,NaN,0.00883275862615,2.77062692163e-06
1980,40,1603,1594,413,48,2,2,0.00439146800502,0.000627352572146,-2.75499874858e-06,1.00000000005,0.0044136069469,2.76888767058e-06
1980,40,1603,1594,413,49,2,2,0.00439146800502,0.000627352572146,-2.75499874858e-06,1.00000000005,0.0044136069469,2.76888767058e-06
1980,40,1603,1594,413,55,2,2,0.00439146800502,0.000627352572146,-2.75499874858e-06,1.00000000005,0.0044136069469,2.76888767058e-06
1980,40,1603,1594,413,60,2,2,0.00439146800502,0.000627352572146,-2.75499874858e-06,1.00000000005,0.0044136069469,2.76888767058e-06
1980,40,1603,1594,413,64,2,2,0.00439146800502,0.00250941028858,-1.10199949938e-05,0.999999999998,0.0176877380287,1.10964479478e-05
1980,40,1603,1594,413,73,2,2,0.00439146800502,0.000627352572146,-2.75499874858e-06,1.00000000005,0.0044136069469,2.76888767058e-06
1980,40,1603,1594,413,77,2,2,0.00439146800502,0.00376411543287,-1.65299924908e-05,1.00000000001,0.0265650221653,1.66656349845e-05
1980,40,1603,1594,413,94,2,2,0.00439146800502,0.000627352572146,-2.75499874858e-06,1.00000000005,0.0044136069469,2.76888767058e-06
1980,40,1603,1594,413,97,2,3,0.00439146800502,0.000627352572146,NaN,NaN,0.00883275862615,2.77062692163e-06
1980,40,1603,1594,413,101,2,2,0.00439146800502,0.00125470514429,-5.50999749704e-06,1.00000000003,0.00883275862615,5.54125384326e-06
1980,40,1603,1594,413,105,2,2,0.00439146800502,0.291718946048,0.00248304101485,0.798304441351,10.8789632653,0.00682494558677
1980,40,1603,1594,413,115,2,2,0.00439146800502,0.000627352572146,-2.75499874858e-06,1.00000000005,0.0044136069469,2.76888767058e-06
1980,40,1603,1594,413,123,2,3,0.00439146800502,0.000627352572146,NaN,NaN,0.0176877380287,5.54822397388e-06
1980,40,1603,1594,413,124,2,2,0.00439146800502,0.00188205771644,-8.26499624529e-06,0.999999999995,0.0132574654929,8.31710507712e-06
1980,40,1603,1594,413,130,2,2,0.00439146800502,0.000627352572146,-2.75499874858e-06,1.00000000005,0.0044136069469,2.76888767058e-06
1980,40,1603,1594,413,131,2,2,0.00439146800502,0.00125470514429,-5.50999749704e-06,1.00000000003,0.00883275862615,5.54125384326e-06
1980,40,1603,1594,413,140,2,3,0.00439146800502,0.00125470514429,NaN,NaN,0.0399229544465,1.25228840798e-05
1980,40,1603,1594,413,146,2,2,0.00439146800502,0.000627352572146,-2.75499874858e-06,1.00000000005,0.0044136069469,2.76888767058e-06
1980,40,1603,1594,413,149,2,2,0.00439146800502,0.000627352572146,-2.75499874858e-06,1.00000000005,0.0044136069469,2.76888767058e-06
1980,40,1603,1594,413,157,2,2,0.00439146800502,0.00125470514429,-5.50999749704e-06,1.00000000003,0.00883275862615,5.54125384326e-06
1980,40,1603,1594,413,159,2,2,0.00439146800502,0.00376411543287,-1.65299924908e-05,1.00000000001,0.0265650221653,1.66656349845e-05
1980,40,1603,1594,413,164,2,2,0.00439146800502,0.000627352572146,-2.75499874858e-06,1.00000000005,0.0044136069469,2.76888767058e-06
1980,40,1603,1594,413,167,2,2,0.00439146800502,0.00313676286073,-1.37749937422e-05,1.0,0.0221235867414,1.38792890473e-05
1980,40,1603,1594,413,177,2,2,0.00439146800502,0.000627352572146,-2.75499874858e-06,1.00000000005,0.0044136069469,2.76888767058e-06
1980,40,1603,1593,413,186,2,2,0.00439422473321,0.000627746390458,-2.75845871511e-06,0.999999999993,0.00441639154157,2.77237384907e-06
1980,40,1603,1594,413,188,2,2,0.00439146800502,0.00627352572146,-2.75499874844e-05,1.0,0.044386842591,2.78461998689e-05
1980,40,1603,1594,413,192,2,3,0.00439146800502,0.000627352572146,NaN,NaN,0.00883275862615,2.77062692163e-06
1980,40,1603,1594,413,198,2,2,0.00439146800502,0.00313676286073,-1.37749937422e-05,1.0,0.0221235867414,1.38792890473e-05
1980,40,1603,1594,413,200,2,2,0.00439146800502,0.00125470514429,-5.50999749704e-06,1.00000000003,0.00883275862615,5.54125384326e-06
1980,40,1603,1594,413,207,2,2,0.00439146800502,0.00815558343789,-3.58149837297e-05,0.999999999999,0.0578123885284,3.62687506452e-05
1980,40,1603,1594,413,208,2,2,0.00439146800502,0.000627352572146,0.000624597573397,1.0,226.856604789,0.142319074522
1980,40,1603,1594,413,211,2,2,0.00439146800502,0.000627352572146,-2.75499874858e-06,1.00000000005,0.0044136069469,2.76888767058e-06
1980,40,1603,1594,413,215,2,2,0.00439146800502,0.00125470514429,-5.50999749704e-06,1.00000000003,0.00883275862615,5.54125384326e-06
1980,40,1603,1594,413,218,2,3,0.00439146800502,0.00125470514429,NaN,NaN,0.035464695417,1.11244339451e-05
1980,40,1603,1594,413,220,2,2,0.00439146800502,0.00125470514429,-5.50999749704e-06,1.00000000003,0.00883275862615,5.54125384326e-06
1980,40,1603,1594,413,221,2,3,0.00439146800502,0.000627352572146,NaN,NaN,0.00883275862615,2.77062692163e-06
1980,40,1603,1594,413,222,2,2,0.00439146800502,0.000627352572146,-2.75499874858e-06,1.00000000005,0.0044136069469,2.76888767058e-06
1980,40,1603,1594,413,226,2,2,0.00439146800502,0.000627352572146,-2.75499874858e-06,1.00000000005,0.0044136069469,2.76888767058e-06
1980,40,1603,1594,413,227,2,2,0.00439146800502,0.000627352572146,-2.75499874858e-06,1.00000000005,0.0044136069469,2.76888767058e-06
1980,40,1603,1594,413,232,2,2,0.00439146800502,0.000627352572146,-2.75499874858e-06,1.00000000005,0.0044136069469,2.76888767058e-06
1980,40,1603,1594,413,233,2,2,0.00439146800502,0.000627352572146,-2.75499874858e-06,1.00000000005,0.0044136069469,2.76888767058e-06
1980,40,1603,1594,413,240,2,2,0.00439146800502,0.00188205771644,-8.26499624529e-06,0.999999999995,0.0132574654929,8.31710507712e-06
1980,40,1603,1594,413,244,2,2,0.00439146800502,0.000627352572146,-2.75499874858e-06,1.00000000005,0.0044136069469,2.76888767058e-06
1980,40,1603,1594,413,245,2,2,0.00439146800502,0.000627352572146,-2.75499874858e-06,1.00000000005,0.0044136069469,2.76888767058e-06
1980,40,1603,1594,416,15,3,2,0.000627352572146,0.000627352572146,NaN,NaN,0.00125707003315,3.94313059333e-07
1980,40,1603,1594,416,20,3,3,0.000627352572146,0.000627352572146,NaN,NaN,0.00251571930002,3.94560743416e-07
1980,40,1603,1594,416,22,3,2,0.000627352572146,0.00125470514429,NaN,NaN,0.00251571930002,7.89121486831e-07
1980,40,1603,1594,416,26,3,2,0.000627352572146,0.00376411543287,NaN,NaN,0.00756616837335,2.37332759515e-06
1980,40,1603,1594,416,33,3,2,0.000627352572146,0.000627352572146,NaN,NaN,0.00125707003315,3.94313059333e-07
1980,40,1603,1594,416,35,3,2,0.000627352572146,0.000627352572146,NaN,NaN,0.00125707003315,3.94313059333e-07
1980,40,1603,1594,416,46,3,3,0.000627352572146,0.000627352572146,NaN,NaN,0.00251571930002,3.94560743416e-07
1980,40,1603,1594,416,48,3,2,0.000627352572146,0.000627352572146,NaN,NaN,0.00125707003315,3.94313059333e-07
1980,40,1603,1594,416,49,3,2,0.000627352572146,0.000627352572146,NaN,NaN,0.00125707003315,3.94313059333e-07
1980,40,1603,1594,416,55,3,2,0.000627352572146,0.000627352572146,NaN,NaN,0.00125707003315,3.94313059333e-07
1980,40,1603,1594,416,60,3,2,0.000627352572146,0.000627352572146,NaN,NaN,0.00125707003315,3.94313059333e-07
1980,40,1603,1594,416,64,3,2,0.000627352572146,0.00250941028858,NaN,NaN,0.00503776745362,1.58022818495e-06
1980,40,1603,1594,416,73,3,2,0.000627352572146,0.000627352572146,NaN,NaN,0.00125707003315,3.94313059333e-07
1980,40,1603,1594,416,77,3,2,0.000627352572146,0.00376411543287,NaN,NaN,0.00756616837335,2.37332759515e-06
1980,40,1603,1594,416,94,3,2,0.000627352572146,0.000627352572146,NaN,NaN,0.00125707003315,3.94313059333e-07
1980,40,1603,1594,416,97,3,3,0.000627352572146,0.000627352572146,NaN,NaN,0.00251571930002,3.94560743416e-07
1980,40,1603,1594,416,101,3,2,0.000627352572146,0.00125470514429,NaN,NaN,0.00251571930002,7.89121486831e-07
1980,40,1603,1594,416,105,3,2,0.000627352572146,0.291718946048,NaN,NaN,4.86201437294,0.00152509861134
1980,40,1603,1594,416,115,3,2,0.000627352572146,0.000627352572146,NaN,NaN,0.00125707003315,3.94313059333e-07
1980,40,1603,1594,416,123,3,3,0.000627352572146,0.000627352572146,NaN,NaN,0.00503776745362,7.90114092475e-07
1980,40,1603,1594,416,124,3,2,0.000627352572146,0.00188205771644,NaN,NaN,0.0037759507784,1.18442621656e-06
1980,40,1603,1594,416,130,3,2,0.000627352572146,0.000627352572146,NaN,NaN,0.00125707003315,3.94313059333e-07
1980,40,1603,1594,416,131,3,2,0.000627352572146,0.00125470514429,NaN,NaN,0.00251571930002,7.89121486831e-07
1980,40,1603,1594,416,140,3,3,0.000627352572146,0.00125470514429,NaN,NaN,0.0113707337952,1.78336477339e-06
1980,40,1603,1594,416,146,3,2,0.000627352572146,0.000627352572146,NaN,NaN,0.00125707003315,3.94313059333e-07
1980,40,1603,1594,416,149,3,2,0.000627352572146,0.000627352572146,NaN,NaN,0.00125707003315,3.94313059333e-07
1980,40,1603,1594,416,157,3,2,0.000627352572146,0.00125470514429,NaN,NaN,0.00251571930002,7.89121486831e-07
1980,40,1603,1594,416,159,3,2,0.000627352572146,0.00376411543287,NaN,NaN,0.00756616837335,2.37332759515e-06
1980,40,1603,1594,416,164,3,2,0.000627352572146,0.000627352572146,NaN,NaN,0.00125707003315,3.94313059333e-07
1980,40,1603,1594,416,167,3,2,0.000627352572146,0.00313676286073,NaN,NaN,0.00630117231848,1.97652833077e-06
1980,40,1603,1594,416,177,3,2,0.000627352572146,0.000627352572146,NaN,NaN,0.00125707003315,3.94313059333e-07
1980,40,1603,1593,416,186,3,2,0.000627746390458,0.000627746390458,NaN,NaN,0.00125786064199,3.94808738855e-07
1980,40,1603,1594,416,188,3,2,0.000627352572146,0.00627352572146,NaN,NaN,0.0126421247652,3.96553474443e-06
1980,40,1603,1594,416,192,3,3,0.000627352572146,0.000627352572146,NaN,NaN,0.00251571930002,3.94560743416e-07
1980,40,1603,1594,416,198,3,2,0.000627352572146,0.00313676286073,NaN,NaN,0.00630117231848,1.97652833077e-06
1980,40,1603,1594,416,200,3,2,0.000627352572146,0.00125470514429,NaN,NaN,0.00251571930002,7.89121486831e-07
1980,40,1603,1594,416,207,3,2,0.000627352572146,0.00815558343789,NaN,NaN,0.0164659477018,5.16497732178e-06
1980,40,1603,1594,416,208,3,2,0.000627352572146,0.000627352572146,NaN,NaN,0.00125707003315,3.94313059333e-07
1980,40,1603,1594,416,211,3,2,0.000627352572146,0.000627352572146,NaN,NaN,0.00125707003315,3.94313059333e-07
1980,40,1603,1594,416,215,3,2,0.000627352572146,0.00125470514429,NaN,NaN,0.00251571930002,7.89121486831e-07
1980,40,1603,1594,416,218,3,3,0.000627352572146,0.00125470514429,NaN,NaN,0.0101009460924,1.58421362804e-06
1980,40,1603,1594,416,220,3,2,0.000627352572146,0.00125470514429,NaN,NaN,0.00251571930002,7.89121486831e-07
1980,40,1603,1594,416,221,3,3,0.000627352572146,0.000627352572146,NaN,NaN,0.00251571930002,3.94560743416e-07
1980,40,1603,1594,416,222,3,2,0.000627352572146,0.000627352572146,NaN,NaN,0.00125707003315,3.94313059333e-07
1980,40,1603,1594,416,226,3,2,0.000627352572146,0.000627352572146,NaN,NaN,0.00125707003315,3.94313059333e-07
1980,40,1603,1594,416,227,3,2,0.000627352572146,0.000627352572146,NaN,NaN,0.00125707003315,3.94313059333e-07
1980,40,1603,1594,416,232,3,2,0.000627352572146,0.000627352572146,NaN,NaN,0.00125707003315,3.94313059333e-07
1980,40,1603,1594,416,233,3,2,0.000627352572146,0.000627352572146,NaN,NaN,0.00125707003315,3.94313059333e-07
1980,40,1603,1594,416,240,3,2,0.000627352572146,0.00188205771644,NaN,NaN,0.0037759507784,1.18442621656e-06
1980,40,1603,1594,416,244,3,2,0.000627352572146,0.000627352572146,NaN,NaN,0.00125707003315,3.94313059333e-07
1980,40,1603,1594,416,245,3,2,0.000627352572146,0.000627352572146,NaN,NaN,0.00125707003315,3.94313059333e-07
1980,40,1603,1595,422,15,2,2,0.000626959247649,0.000626959247649,-3.93077898231e-07,1.00000000005,0.000627746143395,3.93571249778e-07
1980,40,1603,1595,422,20,2,3,0.000626959247649,0.000626959247649,NaN,NaN,0.00125628041754,3.93818312709e-07
1980,40,1603,1595,422,22,2,2,0.000626959247649,0.0012539184953,-7.86155796573e-07,1.00000000019,0.00125628041754,7.87636625418e-07
1980,40,1603,1595,422,26,2,2,0.000626959247649,0.00376175548589,-2.35846738927e-06,1.0,0.00377832858114,2.3688580446e-06
1980,40,1603,1595,422,33,2,2,0.000626959247649,0.000626959247649,-3.93077898231e-07,1.00000000005,0.000627746143395,3.93571249778e-07
1980,40,1603,1595,422,35,2,2,0.000626959247649,0.000626959247649,-3.93077898231e-07,1.00000000005,0.000627746143395,3.93571249778e-07
1980,40,1603,1595,422,46,2,3,0.000626959247649,0.000626959247649,NaN,NaN,0.00125628041754,3.93818312709e-07
1980,40,1603,1595,422,48,2,2,0.000626959247649,0.000626959247649,-3.93077898231e-07,1.00000000005,0.000627746143395,3.93571249778e-07
1980,40,1603,1595,422,49,2,2,0.000626959247649,0.000626959247649,-3.93077898231e-07,1.00000000005,0.000627746143395,3.93571249778e-07
1980,40,1603,1595,422,55,2,2,0.000626959247649,0.000626959247649,-3.93077898231e-07,1.00000000005,0.000627746143395,3.93571249778e-07
1980,40,1603,1595,422,60,2,2,0.000626959247649,0.000626959247649,-3.93077898231e-07,1.00000000005,0.000627746143395,3.93571249778e-07
1980,40,1603,1595,422,64,2,2,0.000626959247649,0.0025078369906,-1.57231159281e-06,0.999999999976,0.00251571930251,1.5772534812e-06
1980,40,1603,1595,422,73,2,2,0.000626959247649,0.000626959247649,-3.93077898231e-07,1.00000000005,0.000627746143395,3.93571249778e-07
1980,40,1603,1595,422,77,2,2,0.000626959247649,0.00376175548589,-2.35846738927e-06,1.0,0.00377832858114,2.3688580446e-06
1980,40,1603,1595,422,94,2,2,0.000626959247649,0.000626959247649,-3.93077898231e-07,1.00000000005,0.000627746143395,3.93571249778e-07
1980,40,1603,1595,422,97,2,3,0.000626959247649,0.000626959247649,NaN,NaN,0.00125628041754,3.93818312709e-07
1980,40,1603,1595,422,101,2,2,0.000626959247649,0.0012539184953,-7.86155796573e-07,1.00000000019,0.00125628041754,7.87636625418e-07
1980,40,1603,1595,422,105,2,2,0.000626959247649,0.292163009404,-0.000183174300567,1.0,0.413013592824,0.000258942691426
1980,40,1603,1595,422,115,2,2,0.000626959247649,0.000626959247649,-3.93077898231e-07,1.00000000005,0.000627746143395,3.93571249778e-07
1980,40,1603,1595,422,123,2,3,0.000626959247649,0.000626959247649,NaN,NaN,0.00251571930251,7.88626740598e-07
1980,40,1603,1595,422,124,2,2,0.000626959247649,0.00188087774295,-1.17923369469e-06,1.00000000005,0.00188560430761,1.18219705806e-06
1980,40,1603,1595,422,130,2,2,0.000626959247649,0.000626959247649,-3.93077898231e-07,1.00000000005,0.000627746143395,3.93571249778e-07
1980,40,1603,1595,422,131,2,2,0.000626959247649,0.0012539184953,-7.86155796573e-07,1.00000000019,0.00125628041754,7.87636625418e-07
1980,40,1603,1595,422,140,2,3,0.000626959247649,0.0012539184953,NaN,NaN,0.00567821322393,1.78000414543e-06
1980,40,1603,1595,422,146,2,2,0.000626959247649,0.000626959247649,-3.93077898231e-07,1.00000000005,0.000627746143395,3.93571249778e-07
1980,40,1603,1595,422,149,2,2,0.000626959247649,0.000626959247649,-3.93077898231e-07,1.00000000005,0.000627746143395,3.93571249778e-07
1980,40,1603,1595,422,157,2,2,0.000626959247649,0.0012539184953,-7.86155796573e-07,1.00000000019,0.00125628041754,7.87636625418e-07
1980,40,1603,1595,422,159,2,2,0.000626959247649,0.00376175548589,-2.35846738927e-06,1.0,0.00377832858114,2.3688580446e-06
1980,40,1603,1595,422,164,2,2,0.000626959247649,0.000626959247649,-3.93077898231e-07,1.00000000005,0.000627746143395,3.93571249778e-07
1980,40,1603,1595,422,167,2,2,0.000626959247649,0.00313479623824,-1.96538949104e-06,0.99999999999,0.00314662689488,1.97280683065e-06
1980,40,1603,1595,422,177,2,2,0.000626959247649,0.000626959247649,-3.93077898231e-07,1.00000000005,0.000627746143395,3.93571249778e-07
1980,40,1603,1594,422,186,2,2,0.000627352572146,0.000627352572146,-3.93571249813e-07,1.00000000009,0.000628140455989,3.94065530733e-07
1980,40,1603,1595,422,188,2,2,0.000626959247649,0.00626959247649,-3.93077898209e-06,0.99999999999,0.00631310632538,3.95806039209e-06
1980,40,1603,1595,422,192,2,3,0.000626959247649,0.000626959247649,NaN,NaN,0.00125628041754,3.93818312709e-07
1980,40,1603,1595,422,198,2,2,0.000626959247649,0.00313479623824,-1.96538949104e-06,0.99999999999,0.00314662689488,1.97280683065e-06
1980,40,1603,1595,422,200,2,2,0.000626959247649,0.0012539184953,-7.86155796573e-07,1.00000000019,0.00125628041754,7.87636625418e-07
1980,40,1603,1595,422,207,2,2,0.000626959247649,0.00815047021944,-5.11001267678e-06,1.0,0.0082226015066,5.15523605429e-06
1980,40,1603,1595,422,208,2,2,0.000626959247649,0.000626959247649,-3.93077898231e-07,1.00000000005,0.000627746143395,3.93571249778e-07
1980,40,1603,1595,422,211,2,2,0.000626959247649,0.000626959247649,-3.93077898231e-07,1.00000000005,0.000627746143395,3.93571249778e-07
1980,40,1603,1595,422,215,2,2,0.000626959247649,0.0012539184953,-7.86155796573e-07,1.00000000019,0.00125628041754,7.87636625418e-07
1980,40,1603,1595,422,218,2,3,0.000626959247649,0.0012539184953,NaN,NaN,0.00504412023981,1.5812289153e-06
1980,40,1603,1595,422,220,2,2,0.000626959247649,0.0012539184953,-7.86155796573e-07,1.00000000019,0.00125628041754,7.87636625418e-07
1980,40,1603,1595,422,221,2,3,0.000626959247649,0.000626959247649,NaN,NaN,0.00125628041754,3.93818312709e-07
1980,40,1603,1595,422,222,2,2,0.000626959247649,0.000626959247649,-3.93077898231e-07,1.00000000005,0.000627746143395,3.93571249778e-07
1980,40,1603,1595,422,226,2,2,0.000626959247649,0.000626959247649,-3.93077898231e-07,1.00000000005,0.000627746143395,3.93571249778e-07
1980,40,1603,1595,422,227,2,2,0.000626959247649,0.000626959247649,-3.93077898231e-07,1.00000000005,0.000627746143395,3.93571249778e-07
1980,40,1603,1595,422,232,2,2,0.000626959247649,0.000626959247649,-3.93077898231e-07,1.00000000005,0.000627746143395,3.93571249778e-07
1980,40,1603,1595,422,233,2,2,0.000626959247649,0.000626959247649,-3.93077898231e-07,1.00000000005,0.000627746143395,3.93571249778e-07
1980,40,1603,1595,422,240,2,2,0.000626959247649,0.00188087774295,-1.17923369469e-06,1.00000000005,0.00188560430761,1.18219705806e-06
1980,40,1603,1595,422,244,2,2,0.000626959247649,0.000626959247649,-3.93077898231e-07,1.00000000005,0.000627746143395,3.93571249778e-07
1980,40,1603,1595,422,245,2,2,0.000626959247649,0.000626959247649,-3.93077898231e-07,1.00000000005,0.000627746143395,3.93571249778e-07
1980,40,1603,1594,427,15,2,2,0.00125470514429,0.000627352572146,-7.87142499625e-07,1.00000000009,0.00125707003315,7.88626118666e-07
1980,40,1603,1594,427,20,2,3,0.00125470514429,0.000627352572146,NaN,NaN,0.00251571930002,7.89121486831e-07
1980,40,1603,1594,427,22,2,2,0.00125470514429,0.00125470514429,-1.57428499925e-06,1.00000000009,0.00251571930002,1.57824297366e-06
1980,40,1603,1594,427,26,2,2,0.00125470514429,0.00376411543287,-4.72285499742e-06,1.00000000002,0.00756616837335,4.74665519031e-06
1980,40,1603,1594,427,33,2,2,0.00125470514429,0.000627352572146,-7.87142499625e-07,1.00000000009,0.00125707003315,7.88626118666e-07
1980,40,1603,1594,427,35,2,2,0.00125470514429,0.000627352572146,-7.87142499625e-07,1.00000000009,0.00125707003315,7.88626118666e-07
1980,40,1603,1594,427,46,2,3,0.00125470514429,0.000627352572146,NaN,NaN,0.00251571930002,7.89121486831e-07
1980,40,1603,1594,427,48,2,2,0.00125470514429,0.000627352572146,-7.87142499625e-07,1.00000000009,0.00125707003315,7.88626118666e-07
1980,40,1603,1594,427,49,2,2,0.00125470514429,0.000627352572146,-7.87142499625e-07,1.00000000009,0.00125707003315,7.88626118666e-07
1980,40,1603,1594,427,55,2,2,0.00125470514429,0.000627352572146,-7.87142499625e-07,1.00000000009,0.00125707003315,7.88626118666e-07
1980,40,1603,1594,427,60,2,2,0.00125470514429,0.000627352572146,-7.87142499625e-07,1.00000000009,0.00125707003315,7.88626118666e-07
1980,40,1603,1594,427,64,2,2,0.00125470514429,0.00250941028858,-3.14856999817e-06,0.999999999983,0.00503776745362,3.1604563699e-06
1980,40,1603,1594,427,73,2,2,0.00125470514429,0.000627352572146,-7.87142499625e-07,1.00000000009,0.00125707003315,7.88626118666e-07
1980,40,1603,1594,427,77,2,2,0.00125470514429,0.00376411543287,-4.72285499742e-06,1.00000000002,0.00756616837335,4.74665519031e-06
1980,40,1603,1594,427,94,2,2,0.00125470514429,0.000627352572146,-7.87142499625e-07,1.00000000009,0.00125707003315,7.88626118666e-07
1980,40,1603,1594,427,97,2,3,0.00125470514429,0.000627352572146,NaN,NaN,0.00251571930002,7.89121486831e-07
1980,40,1603,1594,427,101,2,2,0.00125470514429,0.00125470514429,-1.57428499925e-06,1.00000000009,0.00251571930002,1.57824297366e-06
1980,40,1603,1594,427,105,2,2,0.00125470514429,0.29234629862,0.000887896739498,1.0,4.84728362844,0.00304095585222
1980,40,1603,1594,427,115,2,2,0.00125470514429,0.000627352572146,-7.87142499625e-07,1.00000000009,0.00125707003315,7.88626118666e-07
1980,40,1603,1594,427,123,2,3,0.00125470514429,0.000627352572146,NaN,NaN,0.00503776745362,1.58022818495e-06
1980,40,1603,1594,427,124,2,2,0.00125470514429,0.00188205771644,-2.36142749865e-06,0.999999999995,0.0037759507784,2.36885243313e-06
1980,40,1603,1594,427,130,2,2,0.00125470514429,0.000627352572146,-7.87142499625e-07,1.00000000009,0.00125707003315,7.88626118666e-07
1980,40,1603,1594,427,131,2,2,0.00125470514429,0.00125470514429,-1.57428499925e-06,1.00000000009,0.00251571930002,1.57824297366e-06
1980,40,1603,1594,427,140,2,3,0.00125470514429,0.00125470514429,NaN,NaN,0.0113707337952,3.56672954679e-06
1980,40,1603,1594,427,146,2,2,0.00125470514429,0.000627352572146,-7.87142499625e-07,1.00000000009,0.00125707003315,7.88626118666e-07
1980,40,1603,1594,427,149,2,2,0.00125470514429,0.000627352572146,-7.87142499625e-07,1.00000000009,0.00125707003315,7.88626118666e-07
1980,40,1603,1594,427,157,2,2,0.00125470514429,0.00125470514429,-1.57428499925e-06,1.00000000009,0.00251571930002,1.57824297366e-06
1980,40,1603,1594,427,159,2,2,0.00125470514429,0.00376411543287,-4.72285499742e-06,1.00000000002,0.00756616837335,4.74665519031e-06
1980,40,1603,1594,427,164,2,2,0.00125470514429,0.000627352572146,-7.87142499625e-07,1.00000000009,0.00125707003315,7.88626118666e-07
1980,40,1603,1594,427,167,2,2,0.00125470514429,0.00313676286073,-3.93571249779e-06,1.0,0.00630117231848,3.95305666153e-06
1980,40,1603,1594,427,177,2,2,0.00125470514429,0.000627352572146,-7.87142499625e-07,1.00000000009,0.00125707003315,7.88626118666e-07
1980,40,1603,1593,427,186,2,2,0.00125549278092,0.000627746390458,-7.88131061413e-07,0.999999999932,0.00125786064199,7.89617477709e-07
1980,40,1603,1594,427,188,2,2,0.00125470514429,0.00627352572146,-7.87142499559e-06,1.0,0.0126421247652,7.93106948886e-06
1980,40,1603,1594,427,192,2,3,0.00125470514429,0.000627352572146,NaN,NaN,0.00251571930002,7.89121486831e-07
1980,40,1603,1594,427,198,2,2,0.00125470514429,0.00313676286073,-3.93571249779e-06,1.0,0.00630117231848,3.95305666153e-06
1980,40,1603,1594,427,200,2,2,0.00125470514429,0.00125470514429,-1.57428499925e-06,1.00000000009,0.00251571930002,1.57824297366e-06
1980,40,1603,1594,427,207,2,2,0.00125470514429,0.00815558343789,-1.02328524942e-05,1.0,0.0164659477018,1.03299546436e-05
1980,40,1603,1594,427,208,2,2,0.00125470514429,0.000627352572146,-7.87142499625e-07,1.00000000009,0.00125707003315,7.88626118666e-07
1980,40,1603,1594,427,211,2,2,0.00125470514429,0.000627352572146,-7.87142499625e-07,1.00000000009,0.00125707003315,7.88626118666e-07
1980,40,1603,1594,427,215,2,2,0.00125470514429,0.00125470514429,-1.57428499925e-06,1.00000000009,0.00251571930002,1.57824297366e-06
1980,40,1603,1594,427,218,2,3,0.00125470514429,0.00125470514429,NaN,NaN,0.0101009460924,3.16842725608e-06
1980,40,1603,1594,427,220,2,2,0.00125470514429,0.00125470514429,-1.57428499925e-06,1.00000000009,0.00251571930002,1.57824297366e-06
1980,40,1603,1594,427,221,2,3,0.00125470514429,0.000627352572146,NaN,NaN,0.00251571930002,7.89121486831e-07
1980,40,1603,1594,427,222,2,2,0.00125470514429,0.000627352572146,-7.87142499625e-07,1.00000000009,0.00125707003315,7.88626118666e-07
1980,40,1603,1594,427,226,2,2,0.00125470514429,0.000627352572146,-7.87142499625e-07,1.00000000009,0.00125707003315,7.88626118666e-07
1980,40,1603,1594,427,227,2,2,0.00125470514429,0.000627352572146,-7.87142499625e-07,1.00000000009,0.00125707003315,7.88626118666e-07
1980,40,1603,1594,427,232,2,2,0.00125470514429,0.000627352572146,-7.87142499625e-07,1.00000000009,0.00125707003315,7.88626118666e-07
1980,40,1603,1594,427,233,2,2,0.00125470514429,0.000627352572146,-7.87142499625e-07,1.00000000009,0.00125707003315,7.88626118666e-07
1980,40,1603,1594,427,240,2,2,0.00125470514429,0.00188205771644,-2.36142749865e-06,0.999999999995,0.0037759507784,2.36885243313e-06
1980,40,1603,1594,427,244,2,2,0.00125470514429,0.000627352572146,-7.87142499625e-07,1.00000000009,0.00125707003315,7.88626118666e-07
1980,40,1603,1594,427,245,2,2,0.00125470514429,0.000627352572146,-7.87142499625e-07,1.00000000009,0.00125707003315,7.88626118666e-07
1980,40,1603,1594,428,15,2,2,0.00125470514429,0.000627352572146,-7.87142499625e-07,1.00000000009,0.00125707003315,7.88626118666e-07
1980,40,1603,1594,428,20,2,3,0.00125470514429,0.000627352572146,NaN,NaN,0.00251571930002,7.89121486831e-07
1980,40,1603,1594,428,22,2,2,0.00125470514429,0.00125470514429,-1.57428499925e-06,1.00000000009,0.00251571930002,1.57824297366e-06
1980,40,1603,1594,428,26,2,2,0.00125470514429,0.00376411543287,-4.72285499742e-06,1.00000000002,0.00756616837335,4.74665519031e-06
1980,40,1603,1594,428,33,2,2,0.00125470514429,0.000627352572146,-7.87142499625e-07,1.00000000009,0.00125707003315,7.88626118666e-07
1980,40,1603,1594,428,35,2,2,0.00125470514429,0.000627352572146,-7.87142499625e-07,1.00000000009,0.00125707003315,7.88626118666e-07
1980,40,1603,1594,428,46,2,3,0.00125470514429,0.000627352572146,NaN,NaN,0.00251571930002,7.89121486831e-07
1980,40,1603,1594,428,48,2,2,0.00125470514429,0.000627352572146,-7.87142499625e-07,1.00000000009,0.00125707003315,7.88626118666e-07
1980,40,1603,1594,428,49,2,2,0.00125470514429,0.000627352572146,-7.87142499625e-07,1.00000000009,0.00125707003315,7.88626118666e-07
1980,40,1603,1594,428,55,2,2,0.00125470514429,0.000627352572146,-7.87142499625e-07,1.00000000009,0.00125707003315,7.88626118666e-07
1980,40,1603,1594,428,60,2,2,0.00125470514429,0.000627352572146,-7.87142499625e-07,1.00000000009,0.00125707003315,7.88626118666e-07
1980,40,1603,1594,428,64,2,2,0.00125470514429,0.00250941028858,-3.14856999817e-06,0.999999999983,0.00503776745362,3.1604563699e-06
1980,40,1603,1594,428,73,2,2,0.00125470514429,0.000627352572146,-7.87142499625e-07,1.00000000009,0.00125707003315,7.88626118666e-07
1980,40,1603,1594,428,77,2,2,0.00125470514429,0.00376411543287,-4.72285499742e-06,1.00000000002,0.00756616837335,4.74665519031e-06
1980,40,1603,1594,428,94,2,2,0.00125470514429,0.000627352572146,-7.87142499625e-07,1.00000000009,0.00125707003315,7.88626118666e-07
1980,40,1603,1594,428,97,2,3,0.00125470514429,0.000627352572146,NaN,NaN,0.00251571930002,7.89121486831e-07
1980,40,1603,1594,428,101,2,2,0.00125470514429,0.00125470514429,-1.57428499925e-06,1.00000000009,0.00251571930002,1.57824297366e-06
1980,40,1603,1594,428,105,2,2,0.00125470514429,0.29234629862,-0.000366808404793,1.0,0.827279126127,0.000518995687658
1980,40,1603,1594,428,115,2,2,0.00125470514429,0.000627352572146,-7.87142499625e-07,1.00000000009,0.00125707003315,7.88626118666e-07
1980,40,1603,1594,428,123,2,3,0.00125470514429,0.000627352572146,NaN,NaN,0.00503776745362,1.58022818495e-06
1980,40,1603,1594,428,124,2,2,0.00125470514429,0.00188205771644,-2.36142749865e-06,0.999999999995,0.0037759507784,2.36885243313e-06
1980,40,1603,1594,428,130,2,2,0.00125470514429,0.000627352572146,-7.87142499625e-07,1.00000000009,0.00125707003315,7.88626118666e-07
1980,40,1603,1594,428,131,2,2,0.00125470514429,0.00125470514429,-1.57428499925e-06,1.00000000009,0.00251571930002,1.57824297366e-06
1980,40,1603,1594,428,140,2,3,0.00125470514429,0.00125470514429,NaN,NaN,0.0113707337952,3.56672954679e-06
1980,40,1603,1594,428,146,2,2,0.00125470514429,0.000627352572146,-7.87142499625e-07,1.00000000009,0.00125707003315,7.88626118666e-07
1980,40,1603,1594,428,149,2,2,0.00125470514429,0.000627352572146,-7.87142499625e-07,1.00000000009,0.00125707003315,7.88626118666e-07
1980,40,1603,1594,428,157,2,2,0.00125470514429,0.00125470514429,-1.57428499925e-06,1.00000000009,0.00251571930002,1.57824297366e-06
1980,40,1603,1594,428,159,2,2,0.00125470514429,0.00376411543287,-4.72285499742e-06,1.00000000002,0.00756616837335,4.74665519031e-06
1980,40,1603,1594,428,164,2,2,0.00125470514429,0.000627352572146,-7.87142499625e-07,1.00000000009,0.00125707003315,7.88626118666e-07
1980,40,1603,1594,428,167,2,2,0.00125470514429,0.00313676286073,-3.93571249779e-06,1.0,0.00630117231848,3.95305666153e-06
1980,40,1603,1594,428,177,2,2,0.00125470514429,0.000627352572146,-7.87142499625e-07,1.00000000009,0.00125707003315,7.88626118666e-07
1980,40,1603,1593,428,186,2,2,0.00125549278092,0.000627746390458,-7.88131061413e-07,0.999999999932,0.00125786064199,7.89617477709e-07
1980,40,1603,1594,428,188,2,2,0.00125470514429,0.00627352572146,-7.87142499559e-06,1.0,0.0126421247652,7.93106948886e-06
1980,40,1603,1594,428,192,2,3,0.00125470514429,0.000627352572146,NaN,NaN,0.00251571930002,7.89121486831e-07
1980,40,1603,1594,428,198,2,2,0.00125470514429,0.00313676286073,-3.93571249779e-06,1.0,0.00630117231848,3.95305666153e-06
1980,40,1603,1594,428,200,2,2,0.00125470514429,0.00125470514429,-1.57428499925e-06,1.00000000009,0.00251571930002,1.57824297366e-06
1980,40,1603,1594,428,207,2,2,0.00125470514429,0.00815558343789,-1.02328524942e-05,1.0,0.0164659477018,1.03299546436e-05
1980,40,1603,1594,428,208,2,2,0.00125470514429,0.000627352572146,-7.87142499625e-07,1.00000000009,0.00125707003315,7.88626118666e-07
1980,40,1603,1594,428,211,2,2,0.00125470514429,0.000627352572146,-7.87142499625e-07,1.00000000009,0.00125707003315,7.88626118666e-07
1980,40,1603,1594,428,215,2,2,0.00125470514429,0.00125470514429,-1.57428499925e-06,1.00000000009,0.00251571930002,1.57824297366e-06
1980,40,1603,1594,428,218,2,3,0.00125470514429,0.00125470514429,NaN,NaN,0.0101009460924,3.16842725608e-06
1980,40,1603,1594,428,220,2,2,0.00125470514429,0.00125470514429,-1.57428499925e-06,1.00000000009,0.00251571930002,1.57824297366e-06
1980,40,1603,1594,428,221,2,3,0.00125470514429,0.000627352572146,NaN,NaN,0.00251571930002,7.89121486831e-07
1980,40,1603,1594,428,222,2,2,0.00125470514429,0.000627352572146,-7.87142499625e-07,1.00000000009,0.00125707003315,7.88626118666e-07
1980,40,1603,1594,428,226,2,2,0.00125470514429,0.000627352572146,-7.87142499625e-07,1.00000000009,0.00125707003315,7.88626118666e-07
1980,40,1603,1594,428,227,2,2,0.00125470514429,0.000627352572146,-7.87142499625e-07,1.00000000009,0.00125707003315,7.88626118666e-07
1980,40,1603,1594,428,232,2,2,0.00125470514429,0.000627352572146,-7.87142499625e-07,1.00000000009,0.00125707003315,7.88626118666e-07
1980,40,1603,1594,428,233,2,2,0.00125470514429,0.000627352572146,-7.87142499625e-07,1.00000000009,0.00125707003315,7.88626118666e-07
1980,40,1603,1594,428,240,2,2,0.00125470514429,0.00188205771644,-2.36142749865e-06,0.999999999995,0.0037759507784,2.36885243313e-06
1980,40,1603,1594,428,244,2,2,0.00125470514429,0.000627352572146,-7.87142499625e-07,1.00000000009,0.00125707003315,7.88626118666e-07
1980,40,1603,1594,428,245,2,2,0.00125470514429,0.000627352572146,-7.87142499625e-07,1.00000000009,0.00125707003315,7.88626118666e-07
1980,40,1603,1594,431,15,2,2,0.000627352572146,0.000627352572146,-3.93571249813e-07,1.00000000009,0.000628140455989,3.94065530733e-07
1980,40,1603,1594,431,20,2,3,0.000627352572146,0.000627352572146,NaN,NaN,0.00125707003315,3.94313059333e-07
1980,40,1603,1594,431,22,2,2,0.000627352572146,0.00125470514429,-7.87142499625e-07,1.00000000009,0.00125707003315,7.88626118666e-07
1980,40,1603,1594,431,26,2,2,0.000627352572146,0.00376411543287,-2.36142749865e-06,0.999999999995,0.00378070936923,2.37183774732e-06
1980,40,1603,1594,431,33,2,2,0.000627352572146,0.000627352572146,-3.93571249813e-07,1.00000000009,0.000628140455989,3.94065530733e-07
1980,40,1603,1594,431,35,2,2,0.000627352572146,0.000627352572146,-3.93571249813e-07,1.00000000009,0.000628140455989,3.94065530733e-07
1980,40,1603,1594,431,46,2,3,0.000627352572146,0.000627352572146,NaN,NaN,0.00125707003315,3.94313059333e-07
1980,40,1603,1594,431,48,2,2,0.000627352572146,0.000627352572146,-3.93571249813e-07,1.00000000009,0.000628140455989,3.94065530733e-07
1980,40,1603,1594,431,49,2,2,0.000627352572146,0.000627352572146,-3.93571249813e-07,1.00000000009,0.000628140455989,3.94065530733e-07
1980,40,1603,1594,431,55,2,2,0.000627352572146,0.000627352572146,-3.93571249813e-07,1.00000000009,0.000628140455989,3.94065530733e-07
1980,40,1603,1594,431,60,2,2,0.000627352572146,0.000627352572146,-3.93571249813e-07,1.00000000009,0.000628140455989,3.94065530733e-07
1980,40,1603,1594,431,64,2,2,0.000627352572146,0.00250941028858,-1.57428499914e-06,1.00000000002,0.00251730250664,1.57923620241e-06
1980,40,1603,1594,431,73,2,2,0.000627352572146,0.000627352572146,-3.93571249813e-07,1.00000000009,0.000628140455989,3.94065530733e-07
1980,40,1603,1594,431,77,2,2,0.000627352572146,0.00376411543287,-2.36142749865e-06,0.999999999995,0.00378070936923,2.37183774732e-06
1980,40,1603,1594,431,94,2,2,0.000627352572146,0.000627352572146,-3.93571249813e-07,1.00000000009,0.000628140455989,3.94065530733e-07
1980,40,1603,1594,431,97,2,3,0.000627352572146,0.000627352572146,NaN,NaN,0.00125707003315,3.94313059333e-07
1980,40,1603,1594,431,101,2,2,0.000627352572146,0.00125470514429,-7.87142499625e-07,1.00000000009,0.00125707003315,7.88626118666e-07
1980,40,1603,1594,431,105,2,2,0.000627352572146,0.29234629862,-0.000183404202396,1.0,0.413379902321,0.000259334944994
1980,40,1603,1594,431,115,2,2,0.000627352572146,0.000627352572146,-3.93571249813e-07,1.00000000009,0.000628140455989,3.94065530733e-07
1980,40,1603,1594,431,123,2,3,0.000627352572146,0.000627352572146,NaN,NaN,0.00251730250664,7.89618101205e-07
1980,40,1603,1594,431,124,2,2,0.000627352572146,0.00188205771644,-1.18071374933e-06,0.999999999995,0.00188679021947,1.18368269728e-06
1980,40,1603,1594,431,130,2,2,0.000627352572146,0.000627352572146,-3.93571249813e-07,1.00000000009,0.000628140455989,3.94065530733e-07
1980,40,1603,1594,431,131,2,2,0.000627352572146,0.00125470514429,-7.87142499625e-07,1.00000000009,0.00125707003315,7.88626118666e-07
1980,40,1603,1594,431,140,2,3,0.000627352572146,0.00125470514429,NaN,NaN,0.00568179792903,1.78224527259e-06
1980,40,1603,1594,431,146,2,2,0.000627352572146,0.000627352572146,-3.93571249813e-07,1.00000000009,0.000628140455989,3.94065530733e-07
1980,40,1603,1594,431,149,2,2,0.000627352572146,0.000627352572146,-3.93571249813e-07,1.00000000009,0.000628140455989,3.94065530733e-07
1980,40,1603,1594,431,157,2,2,0.000627352572146,0.00125470514429,-7.87142499625e-07,1.00000000009,0.00125707003315,7.88626118666e-07
1980,40,1603,1594,431,159,2,2,0.000627352572146,0.00376411543287,-2.36142749865e-06,0.999999999995,0.00378070936923,2.37183774732e-06
1980,40,1603,1594,431,164,2,2,0.000627352572146,0.000627352572146,-3.93571249813e-07,1.00000000009,0.000628140455989,3.94065530733e-07
1980,40,1603,1594,431,167,2,2,0.000627352572146,0.00313676286073,-1.96785624884e-06,0.999999999976,0.00314860839015,1.97528757224e-06
1980,40,1603,1594,431,177,2,2,0.000627352572146,0.000627352572146,-3.93571249813e-07,1.00000000009,0.000628140455989,3.94065530733e-07
1980,40,1603,1593,431,186,2,2,0.000627746390458,0.000627746390458,-3.94065530762e-07,1.00000000007,0.000628535264261,3.94560743416e-07
1980,40,1603,1594,431,188,2,2,0.000627352572146,0.00627352572146,-3.93571249779e-06,1.0,0.00631709435853,3.96304539431e-06
1980,40,1603,1594,431,192,2,3,0.000627352572146,0.000627352572146,NaN,NaN,0.00125707003315,3.94313059333e-07
1980,40,1603,1594,431,198,2,2,0.000627352572146,0.00313676286073,-1.96785624884e-06,0.999999999976,0.00314860839015,1.97528757224e-06
1980,40,1603,1594,431,200,2,2,0.000627352572146,0.00125470514429,-7.87142499625e-07,1.00000000009,0.00125707003315,7.88626118666e-07
1980,40,1603,1594,431,207,2,2,0.000627352572146,0.00815558343789,-5.11642624712e-06,1.0,0.00822780563129,5.16173502591e-06
1980,40,1603,1594,431,208,2,2,0.000627352572146,0.000627352572146,-3.93571249813e-07,1.00000000009,0.000628140455989,3.94065530733e-07
1980,40,1603,1594,431,211,2,2,0.000627352572146,0.000627352572146,-3.93571249813e-07,1.00000000009,0.000628140455989,3.94065530733e-07
1980,40,1603,1594,431,215,2,2,0.000627352572146,0.00125470514429,-7.87142499625e-07,1.00000000009,0.00125707003315,7.88626118666e-07
1980,40,1603,1594,431,218,2,3,0.000627352572146,0.00125470514429,NaN,NaN,0.00504730262996,1.58321914365e-06
1980,40,1603,1594,431,220,2,2,0.000627352572146,0.00125470514429,-7.87142499625e-07,1.00000000009,0.00125707003315,7.88626118666e-07
1980,40,1603,1594,431,221,2,3,0.000627352572146,0.000627352572146,NaN,NaN,0.00125707003315,3.94313059333e-07
1980,40,1603,1594,431,222,2,2,0.000627352572146,0.000627352572146,-3.93571249813e-07,1.00000000009,0.000628140455989,3.94065530733e-07
1980,40,1603,1594,431,226,2,2,0.000627352572146,0.000627352572146,-3.93571249813e-07,1.00000000009,0.000628140455989,3.94065530733e-07
1980,40,1603,1594,431,227,2,2,0.000627352572146,0.000627352572146,-3.93571249813e-07,1.00000000009,0.000628140455989,3.94065530733e-07
1980,40,1603,1594,431,232,2,2,0.000627352572146,0.000627352572146,-3.93571249813e-07,1.00000000009,0.000628140455989,3.94065530733e-07
1980,40,1603,1594,431,233,2,2,0.000627352572146,0.000627352572146,-3.93571249813e-07,1.00000000009,0.000628140455989,3.94065530733e-07
1980,40,1603,1594,431,240,2,2,0.000627352572146,0.00188205771644,-1.18071374933e-06,0.999999999995,0.00188679021947,1.18368269728e-06
1980,40,1603,1594,431,244,2,2,0.000627352572146,0.000627352572146,-3.93571249813e-07,1.00000000009,0.000628140455989,3.94065530733e-07
1980,40,1603,1594,431,245,2,2,0.000627352572146,0.000627352572146,-3.93571249813e-07,1.00000000009,0.000628140455989,3.94065530733e-07
1980,40,1603,1594,444,15,2,2,0.329987452949,0.000627352572146,-0.000207018477383,1.0,0.492818534271,0.000309170975076
1980,40,1603,1594,444,20,2,3,0.329987452949,0.000627352572146,NaN,NaN,2.52325608637,0.000791485597982
1980,40,1603,1594,444,22,2,2,0.329987452949,0.00125470514429,0.000213315617379,0.253745318352,0.261792279243,0.000164236059751
1980,40,1603,1594,444,26,2,2,0.329987452949,0.00376411543287,0.00252200456858,1.0,12.2285391386,0.00767160548218
1980,40,1603,1594,444,33,2,2,0.329987452949,0.000627352572146,0.000420334094762,1.0,2.03169283868,0.00127458772815
1980,40,1603,1594,444,35,2,2,0.329987452949,0.000627352572146,-0.000207018477383,1.0,0.492818534271,0.000309170975076
1980,40,1603,1594,444,46,2,3,0.329987452949,0.000627352572146,NaN,NaN,0.986256187304,0.00030936517795
1980,40,1603,1594,444,48,2,2,0.329987452949,0.000627352572146,-0.000207018477383,1.0,0.492818534271,0.000309170975076
1980,40,1603,1594,444,49,2,2,0.329987452949,0.000627352572146,-0.000207018477383,1.0,0.492818534271,0.000309170975076
1980,40,1603,1594,444,55,2,2,0.329987452949,0.000627352572146,-0.000207018477383,1.0,0.492818534271,0.000309170975076
1980,40,1603,1594,444,60,2,2,0.329987452949,0.000627352572146,0.000420334094762,1.0,2.03169283868,0.00127458772815
1980,40,1603,1594,444,64,2,2,0.329987452949,0.00250941028858,-0.000828073909532,1.0,1.97499352225,0.00123901726615
1980,40,1603,1594,444,73,2,2,0.329987452949,0.000627352572146,-0.000207018477383,1.0,0.492818534271,0.000309170975076
1980,40,1603,1594,444,77,2,2,0.329987452949,0.00376411543287,-0.0012421108643,1.0,2.96622137945,0.00186086661195
1980,40,1603,1594,444,94,2,2,0.329987452949,0.000627352572146,-0.000207018477383,1.0,0.492818534271,0.000309170975076
1980,40,1603,1594,444,97,2,3,0.329987452949,0.000627352572146,NaN,NaN,4.0659380553,0.00127538834859
1980,40,1603,1594,444,101,2,2,0.329987452949,0.00125470514429,0.000213315617379,0.253745318352,0.261792279243,0.000164236059751
1980,40,1603,1594,444,105,2,2,0.329987452949,0.29234629862,0.150706302965,0.769397694941,791.502706704,0.496551258911
1980,40,1603,1594,444,115,2,2,0.329987452949,0.000627352572146,-0.000207018477383,1.0,0.492818534271,0.000309170975076
1980,40,1603,1594,444,123,2,3,0.329987452949,0.000627352572146,NaN,NaN,1.97499352225,0.000619508633077
1980,40,1603,1594,444,124,2,2,0.329987452949,0.00188205771644,-0.000621055432149,1.0,1.48031412651,0.000928678874851
1980,40,1603,1594,444,130,2,2,0.329987452949,0.000627352572146,-0.000207018477383,1.0,0.492818534271,0.000309170975076
1980,40,1603,1594,444,131,2,2,0.329987452949,0.00125470514429,0.000840668189525,1.0,4.0659380553,0.00255077669717
1980,40,1603,1594,444,140,2,3,0.329987452949,0.00125470514429,NaN,NaN,4.45775351788,0.00139829156772
1980,40,1603,1594,444,146,2,2,0.329987452949,0.000627352572146,-0.000207018477383,1.0,0.492818534271,0.000309170975076
1980,40,1603,1594,444,149,2,2,0.329987452949,0.000627352572146,0.000420334094762,1.0,2.03169283868,0.00127458772815
1980,40,1603,1594,444,157,2,2,0.329987452949,0.00125470514429,-0.000414036954766,1.0,0.986256187304,0.000618730355899
1980,40,1603,1594,444,159,2,2,0.329987452949,0.00376411543287,0.00126729942428,0.502496878901,3.08774420368,0.0019371042683
1980,40,1603,1594,444,164,2,2,0.329987452949,0.000627352572146,-0.000207018477383,1.0,0.492818534271,0.000309170975076
1980,40,1603,1594,444,167,2,2,0.329987452949,0.00313676286073,-0.00103509238692,1.0,2.47029554781,0.00154974626588
1980,40,1603,1594,444,177,2,2,0.329987452949,0.000627352572146,0.000420334094762,1.0,2.03169283868,0.00127458772815
1980,40,1603,1593,444,186,2,2,0.329566854991,0.000627746390458,-0.000206884403635,1.0,0.491881810739,0.000308777031224
1980,40,1603,1594,444,188,2,2,0.329987452949,0.00627352572146,-0.00207018477383,1.0,4.95618639579,0.00310927628343
1980,40,1603,1594,444,192,2,3,0.329987452949,0.000627352572146,NaN,NaN,0.986256187304,0.00030936517795
1980,40,1603,1594,444,198,2,2,0.329987452949,0.00313676286073,0.000219612757376,0.104494382023,0.11120026355,6.97617713613e-05
1980,40,1603,1594,444,200,2,2,0.329987452949,0.00125470514429,0.000213315617379,0.253745318352,0.261792279243,0.000164236059751
1980,40,1603,1594,444,207,2,2,0.329987452949,0.00815558343789,0.000445522654748,0.0815326995102,0.176908602461,0.000110984066788
1980,40,1603,1594,444,208,2,2,0.329987452949,0.000627352572146,-0.000207018477383,1.0,0.492818534271,0.000309170975076
1980,40,1603,1594,444,211,2,2,0.329987452949,0.000627352572146,0.000420334094762,1.0,2.03169283868,0.00127458772815
1980,40,1603,1594,444,215,2,2,0.329987452949,0.00125470514429,0.000213315617379,0.253745318352,0.261792279243,0.000164236059751
1980,40,1603,1594,444,218,2,3,0.329987452949,0.00125470514429,NaN,NaN,0.262137407068,8.22262882898e-05
1980,40,1603,1594,444,220,2,2,0.329987452949,0.00125470514429,0.000213315617379,0.253745318352,0.261792279243,0.000164236059751
1980,40,1603,1594,444,221,2,3,0.329987452949,0.000627352572146,NaN,NaN,2.52325608637,0.000791485597982
1980,40,1603,1594,444,222,2,2,0.329987452949,0.000627352572146,0.000420334094762,1.0,2.03169283868,0.00127458772815
1980,40,1603,1594,444,226,2,2,0.329987452949,0.000627352572146,0.000420334094762,1.0,2.03169283868,0.00127458772815
1980,40,1603,1594,444,227,2,2,0.329987452949,0.000627352572146,0.000420334094762,1.0,2.03169283868,0.00127458772815
1980,40,1603,1594,444,232,2,2,0.329987452949,0.000627352572146,0.000420334094762,1.0,2.03169283868,0.00127458772815
1980,40,1603,1594,444,233,2,2,0.329987452949,0.000627352572146,-0.000207018477383,1.0,0.492818534271,0.000309170975076
1980,40,1603,1594,444,240,2,2,0.329987452949,0.00188205771644,6.29713999656e-06,0.00499375780284,0.000152187804262,9.54754104527e-08
1980,40,1603,1594,444,244,2,2,0.329987452949,0.000627352572146,0.000420334094762,1.0,2.03169283868,0.00127458772815
1980,40,1603,1594,444,245,2,2,0.329987452949,0.000627352572146,-0.000207018477383,1.0,0.492818534271,0.000309170975076
1980,40,1603,1594,446,15,3,2,0.000627352572146,0.000627352572146,NaN,NaN,0.00188679021947,5.91841348641e-07
1980,40,1603,1594,446,20,3,3,0.000627352572146,0.000627352572146,NaN,NaN,0.0037759507784,5.92213108282e-07
1980,40,1603,1594,446,22,3,2,0.000627352572146,0.00125470514429,NaN,NaN,0.0037759507784,1.18442621656e-06
1980,40,1603,1594,446,26,3,2,0.000627352572146,0.00376411543287,NaN,NaN,0.0113563859683,3.56222897375e-06
1980,40,1603,1594,446,33,3,2,0.000627352572146,0.000627352572146,NaN,NaN,0.00188679021947,5.91841348641e-07
1980,40,1603,1594,446,35,3,2,0.000627352572146,0.000627352572146,NaN,NaN,0.00188679021947,5.91841348641e-07
1980,40,1603,1594,446,46,3,3,0.000627352572146,0.000627352572146,NaN,NaN,0.0037759507784,5.92213108282e-07
1980,40,1603,1594,446,48,3,2,0.000627352572146,0.000627352572146,NaN,NaN,0.00188679021947,5.91841348641e-07
1980,40,1603,1594,446,49,3,2,0.000627352572146,0.000627352572146,NaN,NaN,0.00188679021947,5.91841348641e-07
1980,40,1603,1594,446,55,3,2,0.000627352572146,0.000627352572146,NaN,NaN,0.00188679021947,5.91841348641e-07
1980,40,1603,1594,446,60,3,2,0.000627352572146,0.000627352572146,NaN,NaN,0.00188679021947,5.91841348641e-07
1980,40,1603,1594,446,64,3,2,0.000627352572146,0.00250941028858,NaN,NaN,0.00756140080405,2.37183212172e-06
1980,40,1603,1594,446,73,3,2,0.000627352572146,0.000627352572146,NaN,NaN,0.00188679021947,5.91841348641e-07
1980,40,1603,1594,446,77,3,2,0.000627352572146,0.00376411543287,NaN,NaN,0.0113563859683,3.56222897375e-06
1980,40,1603,1594,446,94,3,2,0.000627352572146,0.000627352572146,NaN,NaN,0.00188679021947,5.91841348641e-07
1980,40,1603,1594,446,97,3,3,0.000627352572146,0.000627352572146,NaN,NaN,0.0037759507784,5.92213108282e-07
1980,40,1603,1594,446,101,3,2,0.000627352572146,0.00125470514429,NaN,NaN,0.0037759507784,1.18442621656e-06
1980,40,1603,1594,446,105,3,2,0.000627352572146,0.29234629862,NaN,NaN,3.24688792846,0.00101847174669
1980,40,1603,1594,446,115,3,2,0.000627352572146,0.000627352572146,NaN,NaN,0.00188679021947,5.91841348641e-07
1980,40,1603,1594,446,123,3,3,0.000627352572146,0.000627352572146,NaN,NaN,0.00756140080405,1.18591606086e-06
1980,40,1603,1594,446,124,3,2,0.000627352572146,0.00188205771644,NaN,NaN,0.00566748614634,1.77775600575e-06
1980,40,1603,1594,446,130,3,2,0.000627352572146,0.000627352572146,NaN,NaN,0.00188679021947,5.91841348641e-07
1980,40,1603,1594,446,131,3,2,0.000627352572146,0.00125470514429,NaN,NaN,0.0037759507784,1.18442621656e-06
1980,40,1603,1594,446,140,3,3,0.000627352572146,0.00125470514429,NaN,NaN,0.0170668210577,2.67672852223e-06
1980,40,1603,1594,446,146,3,2,0.000627352572146,0.000627352572146,NaN,NaN,0.00188679021947,5.91841348641e-07
1980,40,1603,1594,446,149,3,2,0.000627352572146,0.000627352572146,NaN,NaN,0.00188679021947,5.91841348641e-07
1980,40,1603,1594,446,157,3,2,0.000627352572146,0.00125470514429,NaN,NaN,0.0037759507784,1.18442621656e-06
1980,40,1603,1594,446,159,3,2,0.000627352572146,0.00376411543287,NaN,NaN,0.0113563859683,3.56222897375e-06
1980,40,1603,1594,446,164,3,2,0.000627352572146,0.000627352572146,NaN,NaN,0.00188679021947,5.91841348641e-07
1980,40,1603,1594,446,167,3,2,0.000627352572146,0.00313676286073,NaN,NaN,0.00945769924358,2.96665597352e-06
1980,40,1603,1594,446,177,3,2,0.000627352572146,0.000627352572146,NaN,NaN,0.00188679021947,5.91841348641e-07
1980,40,1603,1593,446,186,3,2,0.000627746390458,0.000627746390458,NaN,NaN,0.00188797762397,5.92585569356e-07
1980,40,1603,1594,446,188,3,2,0.000627352572146,0.00627352572146,NaN,NaN,0.0189751061844,5.95204083576e-06
1980,40,1603,1594,446,192,3,3,0.000627352572146,0.000627352572146,NaN,NaN,0.0037759507784,5.92213108282e-07
1980,40,1603,1594,446,198,3,2,0.000627352572146,0.00313676286073,NaN,NaN,0.00945769924358,2.96665597352e-06
1980,40,1603,1594,446,200,3,2,0.000627352572146,0.00125470514429,NaN,NaN,0.0037759507784,1.18442621656e-06
1980,40,1603,1594,446,207,3,2,0.000627352572146,0.00815558343789,NaN,NaN,0.024714445702,7.75233554016e-06
1980,40,1603,1594,446,208,3,2,0.000627352572146,0.000627352572146,NaN,NaN,0.00188679021947,5.91841348641e-07
1980,40,1603,1594,446,211,3,2,0.000627352572146,0.000627352572146,NaN,NaN,0.00188679021947,5.91841348641e-07
1980,40,1603,1594,446,215,3,2,0.000627352572146,0.00125470514429,NaN,NaN,0.0037759507784,1.18442621656e-06
1980,40,1603,1594,446,218,3,3,0.000627352572146,0.00125470514429,NaN,NaN,0.0151609423436,2.37781404385e-06
1980,40,1603,1594,446,220,3,2,0.000627352572146,0.00125470514429,NaN,NaN,0.0037759507784,1.18442621656e-06
1980,40,1603,1594,446,221,3,3,0.000627352572146,0.000627352572146,NaN,NaN,0.0037759507784,5.92213108282e-07
1980,40,1603,1594,446,222,3,2,0.000627352572146,0.000627352572146,NaN,NaN,0.00188679021947,5.91841348641e-07
1980,40,1603,1594,446,226,3,2,0.000627352572146,0.000627352572146,NaN,NaN,0.00188679021947,5.91841348641e-07
1980,40,1603,1594,446,227,3,2,0.000627352572146,0.000627352572146,NaN,NaN,0.00188679021947,5.91841348641e-07
1980,40,1603,1594,446,232,3,2,0.000627352572146,0.000627352572146,NaN,NaN,0.00188679021947,5.91841348641e-07
1980,40,1603,1594,446,233,3,2,0.000627352572146,0.000627352572146,NaN,NaN,0.00188679021947,5.91841348641e-07
1980,40,1603,1594,446,240,3,2,0.000627352572146,0.00188205771644,NaN,NaN,0.00566748614634,1.77775600575e-06
1980,40,1603,1594,446,244,3,2,0.000627352572146,0.000627352572146,NaN,NaN,0.00188679021947,5.91841348641e-07
1980,40,1603,1594,446,245,3,2,0.000627352572146,0.000627352572146,NaN,NaN,0.00188679021947,5.91841348641e-07
1980,40,1603,1594,447,15,2,2,0.00125470514429,0.000627352572146,-7.87142499625e-07,1.00000000009,0.00125707003315,7.88626118666e-07
1980,40,1603,1594,447,20,2,3,0.00125470514429,0.000627352572146,NaN,NaN,0.00251571930002,7.89121486831e-07
1980,40,1603,1594,447,22,2,2,0.00125470514429,0.00125470514429,-1.57428499925e-06,1.00000000009,0.00251571930002,1.57824297366e-06
1980,40,1603,1594,447,26,2,2,0.00125470514429,0.00376411543287,-4.72285499742e-06,1.00000000002,0.00756616837335,4.74665519031e-06
1980,40,1603,1594,447,33,2,2,0.00125470514429,0.000627352572146,-7.87142499625e-07,1.00000000009,0.00125707003315,7.88626118666e-07
1980,40,1603,1594,447,35,2,2,0.00125470514429,0.000627352572146,-7.87142499625e-07,1.00000000009,0.00125707003315,7.88626118666e-07
1980,40,1603,1594,447,46,2,3,0.00125470514429,0.000627352572146,NaN,NaN,0.00251571930002,7.89121486831e-07
1980,40,1603,1594,447,48,2,2,0.00125470514429,0.000627352572146,-7.87142499625e-07,1.00000000009,0.00125707003315,7.88626118666e-07
1980,40,1603,1594,447,49,2,2,0.00125470514429,0.000627352572146,-7.87142499625e-07,1.00000000009,0.00125707003315,7.88626118666e-07
1980,40,1603,1594,447,55,2,2,0.00125470514429,0.000627352572146,-7.87142499625e-07,1.00000000009,0.00125707003315,7.88626118666e-07
1980,40,1603,1594,447,60,2,2,0.00125470514429,0.000627352572146,-7.87142499625e-07,1.00000000009,0.00125707003315,7.88626118666e-07
1980,40,1603,1594,447,64,2,2,0.00125470514429,0.00250941028858,-3.14856999817e-06,0.999999999983,0.00503776745362,3.1604563699e-06
1980,40,1603,1594,447,73,2,2,0.00125470514429,0.000627352572146,-7.87142499625e-07,1.00000000009,0.00125707003315,7.88626118666e-07
1980,40,1603,1594,447,77,2,2,0.00125470514429,0.00376411543287,-4.72285499742e-06,1.00000000002,0.00756616837335,4.74665519031e-06
1980,40,1603,1594,447,94,2,2,0.00125470514429,0.000627352572146,-7.87142499625e-07,1.00000000009,0.00125707003315,7.88626118666e-07
1980,40,1603,1594,447,97,2,3,0.00125470514429,0.000627352572146,NaN,NaN,0.00251571930002,7.89121486831e-07
1980,40,1603,1594,447,101,2,2,0.00125470514429,0.00125470514429,-1.57428499925e-06,1.00000000009,0.00251571930002,1.57824297366e-06
1980,40,1603,1594,447,105,2,2,0.00125470514429,0.29234629862,-0.000366808404793,1.0,0.827279126127,0.000518995687658
1980,40,1603,1594,447,115,2,2,0.00125470514429,0.000627352572146,-7.87142499625e-07,1.00000000009,0.00125707003315,7.88626118666e-07
1980,40,1603,1594,447,123,2,3,0.00125470514429,0.000627352572146,NaN,NaN,0.00503776745362,1.58022818495e-06
1980,40,1603,1594,447,124,2,2,0.00125470514429,0.00188205771644,-2.36142749865e-06,0.999999999995,0.0037759507784,2.36885243313e-06
1980,40,1603,1594,447,130,2,2,0.00125470514429,0.000627352572146,-7.87142499625e-07,1.00000000009,0.00125707003315,7.88626118666e-07
1980,40,1603,1594,447,131,2,2,0.00125470514429,0.00125470514429,-1.57428499925e-06,1.00000000009,0.00251571930002,1.57824297366e-06
1980,40,1603,1594,447,140,2,3,0.00125470514429,0.00125470514429,NaN,NaN,0.0113707337952,3.56672954679e-06
1980,40,1603,1594,447,146,2,2,0.00125470514429,0.000627352572146,-7.87142499625e-07,1.00000000009,0.00125707003315,7.88626118666e-07
1980,40,1603,1594,447,149,2,2,0.00125470514429,0.000627352572146,-7.87142499625e-07,1.00000000009,0.00125707003315,7.88626118666e-07
1980,40,1603,1594,447,157,2,2,0.00125470514429,0.00125470514429,-1.57428499925e-06,1.00000000009,0.00251571930002,1.57824297366e-06
1980,40,1603,1594,447,159,2,2,0.00125470514429,0.00376411543287,-4.72285499742e-06,1.00000000002,0.00756616837335,4.74665519031e-06
1980,40,1603,1594,447,164,2,2,0.00125470514429,0.000627352572146,-7.87142499625e-07,1.00000000009,0.00125707003315,7.88626118666e-07
1980,40,1603,1594,447,167,2,2,0.00125470514429,0.00313676286073,-3.93571249779e-06,1.0,0.00630117231848,3.95305666153e-06
1980,40,1603,1594,447,177,2,2,0.00125470514429,0.000627352572146,-7.87142499625e-07,1.00000000009,0.00125707003315,7.88626118666e-07
1980,40,1603,1593,447,186,2,2,0.00125549278092,0.000627746390458,-7.88131061413e-07,0.999999999932,0.00125786064199,7.89617477709e-07
1980,40,1603,1594,447,188,2,2,0.00125470514429,0.00627352572146,-7.87142499559e-06,1.0,0.0126421247652,7.93106948886e-06
1980,40,1603,1594,447,192,2,3,0.00125470514429,0.000627352572146,NaN,NaN,0.00251571930002,7.89121486831e-07
1980,40,1603,1594,447,198,2,2,0.00125470514429,0.00313676286073,-3.93571249779e-06,1.0,0.00630117231848,3.95305666153e-06
1980,40,1603,1594,447,200,2,2,0.00125470514429,0.00125470514429,-1.57428499925e-06,1.00000000009,0.00251571930002,1.57824297366e-06
1980,40,1603,1594,447,207,2,2,0.00125470514429,0.00815558343789,-1.02328524942e-05,1.0,0.0164659477018,1.03299546436e-05
1980,40,1603,1594,447,208,2,2,0.00125470514429,0.000627352572146,-7.87142499625e-07,1.00000000009,0.00125707003315,7.88626118666e-07
1980,40,1603,1594,447,211,2,2,0.00125470514429,0.000627352572146,-7.87142499625e-07,1.00000000009,0.00125707003315,7.88626118666e-07
1980,40,1603,1594,447,215,2,2,0.00125470514429,0.00125470514429,-1.57428499925e-06,1.00000000009,0.00251571930002,1.57824297366e-06
1980,40,1603,1594,447,218,2,3,0.00125470514429,0.00125470514429,NaN,NaN,0.0101009460924,3.16842725608e-06
1980,40,1603,1594,447,220,2,2,0.00125470514429,0.00125470514429,-1.57428499925e-06,1.00000000009,0.00251571930002,1.57824297366e-06
1980,40,1603,1594,447,221,2,3,0.00125470514429,0.000627352572146,NaN,NaN,0.00251571930002,7.89121486831e-07
1980,40,1603,1594,447,222,2,2,0.00125470514429,0.000627352572146,-7.87142499625e-07,1.00000000009,0.00125707003315,7.88626118666e-07
1980,40,1603,1594,447,226,2,2,0.00125470514429,0.000627352572146,-7.87142499625e-07,1.00000000009,0.00125707003315,7.88626118666e-07
1980,40,1603,1594,447,227,2,2,0.00125470514429,0.000627352572146,-7.87142499625e-07,1.00000000009,0.00125707003315,7.88626118666e-07
1980,40,1603,1594,447,232,2,2,0.00125470514429,0.000627352572146,-7.87142499625e-07,1.00000000009,0.00125707003315,7.88626118666e-07
1980,40,1603,1594,447,233,2,2,0.00125470514429,0.000627352572146,-7.87142499625e-07,1.00000000009,0.00125707003315,7.88626118666e-07
1980,40,1603,1594,447,240,2,2,0.00125470514429,0.00188205771644,-2.36142749865e-06,0.999999999995,0.0037759507784,2.36885243313e-06
1980,40,1603,1594,447,244,2,2,0.00125470514429,0.000627352572146,-7.87142499625e-07,1.00000000009,0.00125707003315,7.88626118666e-07
1980,40,1603,1594,447,245,2,2,0.00125470514429,0.000627352572146,-7.87142499625e-07,1.00000000009,0.00125707003315,7.88626118666e-07
1980,40,1603,1594,451,15,2,2,0.000627352572146,0.000627352572146,-3.93571249813e-07,1.00000000009,0.000628140455989,3.94065530733e-07
1980,40,1603,1594,451,20,2,3,0.000627352572146,0.000627352572146,NaN,NaN,0.00125707003315,3.94313059333e-07
1980,40,1603,1594,451,22,2,2,0.000627352572146,0.00125470514429,-7.87142499625e-07,1.00000000009,0.00125707003315,7.88626118666e-07
1980,40,1603,1594,451,26,2,2,0.000627352572146,0.00376411543287,-2.36142749865e-06,0.999999999995,0.00378070936923,2.37183774732e-06
1980,40,1603,1594,451,33,2,2,0.000627352572146,0.000627352572146,-3.93571249813e-07,1.00000000009,0.000628140455989,3.94065530733e-07
1980,40,1603,1594,451,35,2,2,0.000627352572146,0.000627352572146,-3.93571249813e-07,1.00000000009,0.000628140455989,3.94065530733e-07
1980,40,1603,1594,451,46,2,3,0.000627352572146,0.000627352572146,NaN,NaN,0.00125707003315,3.94313059333e-07
1980,40,1603,1594,451,48,2,2,0.000627352572146,0.000627352572146,-3.93571249813e-07,1.00000000009,0.000628140455989,3.94065530733e-07
1980,40,1603,1594,451,49,2,2,0.000627352572146,0.000627352572146,-3.93571249813e-07,1.00000000009,0.000628140455989,3.94065530733e-07
1980,40,1603,1594,451,55,2,2,0.000627352572146,0.000627352572146,-3.93571249813e-07,1.00000000009,0.000628140455989,3.94065530733e-07
1980,40,1603,1594,451,60,2,2,0.000627352572146,0.000627352572146,-3.93571249813e-07,1.00000000009,0.000628140455989,3.94065530733e-07
1980,40,1603,1594,451,64,2,2,0.000627352572146,0.00250941028858,-1.57428499914e-06,1.00000000002,0.00251730250664,1.57923620241e-06
1980,40,1603,1594,451,73,2,2,0.000627352572146,0.000627352572146,-3.93571249813e-07,1.00000000009,0.000628140455989,3.94065530733e-07
1980,40,1603,1594,451,77,2,2,0.000627352572146,0.00376411543287,-2.36142749865e-06,0.999999999995,0.00378070936923,2.37183774732e-06
1980,40,1603,1594,451,94,2,2,0.000627352572146,0.000627352572146,-3.93571249813e-07,1.00000000009,0.000628140455989,3.94065530733e-07
1980,40,1603,1594,451,97,2,3,0.000627352572146,0.000627352572146,NaN,NaN,0.00125707003315,3.94313059333e-07
1980,40,1603,1594,451,101,2,2,0.000627352572146,0.00125470514429,-7.87142499625e-07,1.00000000009,0.00125707003315,7.88626118666e-07
1980,40,1603,1594,451,105,2,2,0.000627352572146,0.29234629862,0.000443948369749,1.0,2.42212038182,0.00151952345158
1980,40,1603,1594,451,115,2,2,0.000627352572146,0.000627352572146,-3.93571249813e-07,1.00000000009,0.000628140455989,3.94065530733e-07
1980,40,1603,1594,451,123,2,3,0.000627352572146,0.000627352572146,NaN,NaN,0.00251730250664,7.89618101205e-07
1980,40,1603,1594,451,124,2,2,0.000627352572146,0.00188205771644,-1.18071374933e-06,0.999999999995,0.00188679021947,1.18368269728e-06
1980,40,1603,1594,451,130,2,2,0.000627352572146,0.000627352572146,-3.93571249813e-07,1.00000000009,0.000628140455989,3.94065530733e-07
1980,40,1603,1594,451,131,2,2,0.000627352572146,0.00125470514429,-7.87142499625e-07,1.00000000009,0.00125707003315,7.88626118666e-07
1980,40,1603,1594,451,140,2,3,0.000627352572146,0.00125470514429,NaN,NaN,0.00568179792903,1.78224527259e-06
1980,40,1603,1594,451,146,2,2,0.000627352572146,0.000627352572146,-3.93571249813e-07,1.00000000009,0.000628140455989,3.94065530733e-07
1980,40,1603,1594,451,149,2,2,0.000627352572146,0.000627352572146,-3.93571249813e-07,1.00000000009,0.000628140455989,3.94065530733e-07
1980,40,1603,1594,451,157,2,2,0.000627352572146,0.00125470514429,-7.87142499625e-07,1.00000000009,0.00125707003315,7.88626118666e-07
1980,40,1603,1594,451,159,2,2,0.000627352572146,0.00376411543287,-2.36142749865e-06,0.999999999995,0.00378070936923,2.37183774732e-06
1980,40,1603,1594,451,164,2,2,0.000627352572146,0.000627352572146,-3.93571249813e-07,1.00000000009,0.000628140455989,3.94065530733e-07
1980,40,1603,1594,451,167,2,2,0.000627352572146,0.00313676286073,-1.96785624884e-06,0.999999999976,0.00314860839015,1.97528757224e-06
1980,40,1603,1594,451,177,2,2,0.000627352572146,0.000627352572146,-3.93571249813e-07,1.00000000009,0.000628140455989,3.94065530733e-07
1980,40,1603,1593,451,186,2,2,0.000627746390458,0.000627746390458,-3.94065530762e-07,1.00000000007,0.000628535264261,3.94560743416e-07
1980,40,1603,1594,451,188,2,2,0.000627352572146,0.00627352572146,-3.93571249779e-06,1.0,0.00631709435853,3.96304539431e-06
1980,40,1603,1594,451,192,2,3,0.000627352572146,0.000627352572146,NaN,NaN,0.00125707003315,3.94313059333e-07
1980,40,1603,1594,451,198,2,2,0.000627352572146,0.00313676286073,-1.96785624884e-06,0.999999999976,0.00314860839015,1.97528757224e-06
1980,40,1603,1594,451,200,2,2,0.000627352572146,0.00125470514429,-7.87142499625e-07,1.00000000009,0.00125707003315,7.88626118666e-07
1980,40,1603,1594,451,207,2,2,0.000627352572146,0.00815558343789,-5.11642624712e-06,1.0,0.00822780563129,5.16173502591e-06
1980,40,1603,1594,451,208,2,2,0.000627352572146,0.000627352572146,-3.93571249813e-07,1.00000000009,0.000628140455989,3.94065530733e-07
1980,40,1603,1594,451,211,2,2,0.000627352572146,0.000627352572146,-3.93571249813e-07,1.00000000009,0.000628140455989,3.94065530733e-07
1980,40,1603,1594,451,215,2,2,0.000627352572146,0.00125470514429,-7.87142499625e-07,1.00000000009,0.00125707003315,7.88626118666e-07
1980,40,1603,1594,451,218,2,3,0.000627352572146,0.00125470514429,NaN,NaN,0.00504730262996,1.58321914365e-06
1980,40,1603,1594,451,220,2,2,0.000627352572146,0.00125470514429,-7.87142499625e-07,1.00000000009,0.00125707003315,7.88626118666e-07
1980,40,1603,1594,451,221,2,3,0.000627352572146,0.000627352572146,NaN,NaN,0.00125707003315,3.94313059333e-07
1980,40,1603,1594,451,222,2,2,0.000627352572146,0.000627352572146,-3.93571249813e-07,1.00000000009,0.000628140455989,3.94065530733e-07
1980,40,1603,1594,451,226,2,2,0.000627352572146,0.000627352572146,-3.93571249813e-07,1.00000000009,0.000628140455989,3.94065530733e-07
1980,40,1603,1594,451,227,2,2,0.000627352572146,0.000627352572146,-3.93571249813e-07,1.00000000009,0.000628140455989,3.94065530733e-07
1980,40,1603,1594,451,232,2,2,0.000627352572146,0.000627352572146,-3.93571249813e-07,1.00000000009,0.000628140455989,3.94065530733e-07
1980,40,1603,1594,451,233,2,2,0.000627352572146,0.000627352572146,-3.93571249813e-07,1.00000000009,0.000628140455989,3.94065530733e-07
1980,40,1603,1594,451,240,2,2,0.000627352572146,0.00188205771644,-1.18071374933e-06,0.999999999995,0.00188679021947,1.18368269728e-06
1980,40,1603,1594,451,244,2,2,0.000627352572146,0.000627352572146,-3.93571249813e-07,1.00000000009,0.000628140455989,3.94065530733e-07
1980,40,1603,1594,451,245,2,2,0.000627352572146,0.000627352572146,-3.93571249813e-07,1.00000000009,0.000628140455989,3.94065530733e-07
1980,40,1603,1594,452,15,2,2,0.00313676286073,0.000627352572146,-1.96785624884e-06,0.999999999976,0.00314860839015,1.97528757224e-06
1980,40,1603,1594,452,20,2,3,0.00313676286073,0.000627352572146,NaN,NaN,0.00630117231848,1.97652833077e-06
1980,40,1603,1594,452,22,2,2,0.00313676286073,0.00125470514429,-3.93571249779e-06,1.0,0.00630117231848,3.95305666153e-06
1980,40,1603,1594,452,26,2,2,0.00313676286073,0.00376411543287,-1.18071374934e-05,1.0,0.0189511328672,1.18890419493e-05
1980,40,1603,1594,452,33,2,2,0.00313676286073,0.000627352572146,-1.96785624884e-06,0.999999999976,0.00314860839015,1.97528757224e-06
1980,40,1603,1594,452,35,2,2,0.00313676286073,0.000627352572146,-1.96785624884e-06,0.999999999976,0.00314860839015,1.97528757224e-06
1980,40,1603,1594,452,46,2,3,0.00313676286073,0.000627352572146,NaN,NaN,0.00630117231848,1.97652833077e-06
1980,40,1603,1594,452,48,2,2,0.00313676286073,0.000627352572146,-1.96785624884e-06,0.999999999976,0.00314860839015,1.97528757224e-06
1980,40,1603,1594,452,49,2,2,0.00313676286073,0.000627352572146,-1.96785624884e-06,0.999999999976,0.00314860839015,1.97528757224e-06
1980,40,1603,1594,452,55,2,2,0.00313676286073,0.000627352572146,-1.96785624884e-06,0.999999999976,0.00314860839015,1.97528757224e-06
1980,40,1603,1594,452,60,2,2,0.00313676286073,0.000627352572146,-1.96785624884e-06,0.999999999976,0.00314860839015,1.97528757224e-06
1980,40,1603,1594,452,64,2,2,0.00313676286073,0.00250941028858,-7.87142499559e-06,1.0,0.0126181966428,7.9160581197e-06
1980,40,1603,1594,452,73,2,2,0.00313676286073,0.000627352572146,-1.96785624884e-06,0.999999999976,0.00314860839015,1.97528757224e-06
1980,40,1603,1594,452,77,2,2,0.00313676286073,0.00376411543287,-1.18071374934e-05,1.0,0.0189511328672,1.18890419493e-05
1980,40,1603,1594,452,94,2,2,0.00313676286073,0.000627352572146,-1.96785624884e-06,0.999999999976,0.00314860839015,1.97528757224e-06
1980,40,1603,1594,452,97,2,3,0.00313676286073,0.000627352572146,NaN,NaN,0.00630117231848,1.97652833077e-06
1980,40,1603,1594,452,101,2,2,0.00313676286073,0.00125470514429,-3.93571249779e-06,1.0,0.00630117231848,3.95305666153e-06
1980,40,1603,1594,452,105,2,2,0.00313676286073,0.29234629862,0.00221974184875,1.0,12.1410880058,0.00761674278908
1980,40,1603,1594,452,115,2,2,0.00313676286073,0.000627352572146,-1.96785624884e-06,0.999999999976,0.00314860839015,1.97528757224e-06
1980,40,1603,1594,452,123,2,3,0.00313676286073,0.000627352572146,NaN,NaN,0.0126181966428,3.95802905985e-06
1980,40,1603,1594,452,124,2,2,0.00313676286073,0.00188205771644,-5.90356874663e-06,0.999999999995,0.00945769924358,5.93331194704e-06
1980,40,1603,1594,452,130,2,2,0.00313676286073,0.000627352572146,-1.96785624884e-06,0.999999999976,0.00314860839015,1.97528757224e-06
1980,40,1603,1594,452,131,2,2,0.00313676286073,0.00125470514429,-3.93571249779e-06,1.0,0.00630117231848,3.95305666153e-06
1980,40,1603,1594,452,140,2,3,0.00313676286073,0.00125470514429,NaN,NaN,0.0284805037789,8.93365865086e-06
1980,40,1603,1594,452,146,2,2,0.00313676286073,0.000627352572146,-1.96785624884e-06,0.999999999976,0.00314860839015,1.97528757224e-06
1980,40,1603,1594,452,149,2,2,0.00313676286073,0.000627352572146,-1.96785624884e-06,0.999999999976,0.00314860839015,1.97528757224e-06
1980,40,1603,1594,452,157,2,2,0.00313676286073,0.00125470514429,-3.93571249779e-06,1.0,0.00630117231848,3.95305666153e-06
1980,40,1603,1594,452,159,2,2,0.00313676286073,0.00376411543287,-1.18071374934e-05,1.0,0.0189511328672,1.18890419493e-05
1980,40,1603,1594,452,164,2,2,0.00313676286073,0.000627352572146,-1.96785624884e-06,0.999999999976,0.00314860839015,1.97528757224e-06
1980,40,1603,1594,452,167,2,2,0.00313676286073,0.00313676286073,-9.83928124443e-06,0.999999999999,0.0157826720123,9.90129988225e-06
1980,40,1603,1594,452,177,2,2,0.00313676286073,0.000627352572146,-1.96785624884e-06,0.999999999976,0.00314860839015,1.97528757224e-06
1980,40,1603,1593,452,186,2,2,0.00313873195229,0.000627746390458,-1.9703276537e-06,1.00000000002,0.00315059238257,1.97777299596e-06
1980,40,1603,1594,452,188,2,2,0.00313676286073,0.00627352572146,-1.96785624889e-05,0.999999999999,0.0316649821055,1.98651079708e-05
1980,40,1603,1594,452,192,2,3,0.00313676286073,0.000627352572146,NaN,NaN,0.00630117231848,1.97652833077e-06
1980,40,1603,1594,452,198,2,2,0.00313676286073,0.00313676286073,-9.83928124443e-06,0.999999999999,0.0157826720123,9.90129988225e-06
1980,40,1603,1594,452,200,2,2,0.00313676286073,0.00125470514429,-3.93571249779e-06,1.0,0.00630117231848,3.95305666153e-06
1980,40,1603,1594,452,207,2,2,0.00313676286073,0.00815558343789,-2.55821312355e-05,0.999999999998,0.0412425876987,2.58736434747e-05
1980,40,1603,1594,452,208,2,2,0.00313676286073,0.000627352572146,0.000625384715897,1.0,317.999497803,0.199497802888
1980,40,1603,1594,452,211,2,2,0.00313676286073,0.000627352572146,-1.96785624884e-06,0.999999999976,0.00314860839015,1.97528757224e-06
1980,40,1603,1594,452,215,2,2,0.00313676286073,0.00125470514429,-3.93571249779e-06,1.0,0.00630117231848,3.95305666153e-06
1980,40,1603,1594,452,218,2,3,0.00313676286073,0.00125470514429,NaN,NaN,0.025300041188,7.93602295733e-06
1980,40,1603,1594,452,220,2,2,0.00313676286073,0.00125470514429,-3.93571249779e-06,1.0,0.00630117231848,3.95305666153e-06
1980,40,1603,1594,452,221,2,3,0.00313676286073,0.000627352572146,NaN,NaN,0.00630117231848,1.97652833077e-06
1980,40,1603,1594,452,222,2,2,0.00313676286073,0.000627352572146,-1.96785624884e-06,0.999999999976,0.00314860839015,1.97528757224e-06
1980,40,1603,1594,452,226,2,2,0.00313676286073,0.000627352572146,-1.96785624884e-06,0.999999999976,0.00314860839015,1.97528757224e-06
1980,40,1603,1594,452,227,2,2,0.00313676286073,0.000627352572146,-1.96785624884e-06,0.999999999976,0.00314860839015,1.97528757224e-06
1980,40,1603,1594,452,232,2,2,0.00313676286073,0.000627352572146,-1.96785624884e-06,0.999999999976,0.00314860839015,1.97528757224e-06
1980,40,1603,1594,452,233,2,2,0.00313676286073,0.000627352572146,-1.96785624884e-06,0.999999999976,0.00314860839015,1.97528757224e-06
1980,40,1603,1594,452,240,2,2,0.00313676286073,0.00188205771644,-5.90356874663e-06,0.999999999995,0.00945769924358,5.93331194704e-06
1980,40,1603,1594,452,244,2,2,0.00313676286073,0.000627352572146,-1.96785624884e-06,0.999999999976,0.00314860839015,1.97528757224e-06
1980,40,1603,1594,452,245,2,2,0.00313676286073,0.000627352572146,-1.96785624884e-06,0.999999999976,0.00314860839015,1.97528757224e-06
1980,40,1603,1593,457,15,2,2,0.000627746390458,0.000627746390458,-3.94065530762e-07,1.00000000007,0.000628535264261,3.94560743416e-07
1980,40,1603,1593,457,20,2,3,0.000627746390458,0.000627746390458,NaN,NaN,0.00125786064199,3.94808738855e-07
1980,40,1603,1593,457,22,2,2,0.000627746390458,0.00125549278092,-7.88131061413e-07,0.999999999932,0.00125786064199,7.89617477709e-07
1980,40,1603,1593,457,26,2,2,0.000627746390458,0.00376647834275,-2.36439318435e-06,0.999999999979,0.00378309315956,2.37482307568e-06
1980,40,1603,1593,457,33,2,2,0.000627746390458,0.000627746390458,-3.94065530762e-07,1.00000000007,0.000628535264261,3.94560743416e-07
1980,40,1603,1593,457,35,2,2,0.000627746390458,0.000627746390458,-3.94065530762e-07,1.00000000007,0.000628535264261,3.94560743416e-07
1980,40,1603,1593,457,46,2,3,0.000627746390458,0.000627746390458,NaN,NaN,0.00125786064199,3.94808738855e-07
1980,40,1603,1593,457,48,2,2,0.000627746390458,0.000627746390458,-3.94065530762e-07,1.00000000007,0.000628535264261,3.94560743416e-07
1980,40,1603,1593,457,49,2,2,0.000627746390458,0.000627746390458,-3.94065530762e-07,1.00000000007,0.000628535264261,3.94560743416e-07
1980,40,1603,1593,457,55,2,2,0.000627746390458,0.000627746390458,-3.94065530762e-07,1.00000000007,0.000628535264261,3.94560743416e-07
1980,40,1603,1593,457,60,2,2,0.000627746390458,0.000627746390458,-3.94065530762e-07,1.00000000007,0.000628535264261,3.94560743416e-07
1980,40,1603,1593,457,64,2,2,0.000627746390458,0.00251098556183,-1.57626212294e-06,1.0,0.00251888770473,1.58122266461e-06
1980,40,1603,1593,457,73,2,2,0.000627746390458,0.000627746390458,-3.94065530762e-07,1.00000000007,0.000628535264261,3.94560743416e-07
1980,40,1603,1593,457,77,2,2,0.000627746390458,0.00376647834275,-2.36439318435e-06,0.999999999979,0.00378309315956,2.37482307568e-06
1980,40,1603,1593,457,94,2,2,0.000627746390458,0.000627746390458,-3.94065530762e-07,1.00000000007,0.000628535264261,3.94560743416e-07
1980,40,1603,1593,457,97,2,3,0.000627746390458,0.000627746390458,NaN,NaN,0.00125786064199,3.94808738855e-07
1980,40,1603,1593,457,101,2,2,0.000627746390458,0.00125549278092,-7.88131061413e-07,0.999999999932,0.00125786064199,7.89617477709e-07
1980,40,1603,1593,457,105,2,2,0.000627746390458,0.291902071563,0.000444505918667,1.0,2.42733019938,0.00152374777111
1980,40,1603,1593,457,115,2,2,0.000627746390458,0.000627746390458,-3.94065530762e-07,1.00000000007,0.000628535264261,3.94560743416e-07
1980,40,1603,1593,457,123,2,3,0.000627746390458,0.000627746390458,NaN,NaN,0.00251888770473,7.90611332307e-07
1980,40,1603,1593,457,124,2,2,0.000627746390458,0.00188323917137,-1.18219659218e-06,0.999999999979,0.00188797762397,1.18517113871e-06
1980,40,1603,1593,457,130,2,2,0.000627746390458,0.000627746390458,-3.94065530762e-07,1.00000000007,0.000628535264261,3.94560743416e-07
1980,40,1603,1593,457,131,2,2,0.000627746390458,0.00125549278092,-7.88131061413e-07,0.999999999932,0.00125786064199,7.89617477709e-07
1980,40,1603,1593,457,140,2,3,0.000627746390458,0.00125549278092,NaN,NaN,0.00568538716309,1.78449063499e-06
1980,40,1603,1593,457,146,2,2,0.000627746390458,0.000627746390458,-3.94065530762e-07,1.00000000007,0.000628535264261,3.94560743416e-07
1980,40,1603,1593,457,149,2,2,0.000627746390458,0.000627746390458,-3.94065530762e-07,1.00000000007,0.000628535264261,3.94560743416e-07
1980,40,1603,1593,457,157,2,2,0.000627746390458,0.00125549278092,-7.88131061413e-07,0.999999999932,0.00125786064199,7.89617477709e-07
1980,40,1603,1593,457,159,2,2,0.000627746390458,0.00376647834275,-2.36439318435e-06,0.999999999979,0.00378309315956,2.37482307568e-06
1980,40,1603,1593,457,164,2,2,0.000627746390458,0.000627746390458,-3.94065530762e-07,1.00000000007,0.000628535264261,3.94560743416e-07
1980,40,1603,1593,457,167,2,2,0.000627746390458,0.00313873195229,-1.9703276537e-06,1.00000000002,0.00315059238257,1.97777299596e-06
1980,40,1603,1593,457,177,2,2,0.000627746390458,0.000627746390458,-3.94065530762e-07,1.00000000007,0.000628535264261,3.94560743416e-07
1980,40,1603,1592,457,186,2,2,0.000628140703518,0.000628140703518,-3.94560743411e-07,0.999999999988,0.000628930569147,3.95056890167e-07
1980,40,1603,1593,457,188,2,2,0.000627746390458,0.00627746390458,-3.94065530729e-06,0.999999999989,0.00632108743338,3.96803982007e-06
1980,40,1603,1593,457,192,2,3,0.000627746390458,0.000627746390458,NaN,NaN,0.00125786064199,3.94808738855e-07
1980,40,1603,1593,457,198,2,2,0.000627746390458,0.00313873195229,-1.9703276537e-06,1.00000000002,0.00315059238257,1.97777299596e-06
1980,40,1603,1593,457,200,2,2,0.000627746390458,0.00125549278092,-7.88131061413e-07,0.999999999932,0.00125786064199,7.89617477709e-07
1980,40,1603,1593,457,207,2,2,0.000627746390458,0.00816070307596,-5.12285189957e-06,1.00000000001,0.00823301634756,5.16824629476e-06
1980,40,1603,1593,457,208,2,2,0.000627746390458,0.000627746390458,-3.94065530762e-07,1.00000000007,0.000628535264261,3.94560743416e-07
1980,40,1603,1593,457,211,2,2,0.000627746390458,0.000627746390458,-3.94065530762e-07,1.00000000007,0.000628535264261,3.94560743416e-07
1980,40,1603,1593,457,215,2,2,0.000627746390458,0.00125549278092,-7.88131061413e-07,0.999999999932,0.00125786064199,7.89617477709e-07
1980,40,1603,1593,457,218,2,3,0.000627746390458,0.00125549278092,NaN,NaN,0.00505048903825,1.58521313191e-06
1980,40,1603,1593,457,220,2,2,0.000627746390458,0.00125549278092,-7.88131061413e-07,0.999999999932,0.00125786064199,7.89617477709e-07
1980,40,1603,1593,457,221,2,3,0.000627746390458,0.000627746390458,NaN,NaN,0.00125786064199,3.94808738855e-07
1980,40,1603,1593,457,222,2,2,0.000627746390458,0.000627746390458,-3.94065530762e-07,1.00000000007,0.000628535264261,3.94560743416e-07
1980,40,1603,1593,457,226,2,2,0.000627746390458,0.000627746390458,-3.94065530762e-07,1.00000000007,0.000628535264261,3.94560743416e-07
1980,40,1603,1593,457,227,2,2,0.000627746390458,0.000627746390458,-3.94065530762e-07,1.00000000007,0.000628535264261,3.94560743416e-07
1980,40,1603,1593,457,232,2,2,0.000627746390458,0.000627746390458,-3.94065530762e-07,1.00000000007,0.000628535264261,3.94560743416e-07
1980,40,1603,1593,457,233,2,2,0.000627746390458,0.000627746390458,-3.94065530762e-07,1.00000000007,0.000628535264261,3.94560743416e-07
1980,40,1603,1593,457,240,2,2,0.000627746390458,0.00188323917137,-1.18219659218e-06,0.999999999979,0.00188797762397,1.18517113871e-06
1980,40,1603,1593,457,244,2,2,0.000627746390458,0.000627746390458,-3.94065530762e-07,1.00000000007,0.000628535264261,3.94560743416e-07
1980,40,1603,1593,457,245,2,2,0.000627746390458,0.000627746390458,-3.94065530762e-07,1.00000000007,0.000628535264261,3.94560743416e-07
1980,40,1603,1593,458,15,2,2,0.000627746390458,0.000627746390458,-3.94065530762e-07,1.00000000007,0.000628535264261,3.94560743416e-07
1980,40,1603,1593,458,20,2,3,0.000627746390458,0.000627746390458,NaN,NaN,0.00125786064199,3.94808738855e-07
1980,40,1603,1593,458,22,2,2,0.000627746390458,0.00125549278092,-7.88131061413e-07,0.999999999932,0.00125786064199,7.89617477709e-07
1980,40,1603,1593,458,26,2,2,0.000627746390458,0.00376647834275,-2.36439318435e-06,0.999999999979,0.00378309315956,2.37482307568e-06
1980,40,1603,1593,458,33,2,2,0.000627746390458,0.000627746390458,-3.94065530762e-07,1.00000000007,0.000628535264261,3.94560743416e-07
1980,40,1603,1593,458,35,2,2,0.000627746390458,0.000627746390458,-3.94065530762e-07,1.00000000007,0.000628535264261,3.94560743416e-07
1980,40,1603,1593,458,46,2,3,0.000627746390458,0.000627746390458,NaN,NaN,0.00125786064199,3.94808738855e-07
1980,40,1603,1593,458,48,2,2,0.000627746390458,0.000627746390458,-3.94065530762e-07,1.00000000007,0.000628535264261,3.94560743416e-07
1980,40,1603,1593,458,49,2,2,0.000627746390458,0.000627746390458,-3.94065530762e-07,1.00000000007,0.000628535264261,3.94560743416e-07
1980,40,1603,1593,458,55,2,2,0.000627746390458,0.000627746390458,-3.94065530762e-07,1.00000000007,0.000628535264261,3.94560743416e-07
1980,40,1603,1593,458,60,2,2,0.000627746390458,0.000627746390458,-3.94065530762e-07,1.00000000007,0.000628535264261,3.94560743416e-07
1980,40,1603,1593,458,64,2,2,0.000627746390458,0.00251098556183,-1.57626212294e-06,1.0,0.00251888770473,1.58122266461e-06
1980,40,1603,1593,458,73,2,2,0.000627746390458,0.000627746390458,-3.94065530762e-07,1.00000000007,0.000628535264261,3.94560743416e-07
1980,40,1603,1593,458,77,2,2,0.000627746390458,0.00376647834275,-2.36439318435e-06,0.999999999979,0.00378309315956,2.37482307568e-06
1980,40,1603,1593,458,94,2,2,0.000627746390458,0.000627746390458,-3.94065530762e-07,1.00000000007,0.000628535264261,3.94560743416e-07
1980,40,1603,1593,458,97,2,3,0.000627746390458,0.000627746390458,NaN,NaN,0.00125786064199,3.94808738855e-07
1980,40,1603,1593,458,101,2,2,0.000627746390458,0.00125549278092,-7.88131061413e-07,0.999999999932,0.00125786064199,7.89617477709e-07
1980,40,1603,1593,458,105,2,2,0.000627746390458,0.291902071563,-0.000183240471791,1.0,0.412492983535,0.000258940981503
1980,40,1603,1593,458,115,2,2,0.000627746390458,0.000627746390458,-3.94065530762e-07,1.00000000007,0.000628535264261,3.94560743416e-07
1980,40,1603,1593,458,123,2,3,0.000627746390458,0.000627746390458,NaN,NaN,0.00251888770473,7.90611332307e-07
1980,40,1603,1593,458,124,2,2,0.000627746390458,0.00188323917137,-1.18219659218e-06,0.999999999979,0.00188797762397,1.18517113871e-06
1980,40,1603,1593,458,130,2,2,0.000627746390458,0.000627746390458,-3.94065530762e-07,1.00000000007,0.000628535264261,3.94560743416e-07
1980,40,1603,1593,458,131,2,2,0.000627746390458,0.00125549278092,-7.88131061413e-07,0.999999999932,0.00125786064199,7.89617477709e-07
1980,40,1603,1593,458,140,2,3,0.000627746390458,0.00125549278092,NaN,NaN,0.00568538716309,1.78449063499e-06
1980,40,1603,1593,458,146,2,2,0.000627746390458,0.000627746390458,-3.94065530762e-07,1.00000000007,0.000628535264261,3.94560743416e-07
1980,40,1603,1593,458,149,2,2,0.000627746390458,0.000627746390458,-3.94065530762e-07,1.00000000007,0.000628535264261,3.94560743416e-07
1980,40,1603,1593,458,157,2,2,0.000627746390458,0.00125549278092,-7.88131061413e-07,0.999999999932,0.00125786064199,7.89617477709e-07
1980,40,1603,1593,458,159,2,2,0.000627746390458,0.00376647834275,-2.36439318435e-06,0.999999999979,0.00378309315956,2.37482307568e-06
1980,40,1603,1593,458,164,2,2,0.000627746390458,0.000627746390458,-3.94065530762e-07,1.00000000007,0.000628535264261,3.94560743416e-07
1980,40,1603,1593,458,167,2,2,0.000627746390458,0.00313873195229,-1.9703276537e-06,1.00000000002,0.00315059238257,1.97777299596e-06
1980,40,1603,1593,458,177,2,2,0.000627746390458,0.000627746390458,-3.94065530762e-07,1.00000000007,0.000628535264261,3.94560743416e-07
1980,40,1603,1592,458,186,2,2,0.000628140703518,0.000628140703518,-3.94560743411e-07,0.999999999988,0.000628930569147,3.95056890167e-07
1980,40,1603,1593,458,188,2,2,0.000627746390458,0.00627746390458,-3.94065530729e-06,0.999999999989,0.00632108743338,3.96803982007e-06
1980,40,1603,1593,458,192,2,3,0.000627746390458,0.000627746390458,NaN,NaN,0.00125786064199,3.94808738855e-07
1980,40,1603,1593,458,198,2,2,0.000627746390458,0.00313873195229,-1.9703276537e-06,1.00000000002,0.00315059238257,1.97777299596e-06
1980,40,1603,1593,458,200,2,2,0.000627746390458,0.00125549278092,-7.88131061413e-07,0.999999999932,0.00125786064199,7.89617477709e-07
1980,40,1603,1593,458,207,2,2,0.000627746390458,0.00816070307596,-5.12285189957e-06,1.00000000001,0.00823301634756,5.16824629476e-06
1980,40,1603,1593,458,208,2,2,0.000627746390458,0.000627746390458,-3.94065530762e-07,1.00000000007,0.000628535264261,3.94560743416e-07
1980,40,1603,1593,458,211,2,2,0.000627746390458,0.000627746390458,-3.94065530762e-07,1.00000000007,0.000628535264261,3.94560743416e-07
1980,40,1603,1593,458,215,2,2,0.000627746390458,0.00125549278092,-7.88131061413e-07,0.999999999932,0.00125786064199,7.89617477709e-07
1980,40,1603,1593,458,218,2,3,0.000627746390458,0.00125549278092,NaN,NaN,0.00505048903825,1.58521313191e-06
1980,40,1603,1593,458,220,2,2,0.000627746390458,0.00125549278092,-7.88131061413e-07,0.999999999932,0.00125786064199,7.89617477709e-07
1980,40,1603,1593,458,221,2,3,0.000627746390458,0.000627746390458,NaN,NaN,0.00125786064199,3.94808738855e-07
1980,40,1603,1593,458,222,2,2,0.000627746390458,0.000627746390458,-3.94065530762e-07,1.00000000007,0.000628535264261,3.94560743416e-07
1980,40,1603,1593,458,226,2,2,0.000627746390458,0.000627746390458,-3.94065530762e-07,1.00000000007,0.000628535264261,3.94560743416e-07
1980,40,1603,1593,458,227,2,2,0.000627746390458,0.000627746390458,-3.94065530762e-07,1.00000000007,0.000628535264261,3.94560743416e-07
1980,40,1603,1593,458,232,2,2,0.000627746390458,0.000627746390458,-3.94065530762e-07,1.00000000007,0.000628535264261,3.94560743416e-07
1980,40,1603,1593,458,233,2,2,0.000627746390458,0.000627746390458,-3.94065530762e-07,1.00000000007,0.000628535264261,3.94560743416e-07
1980,40,1603,1593,458,240,2,2,0.000627746390458,0.00188323917137,-1.18219659218e-06,0.999999999979,0.00188797762397,1.18517113871e-06
1980,40,1603,1593,458,244,2,2,0.000627746390458,0.000627746390458,-3.94065530762e-07,1.00000000007,0.000628535264261,3.94560743416e-07
1980,40,1603,1593,458,245,2,2,0.000627746390458,0.000627746390458,-3.94065530762e-07,1.00000000007,0.000628535264261,3.94560743416e-07
1980,40,1603,1593,459,15,2,2,0.000627746390458,0.000627746390458,-3.94065530762e-07,1.00000000007,0.000628535264261,3.94560743416e-07
1980,40,1603,1593,459,20,2,3,0.000627746390458,0.000627746390458,NaN,NaN,0.00125786064199,3.94808738855e-07
1980,40,1603,1593,459,22,2,2,0.000627746390458,0.00125549278092,-7.88131061413e-07,0.999999999932,0.00125786064199,7.89617477709e-07
1980,40,1603,1593,459,26,2,2,0.000627746390458,0.00376647834275,-2.36439318435e-06,0.999999999979,0.00378309315956,2.37482307568e-06
1980,40,1603,1593,459,33,2,2,0.000627746390458,0.000627746390458,-3.94065530762e-07,1.00000000007,0.000628535264261,3.94560743416e-07
1980,40,1603,1593,459,35,2,2,0.000627746390458,0.000627746390458,-3.94065530762e-07,1.00000000007,0.000628535264261,3.94560743416e-07
1980,40,1603,1593,459,46,2,3,0.000627746390458,0.000627746390458,NaN,NaN,0.00125786064199,3.94808738855e-07
1980,40,1603,1593,459,48,2,2,0.000627746390458,0.000627746390458,-3.94065530762e-07,1.00000000007,0.000628535264261,3.94560743416e-07
1980,40,1603,1593,459,49,2,2,0.000627746390458,0.000627746390458,-3.94065530762e-07,1.00000000007,0.000628535264261,3.94560743416e-07
1980,40,1603,1593,459,55,2,2,0.000627746390458,0.000627746390458,-3.94065530762e-07,1.00000000007,0.000628535264261,3.94560743416e-07
1980,40,1603,1593,459,60,2,2,0.000627746390458,0.000627746390458,-3.94065530762e-07,1.00000000007,0.000628535264261,3.94560743416e-07
1980,40,1603,1593,459,64,2,2,0.000627746390458,0.00251098556183,-1.57626212294e-06,1.0,0.00251888770473,1.58122266461e-06
1980,40,1603,1593,459,73,2,2,0.000627746390458,0.000627746390458,-3.94065530762e-07,1.00000000007,0.000628535264261,3.94560743416e-07
1980,40,1603,1593,459,77,2,2,0.000627746390458,0.00376647834275,-2.36439318435e-06,0.999999999979,0.00378309315956,2.37482307568e-06
1980,40,1603,1593,459,94,2,2,0.000627746390458,0.000627746390458,-3.94065530762e-07,1.00000000007,0.000628535264261,3.94560743416e-07
1980,40,1603,1593,459,97,2,3,0.000627746390458,0.000627746390458,NaN,NaN,0.00125786064199,3.94808738855e-07
1980,40,1603,1593,459,101,2,2,0.000627746390458,0.00125549278092,-7.88131061413e-07,0.999999999932,0.00125786064199,7.89617477709e-07
1980,40,1603,1593,459,105,2,2,0.000627746390458,0.291902071563,0.000444505918667,1.0,2.42733019938,0.00152374777111
1980,40,1603,1593,459,115,2,2,0.000627746390458,0.000627746390458,-3.94065530762e-07,1.00000000007,0.000628535264261,3.94560743416e-07
1980,40,1603,1593,459,123,2,3,0.000627746390458,0.000627746390458,NaN,NaN,0.00251888770473,7.90611332307e-07
1980,40,1603,1593,459,124,2,2,0.000627746390458,0.00188323917137,-1.18219659218e-06,0.999999999979,0.00188797762397,1.18517113871e-06
1980,40,1603,1593,459,130,2,2,0.000627746390458,0.000627746390458,-3.94065530762e-07,1.00000000007,0.000628535264261,3.94560743416e-07
1980,40,1603,1593,459,131,2,2,0.000627746390458,0.00125549278092,-7.88131061413e-07,0.999999999932,0.00125786064199,7.89617477709e-07
1980,40,1603,1593,459,140,2,3,0.000627746390458,0.00125549278092,NaN,NaN,0.00568538716309,1.78449063499e-06
1980,40,1603,1593,459,146,2,2,0.000627746390458,0.000627746390458,-3.94065530762e-07,1.00000000007,0.000628535264261,3.94560743416e-07
1980,40,1603,1593,459,149,2,2,0.000627746390458,0.000627746390458,-3.94065530762e-07,1.00000000007,0.000628535264261,3.94560743416e-07
1980,40,1603,1593,459,157,2,2,0.000627746390458,0.00125549278092,-7.88131061413e-07,0.999999999932,0.00125786064199,7.89617477709e-07
1980,40,1603,1593,459,159,2,2,0.000627746390458,0.00376647834275,-2.36439318435e-06,0.999999999979,0.00378309315956,2.37482307568e-06
1980,40,1603,1593,459,164,2,2,0.000627746390458,0.000627746390458,-3.94065530762e-07,1.00000000007,0.000628535264261,3.94560743416e-07
1980,40,1603,1593,459,167,2,2,0.000627746390458,0.00313873195229,-1.9703276537e-06,1.00000000002,0.00315059238257,1.97777299596e-06
1980,40,1603,1593,459,177,2,2,0.000627746390458,0.000627746390458,-3.94065530762e-07,1.00000000007,0.000628535264261,3.94560743416e-07
1980,40,1603,1592,459,186,2,2,0.000628140703518,0.000628140703518,-3.94560743411e-07,0.999999999988,0.000628930569147,3.95056890167e-07
1980,40,1603,1593,459,188,2,2,0.000627746390458,0.00627746390458,-3.94065530729e-06,0.999999999989,0.00632108743338,3.96803982007e-06
1980,40,1603,1593,459,192,2,3,0.000627746390458,0.000627746390458,NaN,NaN,0.00125786064199,3.94808738855e-07
1980,40,1603,1593,459,198,2,2,0.000627746390458,0.00313873195229,-1.9703276537e-06,1.00000000002,0.00315059238257,1.97777299596e-06
1980,40,1603,1593,459,200,2,2,0.000627746390458,0.00125549278092,-7.88131061413e-07,0.999999999932,0.00125786064199,7.89617477709e-07
1980,40,1603,1593,459,207,2,2,0.000627746390458,0.00816070307596,-5.12285189957e-06,1.00000000001,0.00823301634756,5.16824629476e-06
1980,40,1603,1593,459,208,2,2,0.000627746390458,0.000627746390458,-3.94065530762e-07,1.00000000007,0.000628535264261,3.94560743416e-07
1980,40,1603,1593,459,211,2,2,0.000627746390458,0.000627746390458,-3.94065530762e-07,1.00000000007,0.000628535264261,3.94560743416e-07
1980,40,1603,1593,459,215,2,2,0.000627746390458,0.00125549278092,-7.88131061413e-07,0.999999999932,0.00125786064199,7.89617477709e-07
1980,40,1603,1593,459,218,2,3,0.000627746390458,0.00125549278092,NaN,NaN,0.00505048903825,1.58521313191e-06
1980,40,1603,1593,459,220,2,2,0.000627746390458,0.00125549278092,-7.88131061413e-07,0.999999999932,0.00125786064199,7.89617477709e-07
1980,40,1603,1593,459,221,2,3,0.000627746390458,0.000627746390458,NaN,NaN,0.00125786064199,3.94808738855e-07
1980,40,1603,1593,459,222,2,2,0.000627746390458,0.000627746390458,-3.94065530762e-07,1.00000000007,0.000628535264261,3.94560743416e-07
1980,40,1603,1593,459,226,2,2,0.000627746390458,0.000627746390458,-3.94065530762e-07,1.00000000007,0.000628535264261,3.94560743416e-07
1980,40,1603,1593,459,227,2,2,0.000627746390458,0.000627746390458,-3.94065530762e-07,1.00000000007,0.000628535264261,3.94560743416e-07
1980,40,1603,1593,459,232,2,2,0.000627746390458,0.000627746390458,-3.94065530762e-07,1.00000000007,0.000628535264261,3.94560743416e-07
1980,40,1603,1593,459,233,2,2,0.000627746390458,0.000627746390458,-3.94065530762e-07,1.00000000007,0.000628535264261,3.94560743416e-07
1980,40,1603,1593,459,240,2,2,0.000627746390458,0.00188323917137,-1.18219659218e-06,0.999999999979,0.00188797762397,1.18517113871e-06
1980,40,1603,1593,459,244,2,2,0.000627746390458,0.000627746390458,-3.94065530762e-07,1.00000000007,0.000628535264261,3.94560743416e-07
1980,40,1603,1593,459,245,2,2,0.000627746390458,0.000627746390458,-3.94065530762e-07,1.00000000007,0.000628535264261,3.94560743416e-07
1980,40,1603,1593,460,15,3,2,0.000627746390458,0.000627746390458,NaN,NaN,0.00125786064199,3.94808738855e-07
1980,40,1603,1593,460,20,3,3,0.000627746390458,0.000627746390458,NaN,NaN,0.00251730250415,3.95056890167e-07
1980,40,1603,1593,460,22,3,2,0.000627746390458,0.00125549278092,NaN,NaN,0.00251730250415,7.90113780335e-07
1980,40,1603,1593,460,26,3,2,0.000627746390458,0.00376647834275,NaN,NaN,0.00757094193591,2.37631573632e-06
1980,40,1603,1593,460,33,3,2,0.000627746390458,0.000627746390458,NaN,NaN,0.00125786064199,3.94808738855e-07
1980,40,1603,1593,460,35,3,2,0.000627746390458,0.000627746390458,NaN,NaN,0.00125786064199,3.94808738855e-07
1980,40,1603,1593,460,46,3,3,0.000627746390458,0.000627746390458,NaN,NaN,0.00251730250415,3.95056890167e-07
1980,40,1603,1593,460,48,3,2,0.000627746390458,0.000627746390458,NaN,NaN,0.00125786064199,3.94808738855e-07
1980,40,1603,1593,460,49,3,2,0.000627746390458,0.000627746390458,NaN,NaN,0.00125786064199,3.94808738855e-07
1980,40,1603,1593,460,55,3,2,0.000627746390458,0.000627746390458,NaN,NaN,0.00125786064199,3.94808738855e-07
1980,40,1603,1593,460,60,3,2,0.000627746390458,0.000627746390458,NaN,NaN,0.00125786064199,3.94808738855e-07
1980,40,1603,1593,460,64,3,2,0.000627746390458,0.00251098556183,NaN,NaN,0.00504094183021,1.58221651921e-06
1980,40,1603,1593,460,73,3,2,0.000627746390458,0.000627746390458,NaN,NaN,0.00125786064199,3.94808738855e-07
1980,40,1603,1593,460,77,3,2,0.000627746390458,0.00376647834275,NaN,NaN,0.00757094193591,2.37631573632e-06
1980,40,1603,1593,460,94,3,2,0.000627746390458,0.000627746390458,NaN,NaN,0.00125786064199,3.94808738855e-07
1980,40,1603,1593,460,97,3,3,0.000627746390458,0.000627746390458,NaN,NaN,0.00251730250415,3.95056890167e-07
1980,40,1603,1593,460,101,3,2,0.000627746390458,0.00125549278092,NaN,NaN,0.00251730250415,7.90113780335e-07
1980,40,1603,1593,460,105,3,2,0.000627746390458,0.291902071563,NaN,NaN,2.83856723238,0.000890950167099
1980,40,1603,1593,460,115,3,2,0.000627746390458,0.000627746390458,NaN,NaN,0.00125786064199,3.94808738855e-07
1980,40,1603,1593,460,123,3,3,0.000627746390458,0.000627746390458,NaN,NaN,0.00504094183021,7.91108259605e-07
1980,40,1603,1593,460,124,3,2,0.000627746390458,0.00188323917137,NaN,NaN,0.0037783285699,1.18591606086e-06
1980,40,1603,1593,460,130,3,2,0.000627746390458,0.000627746390458,NaN,NaN,0.00125786064199,3.94808738855e-07
1980,40,1603,1593,460,131,3,2,0.000627746390458,0.00125549278092,NaN,NaN,0.00251730250415,7.90113780335e-07
1980,40,1603,1593,460,140,3,3,0.000627746390458,0.00125549278092,NaN,NaN,0.0113779212616,1.78561225073e-06
1980,40,1603,1593,460,146,3,2,0.000627746390458,0.000627746390458,NaN,NaN,0.00125786064199,3.94808738855e-07
1980,40,1603,1593,460,149,3,2,0.000627746390458,0.000627746390458,NaN,NaN,0.00125786064199,3.94808738855e-07
1980,40,1603,1593,460,157,3,2,0.000627746390458,0.00125549278092,NaN,NaN,0.00251730250415,7.90113780335e-07
1980,40,1603,1593,460,159,3,2,0.000627746390458,0.00376647834275,NaN,NaN,0.00757094193591,2.37631573632e-06
1980,40,1603,1593,460,164,3,2,0.000627746390458,0.000627746390458,NaN,NaN,0.00125786064199,3.94808738855e-07
1980,40,1603,1593,460,167,3,2,0.000627746390458,0.00313873195229,NaN,NaN,0.00630514528353,1.97901609653e-06
1980,40,1603,1593,460,177,3,2,0.000627746390458,0.000627746390458,NaN,NaN,0.00125786064199,3.94808738855e-07
1980,40,1603,1592,460,186,3,2,0.000628140703518,0.000628140703518,NaN,NaN,0.00125865224593,3.9530535362e-07
1980,40,1603,1593,460,188,3,2,0.000627746390458,0.00627746390458,NaN,NaN,0.0126501209226,3.97053387401e-06
1980,40,1603,1593,460,192,3,3,0.000627746390458,0.000627746390458,NaN,NaN,0.00251730250415,3.95056890167e-07
1980,40,1603,1593,460,198,3,2,0.000627746390458,0.00313873195229,NaN,NaN,0.00630514528353,1.97901609653e-06
1980,40,1603,1593,460,200,3,2,0.000627746390458,0.00125549278092,NaN,NaN,0.00251730250415,7.90113780335e-07
1980,40,1603,1593,460,207,3,2,0.000627746390458,0.00816070307596,NaN,NaN,0.0164763821814,5.1714947211e-06
1980,40,1603,1593,460,208,3,2,0.000627746390458,0.000627746390458,NaN,NaN,0.00125786064199,3.94808738855e-07
1980,40,1603,1593,460,211,3,2,0.000627746390458,0.000627746390458,NaN,NaN,0.00125786064199,3.94808738855e-07
1980,40,1603,1593,460,215,3,2,0.000627746390458,0.00125549278092,NaN,NaN,0.00251730250415,7.90113780335e-07
1980,40,1603,1593,460,218,3,3,0.000627746390458,0.00125549278092,NaN,NaN,0.0101073268999,1.58620949465e-06
1980,40,1603,1593,460,220,3,2,0.000627746390458,0.00125549278092,NaN,NaN,0.00251730250415,7.90113780335e-07
1980,40,1603,1593,460,221,3,3,0.000627746390458,0.000627746390458,NaN,NaN,0.00251730250415,3.95056890167e-07
1980,40,1603,1593,460,222,3,2,0.000627746390458,0.000627746390458,NaN,NaN,0.00125786064199,3.94808738855e-07
1980,40,1603,1593,460,226,3,2,0.000627746390458,0.000627746390458,NaN,NaN,0.00125786064199,3.94808738855e-07
1980,40,1603,1593,460,227,3,2,0.000627746390458,0.000627746390458,NaN,NaN,0.00125786064199,3.94808738855e-07
1980,40,1603,1593,460,232,3,2,0.000627746390458,0.000627746390458,NaN,NaN,0.00125786064199,3.94808738855e-07
1980,40,1603,1593,460,233,3,2,0.000627746390458,0.000627746390458,NaN,NaN,0.00125786064199,3.94808738855e-07
1980,40,1603,1593,460,240,3,2,0.000627746390458,0.00188323917137,NaN,NaN,0.0037783285699,1.18591606086e-06
1980,40,1603,1593,460,244,3,2,0.000627746390458,0.000627746390458,NaN,NaN,0.00125786064199,3.94808738855e-07
1980,40,1603,1593,460,245,3,2,0.000627746390458,0.000627746390458,NaN,NaN,0.00125786064199,3.94808738855e-07
1980,40,1603,1593,465,15,2,2,0.00188323917137,0.000627746390458,-1.18219659218e-06,0.999999999979,0.00188797762397,1.18517113871e-06
1980,40,1603,1593,465,20,2,3,0.00188323917137,0.000627746390458,NaN,NaN,0.0037783285699,1.18591606086e-06
1980,40,1603,1593,465,22,2,2,0.00188323917137,0.00125549278092,0.000625381997274,0.499056603774,264.332811333,0.165933968194
1980,40,1603,1593,465,26,2,2,0.00188323917137,0.00376647834275,-7.09317955305e-06,0.999999999979,0.0113635553019,7.13343082355e-06
1980,40,1603,1593,465,33,2,2,0.00188323917137,0.000627746390458,-1.18219659218e-06,0.999999999979,0.00188797762397,1.18517113871e-06
1980,40,1603,1593,465,35,2,2,0.00188323917137,0.000627746390458,-1.18219659218e-06,0.999999999979,0.00188797762397,1.18517113871e-06
1980,40,1603,1593,465,46,2,3,0.00188323917137,0.000627746390458,NaN,NaN,0.0037783285699,1.18591606086e-06
1980,40,1603,1593,465,48,2,2,0.00188323917137,0.000627746390458,-1.18219659218e-06,0.999999999979,0.00188797762397,1.18517113871e-06
1980,40,1603,1593,465,49,2,2,0.00188323917137,0.000627746390458,-1.18219659218e-06,0.999999999979,0.00188797762397,1.18517113871e-06
1980,40,1603,1593,465,55,2,2,0.00188323917137,0.000627746390458,-1.18219659218e-06,0.999999999979,0.00188797762397,1.18517113871e-06
1980,40,1603,1593,465,60,2,2,0.00188323917137,0.000627746390458,-1.18219659218e-06,0.999999999979,0.00188797762397,1.18517113871e-06
1980,40,1603,1593,465,64,2,2,0.00188323917137,0.00251098556183,-4.72878636881e-06,1.0,0.00756616835081,4.74963487182e-06
1980,40,1603,1593,465,73,2,2,0.00188323917137,0.000627746390458,-1.18219659218e-06,0.999999999979,0.00188797762397,1.18517113871e-06
1980,40,1603,1593,465,77,2,2,0.00188323917137,0.00376647834275,-7.09317955305e-06,0.999999999979,0.0113635553019,7.13343082355e-06
1980,40,1603,1593,465,94,2,2,0.00188323917137,0.000627746390458,-1.18219659218e-06,0.999999999979,0.00188797762397,1.18517113871e-06
1980,40,1603,1593,465,97,2,3,0.00188323917137,0.000627746390458,NaN,NaN,0.0037783285699,1.18591606086e-06
1980,40,1603,1593,465,101,2,2,0.00188323917137,0.00125549278092,-2.36439318435e-06,0.999999999979,0.0037783285699,2.37183212172e-06
1980,40,1603,1593,465,105,2,2,0.00188323917137,0.291902071563,7.80249750854e-05,0.058510638298,0.0249612152135,1.56693127517e-05
1980,40,1603,1593,465,115,2,2,0.00188323917137,0.000627746390458,-1.18219659218e-06,0.999999999979,0.00188797762397,1.18517113871e-06
1980,40,1603,1593,465,123,2,3,0.00188323917137,0.000627746390458,NaN,NaN,0.00756616835081,2.37481743591e-06
1980,40,1603,1593,465,124,2,2,0.00188323917137,0.00188323917137,-3.54658977664e-06,1.00000000001,0.00567105731577,3.55998576006e-06
1980,40,1603,1593,465,130,2,2,0.00188323917137,0.000627746390458,-1.18219659218e-06,0.999999999979,0.00188797762397,1.18517113871e-06
1980,40,1603,1593,465,131,2,2,0.00188323917137,0.00125549278092,-2.36439318435e-06,0.999999999979,0.0037783285699,2.37183212172e-06
1980,40,1603,1593,465,140,2,3,0.00188323917137,0.00125549278092,NaN,NaN,0.0170776157804,5.3602058319e-06
1980,40,1603,1593,465,146,2,2,0.00188323917137,0.000627746390458,-1.18219659218e-06,0.999999999979,0.00188797762397,1.18517113871e-06
1980,40,1603,1593,465,149,2,2,0.00188323917137,0.000627746390458,-1.18219659218e-06,0.999999999979,0.00188797762397,1.18517113871e-06
1980,40,1603,1593,465,157,2,2,0.00188323917137,0.00125549278092,-2.36439318435e-06,0.999999999979,0.0037783285699,2.37183212172e-06
1980,40,1603,1593,465,159,2,2,0.00188323917137,0.00376647834275,-7.09317955305e-06,0.999999999979,0.0113635553019,7.13343082355e-06
1980,40,1603,1593,465,164,2,2,0.00188323917137,0.000627746390458,-1.18219659218e-06,0.999999999979,0.00188797762397,1.18517113871e-06
1980,40,1603,1593,465,167,2,2,0.00188323917137,0.00313873195229,-5.91098296099e-06,0.999999999998,0.00946366617556,5.94078228221e-06
1980,40,1603,1593,465,177,2,2,0.00188323917137,0.000627746390458,-1.18219659218e-06,0.999999999979,0.00188797762397,1.18517113871e-06
1980,40,1603,1592,465,186,2,2,0.00188442211055,0.000628140703518,-1.18368223023e-06,0.999999999988,0.00188916652394,1.18666238941e-06
1980,40,1603,1593,465,188,2,2,0.00188323917137,0.00627746390458,-1.1821965922e-05,0.999999999998,0.0189871154603,1.19190931954e-05
1980,40,1603,1593,465,192,2,3,0.00188323917137,0.000627746390458,NaN,NaN,0.0037783285699,1.18591606086e-06
1980,40,1603,1593,465,198,2,2,0.00188323917137,0.00313873195229,-5.91098296099e-06,0.999999999998,0.00946366617556,5.94078228221e-06
1980,40,1603,1593,465,200,2,2,0.00188323917137,0.00125549278092,-2.36439318435e-06,0.999999999979,0.0037783285699,2.37183212172e-06
1980,40,1603,1593,465,207,2,2,0.00188323917137,0.00816070307596,-1.53685556986e-05,1.0,0.0247301170289,1.55242417005e-05
1980,40,1603,1593,465,208,2,2,0.00188323917137,0.000627746390458,-1.18219659218e-06,0.999999999979,0.00188797762397,1.18517113871e-06
1980,40,1603,1593,465,211,2,2,0.00188323917137,0.000627746390458,-1.18219659218e-06,0.999999999979,0.00188797762397,1.18517113871e-06
1980,40,1603,1593,465,215,2,2,0.00188323917137,0.00125549278092,-2.36439318435e-06,0.999999999979,0.0037783285699,2.37183212172e-06
1980,40,1603,1593,465,218,2,3,0.00188323917137,0.00125549278092,NaN,NaN,0.015170525564,4.76162133206e-06
1980,40,1603,1593,465,220,2,2,0.00188323917137,0.00125549278092,-2.36439318435e-06,0.999999999979,0.0037783285699,2.37183212172e-06
1980,40,1603,1593,465,221,2,3,0.00188323917137,0.000627746390458,NaN,NaN,0.0037783285699,1.18591606086e-06
1980,40,1603,1593,465,222,2,2,0.00188323917137,0.000627746390458,-1.18219659218e-06,0.999999999979,0.00188797762397,1.18517113871e-06
1980,40,1603,1593,465,226,2,2,0.00188323917137,0.000627746390458,-1.18219659218e-06,0.999999999979,0.00188797762397,1.18517113871e-06
1980,40,1603,1593,465,227,2,2,0.00188323917137,0.000627746390458,-1.18219659218e-06,0.999999999979,0.00188797762397,1.18517113871e-06
1980,40,1603,1593,465,232,2,2,0.00188323917137,0.000627746390458,-1.18219659218e-06,0.999999999979,0.00188797762397,1.18517113871e-06
1980,40,1603,1593,465,233,2,2,0.00188323917137,0.000627746390458,-1.18219659218e-06,0.999999999979,0.00188797762397,1.18517113871e-06
1980,40,1603,1593,465,240,2,2,0.00188323917137,0.00188323917137,-3.54658977664e-06,1.00000000001,0.00567105731577,3.55998576006e-06
1980,40,1603,1593,465,244,2,2,0.00188323917137,0.000627746390458,-1.18219659218e-06,0.999999999979,0.00188797762397,1.18517113871e-06
1980,40,1603,1593,465,245,2,2,0.00188323917137,0.000627746390458,-1.18219659218e-06,0.999999999979,0.00188797762397,1.18517113871e-06
1980,40,1603,1593,467,15,2,2,0.00125549278092,0.000627746390458,-7.88131061413e-07,0.999999999932,0.00125786064199,7.89617477709e-07
1980,40,1603,1593,467,20,2,3,0.00125549278092,0.000627746390458,NaN,NaN,0.00251730250415,7.90113780335e-07
1980,40,1603,1593,467,22,2,2,0.00125549278092,0.00125549278092,-1.57626212294e-06,1.0,0.00251730250415,1.58022756067e-06
1980,40,1603,1593,467,26,2,2,0.00125549278092,0.00376647834275,-4.72878636881e-06,1.0,0.00757094193591,4.75263147264e-06
1980,40,1603,1593,467,33,2,2,0.00125549278092,0.000627746390458,-7.88131061413e-07,0.999999999932,0.00125786064199,7.89617477709e-07
1980,40,1603,1593,467,35,2,2,0.00125549278092,0.000627746390458,-7.88131061413e-07,0.999999999932,0.00125786064199,7.89617477709e-07
1980,40,1603,1593,467,46,2,3,0.00125549278092,0.000627746390458,NaN,NaN,0.00251730250415,7.90113780335e-07
1980,40,1603,1593,467,48,2,2,0.00125549278092,0.000627746390458,-7.88131061413e-07,0.999999999932,0.00125786064199,7.89617477709e-07
1980,40,1603,1593,467,49,2,2,0.00125549278092,0.000627746390458,-7.88131061413e-07,0.999999999932,0.00125786064199,7.89617477709e-07
1980,40,1603,1593,467,55,2,2,0.00125549278092,0.000627746390458,-7.88131061413e-07,0.999999999932,0.00125786064199,7.89617477709e-07
1980,40,1603,1593,467,60,2,2,0.00125549278092,0.000627746390458,-7.88131061413e-07,0.999999999932,0.00125786064199,7.89617477709e-07
1980,40,1603,1593,467,64,2,2,0.00125549278092,0.00251098556183,-3.15252424588e-06,1.0,0.00504094183021,3.16443303842e-06
1980,40,1603,1593,467,73,2,2,0.00125549278092,0.000627746390458,-7.88131061413e-07,0.999999999932,0.00125786064199,7.89617477709e-07
1980,40,1603,1593,467,77,2,2,0.00125549278092,0.00376647834275,-4.72878636881e-06,1.0,0.00757094193591,4.75263147264e-06
1980,40,1603,1593,467,94,2,2,0.00125549278092,0.000627746390458,-7.88131061413e-07,0.999999999932,0.00125786064199,7.89617477709e-07
1980,40,1603,1593,467,97,2,3,0.00125549278092,0.000627746390458,NaN,NaN,0.00251730250415,7.90113780335e-07
1980,40,1603,1593,467,101,2,2,0.00125549278092,0.00125549278092,-1.57626212294e-06,1.0,0.00251730250415,1.58022756067e-06
1980,40,1603,1593,467,105,2,2,0.00125549278092,0.291902071563,0.000261265446876,0.293882978723,0.419546985294,0.000263369105646
1980,40,1603,1593,467,115,2,2,0.00125549278092,0.000627746390458,-7.88131061413e-07,0.999999999932,0.00125786064199,7.89617477709e-07
1980,40,1603,1593,467,123,2,3,0.00125549278092,0.000627746390458,NaN,NaN,0.00504094183021,1.58221651921e-06
1980,40,1603,1593,467,124,2,2,0.00125549278092,0.00188323917137,-2.36439318435e-06,0.999999999979,0.0037783285699,2.37183212172e-06
1980,40,1603,1593,467,130,2,2,0.00125549278092,0.000627746390458,-7.88131061413e-07,0.999999999932,0.00125786064199,7.89617477709e-07
1980,40,1603,1593,467,131,2,2,0.00125549278092,0.00125549278092,-1.57626212294e-06,1.0,0.00251730250415,1.58022756067e-06
1980,40,1603,1593,467,140,2,3,0.00125549278092,0.00125549278092,NaN,NaN,0.0113779212616,3.57122450146e-06
1980,40,1603,1593,467,146,2,2,0.00125549278092,0.000627746390458,-7.88131061413e-07,0.999999999932,0.00125786064199,7.89617477709e-07
1980,40,1603,1593,467,149,2,2,0.00125549278092,0.000627746390458,-7.88131061413e-07,0.999999999932,0.00125786064199,7.89617477709e-07
1980,40,1603,1593,467,157,2,2,0.00125549278092,0.00125549278092,-1.57626212294e-06,1.0,0.00251730250415,1.58022756067e-06
1980,40,1603,1593,467,159,2,2,0.00125549278092,0.00376647834275,-4.72878636881e-06,1.0,0.00757094193591,4.75263147264e-06
1980,40,1603,1593,467,164,2,2,0.00125549278092,0.000627746390458,-7.88131061413e-07,0.999999999932,0.00125786064199,7.89617477709e-07
1980,40,1603,1593,467,167,2,2,0.00125549278092,0.00313873195229,-3.94065530729e-06,0.999999999989,0.00630514528353,3.95803219305e-06
1980,40,1603,1593,467,177,2,2,0.00125549278092,0.000627746390458,-7.88131061413e-07,0.999999999932,0.00125786064199,7.89617477709e-07
1980,40,1603,1592,467,186,2,2,0.00125628140704,0.000628140703518,-7.89121486822e-07,0.999999999988,0.00125865224593,7.90610707241e-07
1980,40,1603,1593,467,188,2,2,0.00125549278092,0.00627746390458,-7.88131061469e-06,1.0,0.0126501209226,7.94106774803e-06
1980,40,1603,1593,467,192,2,3,0.00125549278092,0.000627746390458,NaN,NaN,0.00251730250415,7.90113780335e-07
1980,40,1603,1593,467,198,2,2,0.00125549278092,0.00313873195229,-3.94065530729e-06,0.999999999989,0.00630514528353,3.95803219305e-06
1980,40,1603,1593,467,200,2,2,0.00125549278092,0.00125549278092,-1.57626212294e-06,1.0,0.00251730250415,1.58022756067e-06
1980,40,1603,1593,467,207,2,2,0.00125549278092,0.00816070307596,-1.0245703799e-05,0.999999999997,0.0164763821814,1.03429894422e-05
1980,40,1603,1593,467,208,2,2,0.00125549278092,0.000627746390458,-7.88131061413e-07,0.999999999932,0.00125786064199,7.89617477709e-07
1980,40,1603,1593,467,211,2,2,0.00125549278092,0.000627746390458,-7.88131061413e-07,0.999999999932,0.00125786064199,7.89617477709e-07
1980,40,1603,1593,467,215,2,2,0.00125549278092,0.00125549278092,-1.57626212294e-06,1.0,0.00251730250415,1.58022756067e-06
1980,40,1603,1593,467,218,2,3,0.00125549278092,0.00125549278092,NaN,NaN,0.0101073268999,3.17241898931e-06
1980,40,1603,1593,467,220,2,2,0.00125549278092,0.00125549278092,-1.57626212294e-06,1.0,0.00251730250415,1.58022756067e-06
1980,40,1603,1593,467,221,2,3,0.00125549278092,0.000627746390458,NaN,NaN,0.00251730250415,7.90113780335e-07
1980,40,1603,1593,467,222,2,2,0.00125549278092,0.000627746390458,-7.88131061413e-07,0.999999999932,0.00125786064199,7.89617477709e-07
1980,40,1603,1593,467,226,2,2,0.00125549278092,0.000627746390458,-7.88131061413e-07,0.999999999932,0.00125786064199,7.89617477709e-07
1980,40,1603,1593,467,227,2,2,0.00125549278092,0.000627746390458,0.000626958259397,1.0,795.99968593,0.499685929648
1980,40,1603,1593,467,232,2,2,0.00125549278092,0.000627746390458,-7.88131061413e-07,0.999999999932,0.00125786064199,7.89617477709e-07
1980,40,1603,1593,467,233,2,2,0.00125549278092,0.000627746390458,-7.88131061413e-07,0.999999999932,0.00125786064199,7.89617477709e-07
1980,40,1603,1593,467,240,2,2,0.00125549278092,0.00188323917137,-2.36439318435e-06,0.999999999979,0.0037783285699,2.37183212172e-06
1980,40,1603,1593,467,244,2,2,0.00125549278092,0.000627746390458,-7.88131061413e-07,0.999999999932,0.00125786064199,7.89617477709e-07
1980,40,1603,1593,467,245,2,2,0.00125549278092,0.000627746390458,-7.88131061413e-07,0.999999999932,0.00125786064199,7.89617477709e-07
1980,40,1603,1593,470,15,2,2,0.427495291902,0.000627746390458,0.000359387764029,1.0,1.34004825892,0.000841210457574
1980,40,1603,1593,470,20,2,3,0.427495291902,0.000627746390458,NaN,NaN,2.08597157702,0.000654730564037
1980,40,1603,1593,470,22,2,2,0.427495291902,0.00125549278092,9.10291375994e-05,0.126644736842,0.0430127896338,2.70011234362e-05
1980,40,1603,1593,470,26,2,2,0.427495291902,0.00376647834275,0.00215632658417,1.0,8.06562127862,0.00506316464445
1980,40,1603,1593,470,33,2,2,0.427495291902,0.000627746390458,0.000359387764029,1.0,1.34004825892,0.000841210457574
1980,40,1603,1593,470,35,2,2,0.427495291902,0.000627746390458,-0.000268358626429,1.0,0.747179565591,0.000469039275324
1980,40,1603,1593,470,46,2,3,0.427495291902,0.000627746390458,NaN,NaN,1.49529838896,0.000469334083165
1980,40,1603,1593,470,48,2,2,0.427495291902,0.000627746390458,0.000359387764029,1.0,1.34004825892,0.000841210457574
1980,40,1603,1593,470,49,2,2,0.427495291902,0.000627746390458,-0.000268358626429,1.0,0.747179565591,0.000469039275324
1980,40,1603,1593,470,55,2,2,0.427495291902,0.000627746390458,0.000359387764029,1.0,1.34004825892,0.000841210457574
1980,40,1603,1593,470,60,2,2,0.427495291902,0.000627746390458,0.000359387764029,1.0,1.34004825892,0.000841210457574
1980,40,1603,1593,470,64,2,2,0.427495291902,0.00251098556183,-0.00107343450572,1.0,2.99436090226,0.00187969924812
1980,40,1603,1593,470,73,2,2,0.427495291902,0.000627746390458,-0.000268358626429,1.0,0.747179565591,0.000469039275324
1980,40,1603,1593,470,77,2,2,0.427495291902,0.00376647834275,-0.00161015175858,1.0,4.49720177097,0.00282310217889
1980,40,1603,1593,470,94,2,2,0.427495291902,0.000627746390458,-0.000268358626429,1.0,0.747179565591,0.000469039275324
1980,40,1603,1593,470,97,2,3,0.427495291902,0.000627746390458,NaN,NaN,2.68178105367,0.00084173918822
1980,40,1603,1593,470,101,2,2,0.427495291902,0.00125549278092,0.000718775528058,1.0,2.68178105367,0.00168347837644
1980,40,1603,1593,470,105,2,2,0.427495291902,0.291902071563,0.124428555722,0.744567062818,487.545325186,0.30605481807
1980,40,1603,1593,470,115,2,2,0.427495291902,0.000627746390458,-0.000268358626429,1.0,0.747179565591,0.000469039275324
1980,40,1603,1593,470,123,2,3,0.427495291902,0.000627746390458,NaN,NaN,1.44810638057,0.0004545217767
1980,40,1603,1593,470,124,2,2,0.427495291902,0.00188323917137,-0.000805075879288,1.0,2.2443582423,0.0014088877855
1980,40,1603,1593,470,130,2,2,0.427495291902,0.000627746390458,0.000359387764029,1.0,1.34004825892,0.000841210457574
1980,40,1603,1593,470,131,2,2,0.427495291902,0.00125549278092,0.000718775528058,1.0,2.68178105367,0.00168347837644
1980,40,1603,1593,470,140,2,3,0.427495291902,0.00125549278092,NaN,NaN,5.29084704277,0.00166065506678
1980,40,1603,1593,470,146,2,2,0.427495291902,0.000627746390458,0.000359387764029,1.0,1.34004825892,0.000841210457574
1980,40,1603,1593,470,149,2,2,0.427495291902,0.000627746390458,0.000359387764029,1.0,1.34004825892,0.000841210457574
1980,40,1603,1593,470,157,2,2,0.427495291902,0.00125549278092,-0.000536717252859,1.0,1.49529838896,0.00093866816633
1980,40,1603,1593,470,159,2,2,0.427495291902,0.00376647834275,0.000273087412798,0.126644736842,0.129363607386,8.12075375935e-05
1980,40,1603,1593,470,164,2,2,0.427495291902,0.000627746390458,-0.000268358626429,1.0,0.747179565591,0.000469039275324
1980,40,1603,1593,470,167,2,2,0.427495291902,0.00313873195229,-0.000714046741689,0.532158590308,1.06064417165,0.000665815550316
1980,40,1603,1593,470,177,2,2,0.427495291902,0.000627746390458,-0.000268358626429,1.0,0.747179565591,0.000469039275324
1980,40,1603,1592,470,186,2,2,0.427135678392,0.000628140703518,-0.000268301305523,1.0,0.746082679987,0.000468644899489
1980,40,1603,1593,470,188,2,2,0.427495291902,0.00627746390458,-0.00268358626429,1.0,7.51427585863,0.00471705954716
1980,40,1603,1593,470,192,2,3,0.427495291902,0.000627746390458,NaN,NaN,2.08597157702,0.000654730564037
1980,40,1603,1593,470,198,2,2,0.427495291902,0.00313873195229,-8.63003512306e-05,0.0643171806167,0.0154932151845,9.72580990865e-06
1980,40,1603,1593,470,200,2,2,0.427495291902,0.00125549278092,9.10291375994e-05,0.126644736842,0.0430127896338,2.70011234362e-05
1980,40,1603,1593,470,207,2,2,0.427495291902,0.00816070307596,0.00216105537054,0.462550607287,3.75550442933,0.00235750434986
1980,40,1603,1593,470,208,2,2,0.427495291902,0.000627746390458,-0.000268358626429,1.0,0.747179565591,0.000469039275324
1980,40,1603,1593,470,211,2,2,0.427495291902,0.000627746390458,0.000359387764029,1.0,1.34004825892,0.000841210457574
1980,40,1603,1593,470,215,2,2,0.427495291902,0.00125549278092,-0.000536717252859,1.0,1.49529838896,0.00093866816633
1980,40,1603,1593,470,218,2,3,0.427495291902,0.00125549278092,NaN,NaN,1.4517536256,0.000455666549153
1980,40,1603,1593,470,220,2,2,0.427495291902,0.00125549278092,9.10291375994e-05,0.126644736842,0.0430127896338,2.70011234362e-05
1980,40,1603,1593,470,221,2,3,0.427495291902,0.000627746390458,NaN,NaN,2.08597157702,0.000654730564037
1980,40,1603,1593,470,222,2,2,0.427495291902,0.000627746390458,0.000359387764029,1.0,1.34004825892,0.000841210457574
1980,40,1603,1593,470,226,2,2,0.427495291902,0.000627746390458,0.000359387764029,1.0,1.34004825892,0.000841210457574
1980,40,1603,1593,470,227,2,2,0.427495291902,0.000627746390458,0.000359387764029,1.0,1.34004825892,0.000841210457574
1980,40,1603,1593,470,232,2,2,0.427495291902,0.000627746390458,0.000359387764029,1.0,1.34004825892,0.000841210457574
1980,40,1603,1593,470,233,2,2,0.427495291902,0.000627746390458,-0.000268358626429,1.0,0.747179565591,0.000469039275324
1980,40,1603,1593,470,240,2,2,0.427495291902,0.00188323917137,0.000450416901628,0.417763157895,0.70250255371,0.000440993442379
1980,40,1603,1593,470,244,2,2,0.427495291902,0.000627746390458,0.000359387764029,1.0,1.34004825892,0.000841210457574
1980,40,1603,1593,470,245,2,2,0.427495291902,0.000627746390458,-0.000268358626429,1.0,0.747179565591,0.000469039275324
1980,40,1603,1593,472,15,2,2,0.000627746390458,0.000627746390458,-3.94065530762e-07,1.00000000007,0.000628535264261,3.94560743416e-07
1980,40,1603,1593,472,20,2,3,0.000627746390458,0.000627746390458,NaN,NaN,0.00125786064199,3.94808738855e-07
1980,40,1603,1593,472,22,2,2,0.000627746390458,0.00125549278092,-7.88131061413e-07,0.999999999932,0.00125786064199,7.89617477709e-07
1980,40,1603,1593,472,26,2,2,0.000627746390458,0.00376647834275,-2.36439318435e-06,0.999999999979,0.00378309315956,2.37482307568e-06
1980,40,1603,1593,472,33,2,2,0.000627746390458,0.000627746390458,-3.94065530762e-07,1.00000000007,0.000628535264261,3.94560743416e-07
1980,40,1603,1593,472,35,2,2,0.000627746390458,0.000627746390458,-3.94065530762e-07,1.00000000007,0.000628535264261,3.94560743416e-07
1980,40,1603,1593,472,46,2,3,0.000627746390458,0.000627746390458,NaN,NaN,0.00125786064199,3.94808738855e-07
1980,40,1603,1593,472,48,2,2,0.000627746390458,0.000627746390458,-3.94065530762e-07,1.00000000007,0.000628535264261,3.94560743416e-07
1980,40,1603,1593,472,49,2,2,0.000627746390458,0.000627746390458,-3.94065530762e-07,1.00000000007,0.000628535264261,3.94560743416e-07
1980,40,1603,1593,472,55,2,2,0.000627746390458,0.000627746390458,-3.94065530762e-07,1.00000000007,0.000628535264261,3.94560743416e-07
1980,40,1603,1593,472,60,2,2,0.000627746390458,0.000627746390458,-3.94065530762e-07,1.00000000007,0.000628535264261,3.94560743416e-07
1980,40,1603,1593,472,64,2,2,0.000627746390458,0.00251098556183,-1.57626212294e-06,1.0,0.00251888770473,1.58122266461e-06
1980,40,1603,1593,472,73,2,2,0.000627746390458,0.000627746390458,-3.94065530762e-07,1.00000000007,0.000628535264261,3.94560743416e-07
1980,40,1603,1593,472,77,2,2,0.000627746390458,0.00376647834275,-2.36439318435e-06,0.999999999979,0.00378309315956,2.37482307568e-06
1980,40,1603,1593,472,94,2,2,0.000627746390458,0.000627746390458,-3.94065530762e-07,1.00000000007,0.000628535264261,3.94560743416e-07
1980,40,1603,1593,472,97,2,3,0.000627746390458,0.000627746390458,NaN,NaN,0.00125786064199,3.94808738855e-07
1980,40,1603,1593,472,101,2,2,0.000627746390458,0.00125549278092,-7.88131061413e-07,0.999999999932,0.00125786064199,7.89617477709e-07
1980,40,1603,1593,472,105,2,2,0.000627746390458,0.291902071563,-0.000183240471791,1.0,0.412492983535,0.000258940981503
1980,40,1603,1593,472,115,2,2,0.000627746390458,0.000627746390458,-3.94065530762e-07,1.00000000007,0.000628535264261,3.94560743416e-07
1980,40,1603,1593,472,123,2,3,0.000627746390458,0.000627746390458,NaN,NaN,0.00251888770473,7.90611332307e-07
1980,40,1603,1593,472,124,2,2,0.000627746390458,0.00188323917137,-1.18219659218e-06,0.999999999979,0.00188797762397,1.18517113871e-06
1980,40,1603,1593,472,130,2,2,0.000627746390458,0.000627746390458,-3.94065530762e-07,1.00000000007,0.000628535264261,3.94560743416e-07
1980,40,1603,1593,472,131,2,2,0.000627746390458,0.00125549278092,-7.88131061413e-07,0.999999999932,0.00125786064199,7.89617477709e-07
1980,40,1603,1593,472,140,2,3,0.000627746390458,0.00125549278092,NaN,NaN,0.00568538716309,1.78449063499e-06
1980,40,1603,1593,472,146,2,2,0.000627746390458,0.000627746390458,-3.94065530762e-07,1.00000000007,0.000628535264261,3.94560743416e-07
1980,40,1603,1593,472,149,2,2,0.000627746390458,0.000627746390458,-3.94065530762e-07,1.00000000007,0.000628535264261,3.94560743416e-07
1980,40,1603,1593,472,157,2,2,0.000627746390458,0.00125549278092,-7.88131061413e-07,0.999999999932,0.00125786064199,7.89617477709e-07
1980,40,1603,1593,472,159,2,2,0.000627746390458,0.00376647834275,-2.36439318435e-06,0.999999999979,0.00378309315956,2.37482307568e-06
1980,40,1603,1593,472,164,2,2,0.000627746390458,0.000627746390458,-3.94065530762e-07,1.00000000007,0.000628535264261,3.94560743416e-07
1980,40,1603,1593,472,167,2,2,0.000627746390458,0.00313873195229,-1.9703276537e-06,1.00000000002,0.00315059238257,1.97777299596e-06
1980,40,1603,1593,472,177,2,2,0.000627746390458,0.000627746390458,-3.94065530762e-07,1.00000000007,0.000628535264261,3.94560743416e-07
1980,40,1603,1592,472,186,2,2,0.000628140703518,0.000628140703518,-3.94560743411e-07,0.999999999988,0.000628930569147,3.95056890167e-07
1980,40,1603,1593,472,188,2,2,0.000627746390458,0.00627746390458,-3.94065530729e-06,0.999999999989,0.00632108743338,3.96803982007e-06
1980,40,1603,1593,472,192,2,3,0.000627746390458,0.000627746390458,NaN,NaN,0.00125786064199,3.94808738855e-07
1980,40,1603,1593,472,198,2,2,0.000627746390458,0.00313873195229,-1.9703276537e-06,1.00000000002,0.00315059238257,1.97777299596e-06
1980,40,1603,1593,472,200,2,2,0.000627746390458,0.00125549278092,-7.88131061413e-07,0.999999999932,0.00125786064199,7.89617477709e-07
1980,40,1603,1593,472,207,2,2,0.000627746390458,0.00816070307596,-5.12285189957e-06,1.00000000001,0.00823301634756,5.16824629476e-06
1980,40,1603,1593,472,208,2,2,0.000627746390458,0.000627746390458,-3.94065530762e-07,1.00000000007,0.000628535264261,3.94560743416e-07
1980,40,1603,1593,472,211,2,2,0.000627746390458,0.000627746390458,-3.94065530762e-07,1.00000000007,0.000628535264261,3.94560743416e-07
1980,40,1603,1593,472,215,2,2,0.000627746390458,0.00125549278092,-7.88131061413e-07,0.999999999932,0.00125786064199,7.89617477709e-07
1980,40,1603,1593,472,218,2,3,0.000627746390458,0.00125549278092,NaN,NaN,0.00505048903825,1.58521313191e-06
1980,40,1603,1593,472,220,2,2,0.000627746390458,0.00125549278092,-7.88131061413e-07,0.999999999932,0.00125786064199,7.89617477709e-07
1980,40,1603,1593,472,221,2,3,0.000627746390458,0.000627746390458,NaN,NaN,0.00125786064199,3.94808738855e-07
1980,40,1603,1593,472,222,2,2,0.000627746390458,0.000627746390458,-3.94065530762e-07,1.00000000007,0.000628535264261,3.94560743416e-07
1980,40,1603,1593,472,226,2,2,0.000627746390458,0.000627746390458,-3.94065530762e-07,1.00000000007,0.000628535264261,3.94560743416e-07
1980,40,1603,1593,472,227,2,2,0.000627746390458,0.000627746390458,-3.94065530762e-07,1.00000000007,0.000628535264261,3.94560743416e-07
1980,40,1603,1593,472,232,2,2,0.000627746390458,0.000627746390458,-3.94065530762e-07,1.00000000007,0.000628535264261,3.94560743416e-07
1980,40,1603,1593,472,233,2,2,0.000627746390458,0.000627746390458,-3.94065530762e-07,1.00000000007,0.000628535264261,3.94560743416e-07
1980,40,1603,1593,472,240,2,2,0.000627746390458,0.00188323917137,-1.18219659218e-06,0.999999999979,0.00188797762397,1.18517113871e-06
1980,40,1603,1593,472,244,2,2,0.000627746390458,0.000627746390458,-3.94065530762e-07,1.00000000007,0.000628535264261,3.94560743416e-07
1980,40,1603,1593,472,245,2,2,0.000627746390458,0.000627746390458,-3.94065530762e-07,1.00000000007,0.000628535264261,3.94560743416e-07
1980,40,1603,1593,473,15,2,2,0.00376647834275,0.000627746390458,-2.36439318435e-06,0.999999999979,0.00378309315956,2.37482307568e-06
1980,40,1603,1593,473,20,2,3,0.00376647834275,0.000627746390458,NaN,NaN,0.00757094193591,2.37631573632e-06
1980,40,1603,1593,473,22,2,2,0.00376647834275,0.00125549278092,-4.72878636881e-06,1.0,0.00757094193591,4.75263147264e-06
1980,40,1603,1593,473,26,2,2,0.00376647834275,0.00376647834275,-1.41863591063e-05,0.999999999995,0.0227700730057,1.42938311398e-05
1980,40,1603,1593,473,33,2,2,0.00376647834275,0.000627746390458,-2.36439318435e-06,0.999999999979,0.00378309315956,2.37482307568e-06
1980,40,1603,1593,473,35,2,2,0.00376647834275,0.000627746390458,-2.36439318435e-06,0.999999999979,0.00378309315956,2.37482307568e-06
1980,40,1603,1593,473,46,2,3,0.00376647834275,0.000627746390458,NaN,NaN,0.00757094193591,2.37631573632e-06
1980,40,1603,1593,473,48,2,2,0.00376647834275,0.000627746390458,-2.36439318435e-06,0.999999999979,0.00378309315956,2.37482307568e-06
1980,40,1603,1593,473,49,2,2,0.00376647834275,0.000627746390458,-2.36439318435e-06,0.999999999979,0.00378309315956,2.37482307568e-06
1980,40,1603,1593,473,55,2,2,0.00376647834275,0.000627746390458,-2.36439318435e-06,0.999999999979,0.00378309315956,2.37482307568e-06
1980,40,1603,1593,473,60,2,2,0.00376647834275,0.000627746390458,-2.36439318435e-06,0.999999999979,0.00378309315956,2.37482307568e-06
1980,40,1603,1593,473,64,2,2,0.00376647834275,0.00251098556183,0.000618288817721,0.247164461248,64.7962089614,0.0406755862909
1980,40,1603,1593,473,73,2,2,0.00376647834275,0.000627746390458,-2.36439318435e-06,0.999999999979,0.00378309315956,2.37482307568e-06
1980,40,1603,1593,473,77,2,2,0.00376647834275,0.00376647834275,-1.41863591063e-05,0.999999999995,0.0227700730057,1.42938311398e-05
1980,40,1603,1593,473,94,2,2,0.00376647834275,0.000627746390458,-2.36439318435e-06,0.999999999979,0.00378309315956,2.37482307568e-06
1980,40,1603,1593,473,97,2,3,0.00376647834275,0.000627746390458,NaN,NaN,0.00757094193591,2.37631573632e-06
1980,40,1603,1593,473,101,2,2,0.00376647834275,0.00125549278092,-4.72878636881e-06,1.0,0.00757094193591,4.75263147264e-06
1980,40,1603,1593,473,105,2,2,0.00376647834275,0.291902071563,0.00015604995017,0.0585106382979,0.050016801751,3.13978667615e-05
1980,40,1603,1593,473,115,2,2,0.00376647834275,0.000627746390458,-2.36439318435e-06,0.999999999979,0.00378309315956,2.37482307568e-06
1980,40,1603,1593,473,123,2,3,0.00376647834275,0.000627746390458,NaN,NaN,87.0048573546,0.0273084925783
1980,40,1603,1593,473,124,2,2,0.00376647834275,0.00188323917137,-7.09317955305e-06,0.999999999979,0.0113635553019,7.13343082355e-06
1980,40,1603,1593,473,130,2,2,0.00376647834275,0.000627746390458,-2.36439318435e-06,0.999999999979,0.00378309315956,2.37482307568e-06
1980,40,1603,1593,473,131,2,2,0.00376647834275,0.00125549278092,-4.72878636881e-06,1.0,0.00757094193591,4.75263147264e-06
1980,40,1603,1593,473,140,2,3,0.00376647834275,0.00125549278092,NaN,NaN,0.034219797216,1.07406770923e-05
1980,40,1603,1593,473,146,2,2,0.00376647834275,0.000627746390458,-2.36439318435e-06,0.999999999979,0.00378309315956,2.37482307568e-06
1980,40,1603,1593,473,149,2,2,0.00376647834275,0.000627746390458,-2.36439318435e-06,0.999999999979,0.00378309315956,2.37482307568e-06
1980,40,1603,1593,473,157,2,2,0.00376647834275,0.00125549278092,-4.72878636881e-06,1.0,0.00757094193591,4.75263147264e-06
1980,40,1603,1593,473,159,2,2,0.00376647834275,0.00376647834275,-1.41863591063e-05,0.999999999995,0.0227700730057,1.42938311398e-05
1980,40,1603,1593,473,164,2,2,0.00376647834275,0.000627746390458,-2.36439318435e-06,0.999999999979,0.00378309315956,2.37482307568e-06
1980,40,1603,1593,473,167,2,2,0.00376647834275,0.00313873195229,-1.18219659219e-05,0.999999999989,0.0189631118074,1.19040249889e-05
1980,40,1603,1593,473,177,2,2,0.00376647834275,0.000627746390458,-2.36439318435e-06,0.999999999979,0.00378309315956,2.37482307568e-06
1980,40,1603,1592,473,186,2,2,0.00376884422111,0.000628140703518,-2.36736446046e-06,0.999999999988,0.0037854799578,2.37781404385e-06
1980,40,1603,1593,473,188,2,2,0.00376647834275,0.00627746390458,-2.3643931844e-05,0.999999999998,0.0380460158561,2.3883249125e-05
1980,40,1603,1593,473,192,2,3,0.00376647834275,0.000627746390458,NaN,NaN,0.00757094193591,2.37631573632e-06
1980,40,1603,1593,473,198,2,2,0.00376647834275,0.00313873195229,-1.18219659219e-05,0.999999999989,0.0189631118074,1.19040249889e-05
1980,40,1603,1593,473,200,2,2,0.00376647834275,0.00125549278092,-4.72878636881e-06,1.0,0.00757094193591,4.75263147264e-06
1980,40,1603,1593,473,207,2,2,0.00376647834275,0.00816070307596,-3.07371113972e-05,1.0,0.0495537316647,3.11071761863e-05
1980,40,1603,1593,473,208,2,2,0.00376647834275,0.000627746390458,-2.36439318435e-06,0.999999999979,0.00378309315956,2.37482307568e-06
1980,40,1603,1593,473,211,2,2,0.00376647834275,0.000627746390458,-2.36439318435e-06,0.999999999979,0.00378309315956,2.37482307568e-06
1980,40,1603,1593,473,215,2,2,0.00376647834275,0.00125549278092,-4.72878636881e-06,1.0,0.00757094193591,4.75263147264e-06
1980,40,1603,1593,473,218,2,3,0.00376647834275,0.00125549278092,NaN,NaN,0.0303984066121,9.54124501321e-06
1980,40,1603,1593,473,220,2,2,0.00376647834275,0.00125549278092,0.000623017604089,0.498109640832,131.416883307,0.0824964741415
1980,40,1603,1593,473,221,2,3,0.00376647834275,0.000627746390458,NaN,NaN,0.00757094193591,2.37631573632e-06
1980,40,1603,1593,473,222,2,2,0.00376647834275,0.000627746390458,-2.36439318435e-06,0.999999999979,0.00378309315956,2.37482307568e-06
1980,40,1603,1593,473,226,2,2,0.00376647834275,0.000627746390458,-2.36439318435e-06,0.999999999979,0.00378309315956,2.37482307568e-06
1980,40,1603,1593,473,227,2,2,0.00376647834275,0.000627746390458,-2.36439318435e-06,0.999999999979,0.00378309315956,2.37482307568e-06
1980,40,1603,1593,473,232,2,2,0.00376647834275,0.000627746390458,-2.36439318435e-06,0.999999999979,0.00378309315956,2.37482307568e-06
1980,40,1603,1593,473,233,2,2,0.00376647834275,0.000627746390458,-2.36439318435e-06,0.999999999979,0.00378309315956,2.37482307568e-06
1980,40,1603,1593,473,240,2,2,0.00376647834275,0.00188323917137,-7.09317955305e-06,0.999999999979,0.0113635553019,7.13343082355e-06
1980,40,1603,1593,473,244,2,2,0.00376647834275,0.000627746390458,-2.36439318435e-06,0.999999999979,0.00378309315956,2.37482307568e-06
1980,40,1603,1593,473,245,2,2,0.00376647834275,0.000627746390458,-2.36439318435e-06,0.999999999979,0.00378309315956,2.37482307568e-06
1980,40,1603,1593,475,15,3,2,0.000627746390458,0.000627746390458,NaN,NaN,0.00188797762397,5.92585569356e-07
1980,40,1603,1593,475,20,3,3,0.000627746390458,0.000627746390458,NaN,NaN,0.0037783285699,5.92958030431e-07
1980,40,1603,1593,475,22,3,2,0.000627746390458,0.00125549278092,NaN,NaN,0.0037783285699,1.18591606086e-06
1980,40,1603,1593,475,26,3,2,0.000627746390458,0.00376647834275,NaN,NaN,0.0113635553019,3.56671541178e-06
1980,40,1603,1593,475,33,3,2,0.000627746390458,0.000627746390458,NaN,NaN,0.00188797762397,5.92585569356e-07
1980,40,1603,1593,475,35,3,2,0.000627746390458,0.000627746390458,NaN,NaN,0.00188797762397,5.92585569356e-07
1980,40,1603,1593,475,46,3,3,0.000627746390458,0.000627746390458,NaN,NaN,0.0037783285699,5.92958030431e-07
1980,40,1603,1593,475,48,3,2,0.000627746390458,0.000627746390458,NaN,NaN,0.00188797762397,5.92585569356e-07
1980,40,1603,1593,475,49,3,2,0.000627746390458,0.000627746390458,NaN,NaN,0.00188797762397,5.92585569356e-07
1980,40,1603,1593,475,55,3,2,0.000627746390458,0.000627746390458,NaN,NaN,0.00188797762397,5.92585569356e-07
1980,40,1603,1593,475,60,3,2,0.000627746390458,0.000627746390458,NaN,NaN,0.00188797762397,5.92585569356e-07
1980,40,1603,1593,475,64,3,2,0.000627746390458,0.00251098556183,NaN,NaN,0.00756616835081,2.37481743591e-06
1980,40,1603,1593,475,73,3,2,0.000627746390458,0.000627746390458,NaN,NaN,0.00188797762397,5.92585569356e-07
1980,40,1603,1593,475,77,3,2,0.000627746390458,0.00376647834275,NaN,NaN,0.0113635553019,3.56671541178e-06
1980,40,1603,1593,475,94,3,2,0.000627746390458,0.000627746390458,NaN,NaN,0.00188797762397,5.92585569356e-07
1980,40,1603,1593,475,97,3,3,0.000627746390458,0.000627746390458,NaN,NaN,0.0037783285699,5.92958030431e-07
1980,40,1603,1593,475,101,3,2,0.000627746390458,0.00125549278092,NaN,NaN,0.0037783285699,1.18591606086e-06
1980,40,1603,1593,475,105,3,2,0.000627746390458,0.291902071563,NaN,NaN,0.831301297574,0.000260923194468
1980,40,1603,1593,475,115,3,2,0.000627746390458,0.000627746390458,NaN,NaN,0.00188797762397,5.92585569356e-07
1980,40,1603,1593,475,123,3,3,0.000627746390458,0.000627746390458,NaN,NaN,0.00756616835081,1.18740871795e-06
1980,40,1603,1593,475,124,3,2,0.000627746390458,0.00188323917137,NaN,NaN,0.00567105731577,1.77999288003e-06
1980,40,1603,1593,475,130,3,2,0.000627746390458,0.000627746390458,NaN,NaN,0.00188797762397,5.92585569356e-07
1980,40,1603,1593,475,131,3,2,0.000627746390458,0.00125549278092,NaN,NaN,0.0037783285699,1.18591606086e-06
1980,40,1603,1593,475,140,3,3,0.000627746390458,0.00125549278092,NaN,NaN,0.0170776157804,2.68010291595e-06
1980,40,1603,1593,475,146,3,2,0.000627746390458,0.000627746390458,NaN,NaN,0.00188797762397,5.92585569356e-07
1980,40,1603,1593,475,149,3,2,0.000627746390458,0.000627746390458,NaN,NaN,0.00188797762397,5.92585569356e-07
1980,40,1603,1593,475,157,3,2,0.000627746390458,0.00125549278092,NaN,NaN,0.0037783285699,1.18591606086e-06
1980,40,1603,1593,475,159,3,2,0.000627746390458,0.00376647834275,NaN,NaN,0.0113635553019,3.56671541178e-06
1980,40,1603,1593,475,164,3,2,0.000627746390458,0.000627746390458,NaN,NaN,0.00188797762397,5.92585569356e-07
1980,40,1603,1593,475,167,3,2,0.000627746390458,0.00313873195229,NaN,NaN,0.00946366617556,2.97039114111e-06
1980,40,1603,1593,475,177,3,2,0.000627746390458,0.000627746390458,NaN,NaN,0.00188797762397,5.92585569356e-07
1980,40,1603,1592,475,186,3,2,0.000628140703518,0.000628140703518,NaN,NaN,0.00188916652394,5.93331194704e-07
1980,40,1603,1593,475,188,3,2,0.000627746390458,0.00627746390458,NaN,NaN,0.0189871154603,5.95954659769e-06
1980,40,1603,1593,475,192,3,3,0.000627746390458,0.000627746390458,NaN,NaN,0.0037783285699,5.92958030431e-07
1980,40,1603,1593,475,198,3,2,0.000627746390458,0.00313873195229,NaN,NaN,0.00946366617556,2.97039114111e-06
1980,40,1603,1593,475,200,3,2,0.000627746390458,0.00125549278092,NaN,NaN,0.0037783285699,1.18591606086e-06
1980,40,1603,1593,475,207,3,2,0.000627746390458,0.00816070307596,NaN,NaN,0.0247301170289,7.76212085025e-06
1980,40,1603,1593,475,208,3,2,0.000627746390458,0.000627746390458,NaN,NaN,0.00188797762397,5.92585569356e-07
1980,40,1603,1593,475,211,3,2,0.000627746390458,0.000627746390458,NaN,NaN,0.00188797762397,5.92585569356e-07
1980,40,1603,1593,475,215,3,2,0.000627746390458,0.00125549278092,NaN,NaN,0.0037783285699,1.18591606086e-06
1980,40,1603,1593,475,218,3,3,0.000627746390458,0.00125549278092,NaN,NaN,0.015170525564,2.38081066603e-06
1980,40,1603,1593,475,220,3,2,0.000627746390458,0.00125549278092,NaN,NaN,0.0037783285699,1.18591606086e-06
1980,40,1603,1593,475,221,3,3,0.000627746390458,0.000627746390458,NaN,NaN,0.0037783285699,5.92958030431e-07
1980,40,1603,1593,475,222,3,2,0.000627746390458,0.000627746390458,NaN,NaN,0.00188797762397,5.92585569356e-07
1980,40,1603,1593,475,226,3,2,0.000627746390458,0.000627746390458,NaN,NaN,0.00188797762397,5.92585569356e-07
1980,40,1603,1593,475,227,3,2,0.000627746390458,0.000627746390458,NaN,NaN,0.00188797762397,5.92585569356e-07
1980,40,1603,1593,475,232,3,2,0.000627746390458,0.000627746390458,NaN,NaN,0.00188797762397,5.92585569356e-07
1980,40,1603,1593,475,233,3,2,0.000627746390458,0.000627746390458,NaN,NaN,0.00188797762397,5.92585569356e-07
1980,40,1603,1593,475,240,3,2,0.000627746390458,0.00188323917137,NaN,NaN,0.00567105731577,1.77999288003e-06
1980,40,1603,1593,475,244,3,2,0.000627746390458,0.000627746390458,NaN,NaN,0.00188797762397,5.92585569356e-07
1980,40,1603,1593,475,245,3,2,0.000627746390458,0.000627746390458,NaN,NaN,0.00188797762397,5.92585569356e-07
1980,40,1603,1593,479,15,2,2,0.000627746390458,0.000627746390458,-3.94065530762e-07,1.00000000007,0.000628535264261,3.94560743416e-07
1980,40,1603,1593,479,20,2,3,0.000627746390458,0.000627746390458,NaN,NaN,0.00125786064199,3.94808738855e-07
1980,40,1603,1593,479,22,2,2,0.000627746390458,0.00125549278092,-7.88131061413e-07,0.999999999932,0.00125786064199,7.89617477709e-07
1980,40,1603,1593,479,26,2,2,0.000627746390458,0.00376647834275,-2.36439318435e-06,0.999999999979,0.00378309315956,2.37482307568e-06
1980,40,1603,1593,479,33,2,2,0.000627746390458,0.000627746390458,-3.94065530762e-07,1.00000000007,0.000628535264261,3.94560743416e-07
1980,40,1603,1593,479,35,2,2,0.000627746390458,0.000627746390458,-3.94065530762e-07,1.00000000007,0.000628535264261,3.94560743416e-07
1980,40,1603,1593,479,46,2,3,0.000627746390458,0.000627746390458,NaN,NaN,0.00125786064199,3.94808738855e-07
1980,40,1603,1593,479,48,2,2,0.000627746390458,0.000627746390458,-3.94065530762e-07,1.00000000007,0.000628535264261,3.94560743416e-07
1980,40,1603,1593,479,49,2,2,0.000627746390458,0.000627746390458,-3.94065530762e-07,1.00000000007,0.000628535264261,3.94560743416e-07
1980,40,1603,1593,479,55,2,2,0.000627746390458,0.000627746390458,-3.94065530762e-07,1.00000000007,0.000628535264261,3.94560743416e-07
1980,40,1603,1593,479,60,2,2,0.000627746390458,0.000627746390458,-3.94065530762e-07,1.00000000007,0.000628535264261,3.94560743416e-07
1980,40,1603,1593,479,64,2,2,0.000627746390458,0.00251098556183,-1.57626212294e-06,1.0,0.00251888770473,1.58122266461e-06
1980,40,1603,1593,479,73,2,2,0.000627746390458,0.000627746390458,-3.94065530762e-07,1.00000000007,0.000628535264261,3.94560743416e-07
1980,40,1603,1593,479,77,2,2,0.000627746390458,0.00376647834275,-2.36439318435e-06,0.999999999979,0.00378309315956,2.37482307568e-06
1980,40,1603,1593,479,94,2,2,0.000627746390458,0.000627746390458,-3.94065530762e-07,1.00000000007,0.000628535264261,3.94560743416e-07
1980,40,1603,1593,479,97,2,3,0.000627746390458,0.000627746390458,NaN,NaN,0.00125786064199,3.94808738855e-07
1980,40,1603,1593,479,101,2,2,0.000627746390458,0.00125549278092,-7.88131061413e-07,0.999999999932,0.00125786064199,7.89617477709e-07
1980,40,1603,1593,479,105,2,2,0.000627746390458,0.291902071563,0.000444505918667,1.0,2.42733019938,0.00152374777111
1980,40,1603,1593,479,115,2,2,0.000627746390458,0.000627746390458,-3.94065530762e-07,1.00000000007,0.000628535264261,3.94560743416e-07
1980,40,1603,1593,479,123,2,3,0.000627746390458,0.000627746390458,NaN,NaN,0.00251888770473,7.90611332307e-07
1980,40,1603,1593,479,124,2,2,0.000627746390458,0.00188323917137,-1.18219659218e-06,0.999999999979,0.00188797762397,1.18517113871e-06
1980,40,1603,1593,479,130,2,2,0.000627746390458,0.000627746390458,-3.94065530762e-07,1.00000000007,0.000628535264261,3.94560743416e-07
1980,40,1603,1593,479,131,2,2,0.000627746390458,0.00125549278092,-7.88131061413e-07,0.999999999932,0.00125786064199,7.89617477709e-07
1980,40,1603,1593,479,140,2,3,0.000627746390458,0.00125549278092,NaN,NaN,0.00568538716309,1.78449063499e-06
1980,40,1603,1593,479,146,2,2,0.000627746390458,0.000627746390458,-3.94065530762e-07,1.00000000007,0.000628535264261,3.94560743416e-07
1980,40,1603,1593,479,149,2,2,0.000627746390458,0.000627746390458,-3.94065530762e-07,1.00000000007,0.000628535264261,3.94560743416e-07
1980,40,1603,1593,479,157,2,2,0.000627746390458,0.00125549278092,-7.88131061413e-07,0.999999999932,0.00125786064199,7.89617477709e-07
1980,40,1603,1593,479,159,2,2,0.000627746390458,0.00376647834275,-2.36439318435e-06,0.999999999979,0.00378309315956,2.37482307568e-06
1980,40,1603,1593,479,164,2,2,0.000627746390458,0.000627746390458,-3.94065530762e-07,1.00000000007,0.000628535264261,3.94560743416e-07
1980,40,1603,1593,479,167,2,2,0.000627746390458,0.00313873195229,-1.9703276537e-06,1.00000000002,0.00315059238257,1.97777299596e-06
1980,40,1603,1593,479,177,2,2,0.000627746390458,0.000627746390458,-3.94065530762e-07,1.00000000007,0.000628535264261,3.94560743416e-07
1980,40,1603,1592,479,186,2,2,0.000628140703518,0.000628140703518,-3.94560743411e-07,0.999999999988,0.000628930569147,3.95056890167e-07
1980,40,1603,1593,479,188,2,2,0.000627746390458,0.00627746390458,-3.94065530729e-06,0.999999999989,0.00632108743338,3.96803982007e-06
1980,40,1603,1593,479,192,2,3,0.000627746390458,0.000627746390458,NaN,NaN,0.00125786064199,3.94808738855e-07
1980,40,1603,1593,479,198,2,2,0.000627746390458,0.00313873195229,-1.9703276537e-06,1.00000000002,0.00315059238257,1.97777299596e-06
1980,40,1603,1593,479,200,2,2,0.000627746390458,0.00125549278092,-7.88131061413e-07,0.999999999932,0.00125786064199,7.89617477709e-07
1980,40,1603,1593,479,207,2,2,0.000627746390458,0.00816070307596,-5.12285189957e-06,1.00000000001,0.00823301634756,5.16824629476e-06
1980,40,1603,1593,479,208,2,2,0.000627746390458,0.000627746390458,-3.94065530762e-07,1.00000000007,0.000628535264261,3.94560743416e-07
1980,40,1603,1593,479,211,2,2,0.000627746390458,0.000627746390458,-3.94065530762e-07,1.00000000007,0.000628535264261,3.94560743416e-07
1980,40,1603,1593,479,215,2,2,0.000627746390458,0.00125549278092,-7.88131061413e-07,0.999999999932,0.00125786064199,7.89617477709e-07
1980,40,1603,1593,479,218,2,3,0.000627746390458,0.00125549278092,NaN,NaN,0.00505048903825,1.58521313191e-06
1980,40,1603,1593,479,220,2,2,0.000627746390458,0.00125549278092,-7.88131061413e-07,0.999999999932,0.00125786064199,7.89617477709e-07
1980,40,1603,1593,479,221,2,3,0.000627746390458,0.000627746390458,NaN,NaN,0.00125786064199,3.94808738855e-07
1980,40,1603,1593,479,222,2,2,0.000627746390458,0.000627746390458,-3.94065530762e-07,1.00000000007,0.000628535264261,3.94560743416e-07
1980,40,1603,1593,479,226,2,2,0.000627746390458,0.000627746390458,-3.94065530762e-07,1.00000000007,0.000628535264261,3.94560743416e-07
1980,40,1603,1593,479,227,2,2,0.000627746390458,0.000627746390458,-3.94065530762e-07,1.00000000007,0.000628535264261,3.94560743416e-07
1980,40,1603,1593,479,232,2,2,0.000627746390458,0.000627746390458,-3.94065530762e-07,1.00000000007,0.000628535264261,3.94560743416e-07
1980,40,1603,1593,479,233,2,2,0.000627746390458,0.000627746390458,-3.94065530762e-07,1.00000000007,0.000628535264261,3.94560743416e-07
1980,40,1603,1593,479,240,2,2,0.000627746390458,0.00188323917137,-1.18219659218e-06,0.999999999979,0.00188797762397,1.18517113871e-06
1980,40,1603,1593,479,244,2,2,0.000627746390458,0.000627746390458,-3.94065530762e-07,1.00000000007,0.000628535264261,3.94560743416e-07
1980,40,1603,1593,479,245,2,2,0.000627746390458,0.000627746390458,-3.94065530762e-07,1.00000000007,0.000628535264261,3.94560743416e-07
1980,40,1603,1593,481,15,2,2,0.212178279975,0.000627746390458,0.000133194149388,1.0,0.269491881719,0.000169172556007
1980,40,1603,1593,481,20,2,3,0.212178279975,0.000627746390458,NaN,NaN,0.539322533875,0.000169278886966
1980,40,1603,1593,481,22,2,2,0.212178279975,0.00125549278092,0.000266388298776,1.0,0.539322533875,0.000338557773933
1980,40,1603,1593,481,26,2,2,0.212178279975,0.00376647834275,0.000799164896327,1.0,1.62204565481,0.00101823330497
1980,40,1603,1593,481,33,2,2,0.212178279975,0.000627746390458,0.000133194149388,1.0,0.269491881719,0.000169172556007
1980,40,1603,1593,481,35,2,2,0.212178279975,0.000627746390458,0.000133194149388,1.0,0.269491881719,0.000169172556007
1980,40,1603,1593,481,46,2,3,0.212178279975,0.000627746390458,NaN,NaN,0.539322533875,0.000169278886966
1980,40,1603,1593,481,48,2,2,0.212178279975,0.000627746390458,0.000133194149388,1.0,0.269491881719,0.000169172556007
1980,40,1603,1593,481,49,2,2,0.212178279975,0.000627746390458,0.000133194149388,1.0,0.269491881719,0.000169172556007
1980,40,1603,1593,481,55,2,2,0.212178279975,0.000627746390458,0.000133194149388,1.0,0.269491881719,0.000169172556007
1980,40,1603,1593,481,60,2,2,0.212178279975,0.000627746390458,0.000133194149388,1.0,0.269491881719,0.000169172556007
1980,40,1603,1593,481,64,2,2,0.212178279975,0.00251098556183,-0.000722716183365,0.365338645418,1.98733061913,0.00124753962281
1980,40,1603,1593,481,73,2,2,0.212178279975,0.000627746390458,0.000133194149388,1.0,0.269491881719,0.000169172556007
1980,40,1603,1593,481,77,2,2,0.212178279975,0.00376647834275,0.000799164896327,1.0,1.62204565481,0.00101823330497
1980,40,1603,1593,481,94,2,2,0.212178279975,0.000627746390458,0.000133194149388,1.0,0.269491881719,0.000169172556007
1980,40,1603,1593,481,97,2,3,0.212178279975,0.000627746390458,NaN,NaN,0.539322533875,0.000169278886966
1980,40,1603,1593,481,101,2,2,0.212178279975,0.00125549278092,0.000266388298776,1.0,0.539322533875,0.000338557773933
1980,40,1603,1593,481,105,2,2,0.212178279975,0.291274325173,0.0605465925351,0.979685268313,169.233347084,0.106235622777
1980,40,1603,1593,481,115,2,2,0.212178279975,0.000627746390458,0.000133194149388,1.0,0.269491881719,0.000169172556007
1980,40,1603,1593,481,123,2,3,0.212178279975,0.000627746390458,NaN,NaN,3.98144410601,0.00124966858318
1980,40,1603,1593,481,124,2,2,0.212178279975,0.00188323917137,0.000399582448164,1.0,0.809492595655,0.000508156055025
1980,40,1603,1593,481,130,2,2,0.212178279975,0.000627746390458,0.000133194149388,1.0,0.269491881719,0.000169172556007
1980,40,1603,1593,481,131,2,2,0.212178279975,0.00125549278092,0.000266388298776,1.0,0.539322533875,0.000338557773933
1980,40,1603,1593,481,140,2,3,0.212178279975,0.00125549278092,NaN,NaN,2.43767656646,0.00076512133285
1980,40,1603,1593,481,146,2,2,0.212178279975,0.000627746390458,0.000133194149388,1.0,0.269491881719,0.000169172556007
1980,40,1603,1593,481,149,2,2,0.212178279975,0.000627746390458,0.000133194149388,1.0,0.269491881719,0.000169172556007
1980,40,1603,1593,481,157,2,2,0.212178279975,0.00125549278092,-0.000989104482141,1.0,7.43537055702,0.00466752702889
1980,40,1603,1593,481,159,2,2,0.212178279975,0.00376647834275,0.000171418505869,0.21449704142,0.0746286673532,4.68478765557e-05
1980,40,1603,1593,481,164,2,2,0.212178279975,0.000627746390458,0.000133194149388,1.0,0.269491881719,0.000169172556007
1980,40,1603,1593,481,167,2,2,0.212178279975,0.00313873195229,-0.00184501481489,0.746135458167,10.3680639201,0.00650851470187
1980,40,1603,1593,481,177,2,2,0.212178279975,0.000627746390458,-0.00049455224107,1.0,3.71535004906,0.00233229758259
1980,40,1603,1592,481,186,2,2,0.212311557789,0.000628140703518,-0.000494779172243,1.0,3.71239107554,0.00233190394192
1980,40,1603,1593,481,188,2,2,0.212178279975,0.00627746390458,-0.0049455224107,1.0,37.3647332793,0.0234555764465
1980,40,1603,1593,481,192,2,3,0.212178279975,0.000627746390458,NaN,NaN,3.98358643202,0.00125034100189
1980,40,1603,1593,481,198,2,2,0.212178279975,0.00313873195229,3.82243564811e-05,0.0573964497041,0.00445018756447,2.79358918046e-06
1980,40,1603,1593,481,200,2,2,0.212178279975,0.00125549278092,0.000266388298776,1.0,0.539322533875,0.000338557773933
1980,40,1603,1593,481,207,2,2,0.212178279975,0.00816070307596,0.00110377755158,0.637460172963,1.43443584121,0.000900461921665
1980,40,1603,1593,481,208,2,2,0.212178279975,0.000627746390458,0.000133194149388,1.0,0.269491881719,0.000169172556007
1980,40,1603,1593,481,211,2,2,0.212178279975,0.000627746390458,0.000133194149388,1.0,0.269491881719,0.000169172556007
1980,40,1603,1593,481,215,2,2,0.212178279975,0.00125549278092,-0.000361358091683,0.365338645418,0.992416201698,0.000622985688448
1980,40,1603,1593,481,218,2,3,0.212178279975,0.00125549278092,NaN,NaN,2.60894234051,0.000818877068583
1980,40,1603,1593,481,220,2,2,0.212178279975,0.00125549278092,0.000266388298776,1.0,0.539322533875,0.000338557773933
1980,40,1603,1593,481,221,2,3,0.212178279975,0.000627746390458,NaN,NaN,3.98358643202,0.00125034100189
1980,40,1603,1593,481,222,2,2,0.212178279975,0.000627746390458,0.000133194149388,1.0,0.269491881719,0.000169172556007
1980,40,1603,1593,481,226,2,2,0.212178279975,0.000627746390458,0.000133194149388,1.0,0.269491881719,0.000169172556007
1980,40,1603,1593,481,227,2,2,0.212178279975,0.000627746390458,0.000133194149388,1.0,0.269491881719,0.000169172556007
1980,40,1603,1593,481,232,2,2,0.212178279975,0.000627746390458,0.000133194149388,1.0,0.269491881719,0.000169172556007
1980,40,1603,1593,481,233,2,2,0.212178279975,0.000627746390458,0.000133194149388,1.0,0.269491881719,0.000169172556007
1980,40,1603,1593,481,240,2,2,0.212178279975,0.00188323917137,0.000399582448164,1.0,0.809492595655,0.000508156055025
1980,40,1603,1593,481,244,2,2,0.212178279975,0.000627746390458,0.000133194149388,1.0,0.269491881719,0.000169172556007
1980,40,1603,1593,481,245,2,2,0.212178279975,0.000627746390458,0.000133194149388,1.0,0.269491881719,0.000169172556007
1980,40,1603,1593,482,15,2,2,0.00376647834275,0.000627746390458,-2.36439318435e-06,0.999999999979,0.00378309315956,2.37482307568e-06
1980,40,1603,1593,482,20,2,3,0.00376647834275,0.000627746390458,NaN,NaN,0.00757094193591,2.37631573632e-06
1980,40,1603,1593,482,22,2,2,0.00376647834275,0.00125549278092,-4.72878636881e-06,1.0,0.00757094193591,4.75263147264e-06
1980,40,1603,1593,482,26,2,2,0.00376647834275,0.00376647834275,-1.41863591063e-05,0.999999999995,0.0227700730057,1.42938311398e-05
1980,40,1603,1593,482,33,2,2,0.00376647834275,0.000627746390458,-2.36439318435e-06,0.999999999979,0.00378309315956,2.37482307568e-06
1980,40,1603,1593,482,35,2,2,0.00376647834275,0.000627746390458,-2.36439318435e-06,0.999999999979,0.00378309315956,2.37482307568e-06
1980,40,1603,1593,482,46,2,3,0.00376647834275,0.000627746390458,NaN,NaN,0.00757094193591,2.37631573632e-06
1980,40,1603,1593,482,48,2,2,0.00376647834275,0.000627746390458,-2.36439318435e-06,0.999999999979,0.00378309315956,2.37482307568e-06
1980,40,1603,1593,482,49,2,2,0.00376647834275,0.000627746390458,-2.36439318435e-06,0.999999999979,0.00378309315956,2.37482307568e-06
1980,40,1603,1593,482,55,2,2,0.00376647834275,0.000627746390458,-2.36439318435e-06,0.999999999979,0.00378309315956,2.37482307568e-06
1980,40,1603,1593,482,60,2,2,0.00376647834275,0.000627746390458,-2.36439318435e-06,0.999999999979,0.00378309315956,2.37482307568e-06
1980,40,1603,1593,482,64,2,2,0.00376647834275,0.00251098556183,-9.45757273751e-06,0.999999999991,0.015160942253,9.51722677529e-06
1980,40,1603,1593,482,73,2,2,0.00376647834275,0.000627746390458,-2.36439318435e-06,0.999999999979,0.00378309315956,2.37482307568e-06
1980,40,1603,1593,482,77,2,2,0.00376647834275,0.00376647834275,-1.41863591063e-05,0.999999999995,0.0227700730057,1.42938311398e-05
1980,40,1603,1593,482,94,2,2,0.00376647834275,0.000627746390458,-2.36439318435e-06,0.999999999979,0.00378309315956,2.37482307568e-06
1980,40,1603,1593,482,97,2,3,0.00376647834275,0.000627746390458,NaN,NaN,0.00757094193591,2.37631573632e-06
1980,40,1603,1593,482,101,2,2,0.00376647834275,0.00125549278092,-4.72878636881e-06,1.0,0.00757094193591,4.75263147264e-06
1980,40,1603,1593,482,105,2,2,0.00376647834275,0.291274325173,0.00141390712427,0.529672276351,4.11131303259,0.00258086191625
1980,40,1603,1593,482,115,2,2,0.00376647834275,0.000627746390458,-2.36439318435e-06,0.999999999979,0.00378309315956,2.37482307568e-06
1980,40,1603,1593,482,123,2,3,0.00376647834275,0.000627746390458,NaN,NaN,0.015160942253,4.75861338764e-06
1980,40,1603,1593,482,124,2,2,0.00376647834275,0.00188323917137,-7.09317955305e-06,0.999999999979,0.0113635553019,7.13343082355e-06
1980,40,1603,1593,482,130,2,2,0.00376647834275,0.000627746390458,-2.36439318435e-06,0.999999999979,0.00378309315956,2.37482307568e-06
1980,40,1603,1593,482,131,2,2,0.00376647834275,0.00125549278092,-4.72878636881e-06,1.0,0.00757094193591,4.75263147264e-06
1980,40,1603,1593,482,140,2,3,0.00376647834275,0.00125549278092,NaN,NaN,0.034219797216,1.07406770923e-05
1980,40,1603,1593,482,146,2,2,0.00376647834275,0.000627746390458,-2.36439318435e-06,0.999999999979,0.00378309315956,2.37482307568e-06
1980,40,1603,1593,482,149,2,2,0.00376647834275,0.000627746390458,-2.36439318435e-06,0.999999999979,0.00378309315956,2.37482307568e-06
1980,40,1603,1593,482,157,2,2,0.00376647834275,0.00125549278092,-4.72878636881e-06,1.0,0.00757094193591,4.75263147264e-06
1980,40,1603,1593,482,159,2,2,0.00376647834275,0.00376647834275,-1.41863591063e-05,0.999999999995,0.0227700730057,1.42938311398e-05
1980,40,1603,1593,482,164,2,2,0.00376647834275,0.000627746390458,-2.36439318435e-06,0.999999999979,0.00378309315956,2.37482307568e-06
1980,40,1603,1593,482,167,2,2,0.00376647834275,0.00313873195229,-1.18219659219e-05,0.999999999989,0.0189631118074,1.19040249889e-05
1980,40,1603,1593,482,177,2,2,0.00376647834275,0.000627746390458,-2.36439318435e-06,0.999999999979,0.00378309315956,2.37482307568e-06
1980,40,1603,1592,482,186,2,2,0.00376884422111,0.000628140703518,-2.36736446046e-06,0.999999999988,0.0037854799578,2.37781404385e-06
1980,40,1603,1593,482,188,2,2,0.00376647834275,0.00627746390458,-2.3643931844e-05,0.999999999998,0.0380460158561,2.3883249125e-05
1980,40,1603,1593,482,192,2,3,0.00376647834275,0.000627746390458,NaN,NaN,0.00757094193591,2.37631573632e-06
1980,40,1603,1593,482,198,2,2,0.00376647834275,0.00313873195229,-1.18219659219e-05,0.999999999989,0.0189631118074,1.19040249889e-05
1980,40,1603,1593,482,200,2,2,0.00376647834275,0.00125549278092,-4.72878636881e-06,1.0,0.00757094193591,4.75263147264e-06
1980,40,1603,1593,482,207,2,2,0.00376647834275,0.00816070307596,-3.07371113972e-05,1.0,0.0495537316647,3.11071761863e-05
1980,40,1603,1593,482,208,2,2,0.00376647834275,0.000627746390458,-2.36439318435e-06,0.999999999979,0.00378309315956,2.37482307568e-06
1980,40,1603,1593,482,211,2,2,0.00376647834275,0.000627746390458,-2.36439318435e-06,0.999999999979,0.00378309315956,2.37482307568e-06
1980,40,1603,1593,482,215,2,2,0.00376647834275,0.00125549278092,-4.72878636881e-06,1.0,0.00757094193591,4.75263147264e-06
1980,40,1603,1593,482,218,2,3,0.00376647834275,0.00125549278092,NaN,NaN,0.0303984066121,9.54124501321e-06
1980,40,1603,1593,482,220,2,2,0.00376647834275,0.00125549278092,-4.72878636881e-06,1.0,0.00757094193591,4.75263147264e-06
1980,40,1603,1593,482,221,2,3,0.00376647834275,0.000627746390458,NaN,NaN,0.00757094193591,2.37631573632e-06
1980,40,1603,1593,482,222,2,2,0.00376647834275,0.000627746390458,-2.36439318435e-06,0.999999999979,0.00378309315956,2.37482307568e-06
1980,40,1603,1593,482,226,2,2,0.00376647834275,0.000627746390458,-2.36439318435e-06,0.999999999979,0.00378309315956,2.37482307568e-06
1980,40,1603,1593,482,227,2,2,0.00376647834275,0.000627746390458,-2.36439318435e-06,0.999999999979,0.00378309315956,2.37482307568e-06
1980,40,1603,1593,482,232,2,2,0.00376647834275,0.000627746390458,-2.36439318435e-06,0.999999999979,0.00378309315956,2.37482307568e-06
1980,40,1603,1593,482,233,2,2,0.00376647834275,0.000627746390458,-2.36439318435e-06,0.999999999979,0.00378309315956,2.37482307568e-06
1980,40,1603,1593,482,240,2,2,0.00376647834275,0.00188323917137,-7.09317955305e-06,0.999999999979,0.0113635553019,7.13343082355e-06
1980,40,1603,1593,482,244,2,2,0.00376647834275,0.000627746390458,-2.36439318435e-06,0.999999999979,0.00378309315956,2.37482307568e-06
1980,40,1603,1593,482,245,2,2,0.00376647834275,0.000627746390458,-2.36439318435e-06,0.999999999979,0.00378309315956,2.37482307568e-06
1980,40,1603,1593,483,15,2,2,0.00125549278092,0.000627746390458,-7.88131061413e-07,0.999999999932,0.00125786064199,7.89617477709e-07
1980,40,1603,1593,483,20,2,3,0.00125549278092,0.000627746390458,NaN,NaN,0.00251730250415,7.90113780335e-07
1980,40,1603,1593,483,22,2,2,0.00125549278092,0.00125549278092,-1.57626212294e-06,1.0,0.00251730250415,1.58022756067e-06
1980,40,1603,1593,483,26,2,2,0.00125549278092,0.00376647834275,-4.72878636881e-06,1.0,0.00757094193591,4.75263147264e-06
1980,40,1603,1593,483,33,2,2,0.00125549278092,0.000627746390458,-7.88131061413e-07,0.999999999932,0.00125786064199,7.89617477709e-07
1980,40,1603,1593,483,35,2,2,0.00125549278092,0.000627746390458,-7.88131061413e-07,0.999999999932,0.00125786064199,7.89617477709e-07
1980,40,1603,1593,483,46,2,3,0.00125549278092,0.000627746390458,NaN,NaN,0.00251730250415,7.90113780335e-07
1980,40,1603,1593,483,48,2,2,0.00125549278092,0.000627746390458,-7.88131061413e-07,0.999999999932,0.00125786064199,7.89617477709e-07
1980,40,1603,1593,483,49,2,2,0.00125549278092,0.000627746390458,-7.88131061413e-07,0.999999999932,0.00125786064199,7.89617477709e-07
1980,40,1603,1593,483,55,2,2,0.00125549278092,0.000627746390458,-7.88131061413e-07,0.999999999932,0.00125786064199,7.89617477709e-07
1980,40,1603,1593,483,60,2,2,0.00125549278092,0.000627746390458,-7.88131061413e-07,0.999999999932,0.00125786064199,7.89617477709e-07
1980,40,1603,1593,483,64,2,2,0.00125549278092,0.00251098556183,-3.15252424588e-06,1.0,0.00504094183021,3.16443303842e-06
1980,40,1603,1593,483,73,2,2,0.00125549278092,0.000627746390458,-7.88131061413e-07,0.999999999932,0.00125786064199,7.89617477709e-07
1980,40,1603,1593,483,77,2,2,0.00125549278092,0.00376647834275,-4.72878636881e-06,1.0,0.00757094193591,4.75263147264e-06
1980,40,1603,1593,483,94,2,2,0.00125549278092,0.000627746390458,-7.88131061413e-07,0.999999999932,0.00125786064199,7.89617477709e-07
1980,40,1603,1593,483,97,2,3,0.00125549278092,0.000627746390458,NaN,NaN,0.00251730250415,7.90113780335e-07
1980,40,1603,1593,483,101,2,2,0.00125549278092,0.00125549278092,-1.57626212294e-06,1.0,0.00251730250415,1.58022756067e-06
1980,40,1603,1593,483,105,2,2,0.00125549278092,0.291274325173,-0.000365692812521,1.0,0.822999611967,0.000516635035761
1980,40,1603,1593,483,115,2,2,0.00125549278092,0.000627746390458,-7.88131061413e-07,0.999999999932,0.00125786064199,7.89617477709e-07
1980,40,1603,1593,483,123,2,3,0.00125549278092,0.000627746390458,NaN,NaN,0.00504094183021,1.58221651921e-06
1980,40,1603,1593,483,124,2,2,0.00125549278092,0.00188323917137,-2.36439318435e-06,0.999999999979,0.0037783285699,2.37183212172e-06
1980,40,1603,1593,483,130,2,2,0.00125549278092,0.000627746390458,-7.88131061413e-07,0.999999999932,0.00125786064199,7.89617477709e-07
1980,40,1603,1593,483,131,2,2,0.00125549278092,0.00125549278092,-1.57626212294e-06,1.0,0.00251730250415,1.58022756067e-06
1980,40,1603,1593,483,140,2,3,0.00125549278092,0.00125549278092,NaN,NaN,0.0113779212616,3.57122450146e-06
1980,40,1603,1593,483,146,2,2,0.00125549278092,0.000627746390458,-7.88131061413e-07,0.999999999932,0.00125786064199,7.89617477709e-07
1980,40,1603,1593,483,149,2,2,0.00125549278092,0.000627746390458,-7.88131061413e-07,0.999999999932,0.00125786064199,7.89617477709e-07
1980,40,1603,1593,483,157,2,2,0.00125549278092,0.00125549278092,-1.57626212294e-06,1.0,0.00251730250415,1.58022756067e-06
1980,40,1603,1593,483,159,2,2,0.00125549278092,0.00376647834275,-4.72878636881e-06,1.0,0.00757094193591,4.75263147264e-06
1980,40,1603,1593,483,164,2,2,0.00125549278092,0.000627746390458,-7.88131061413e-07,0.999999999932,0.00125786064199,7.89617477709e-07
1980,40,1603,1593,483,167,2,2,0.00125549278092,0.00313873195229,-3.94065530729e-06,0.999999999989,0.00630514528353,3.95803219305e-06
1980,40,1603,1593,483,177,2,2,0.00125549278092,0.000627746390458,-7.88131061413e-07,0.999999999932,0.00125786064199,7.89617477709e-07
1980,40,1603,1592,483,186,2,2,0.00125628140704,0.000628140703518,-7.89121486822e-07,0.999999999988,0.00125865224593,7.90610707241e-07
1980,40,1603,1593,483,188,2,2,0.00125549278092,0.00627746390458,-7.88131061469e-06,1.0,0.0126501209226,7.94106774803e-06
1980,40,1603,1593,483,192,2,3,0.00125549278092,0.000627746390458,NaN,NaN,0.00251730250415,7.90113780335e-07
1980,40,1603,1593,483,198,2,2,0.00125549278092,0.00313873195229,-3.94065530729e-06,0.999999999989,0.00630514528353,3.95803219305e-06
1980,40,1603,1593,483,200,2,2,0.00125549278092,0.00125549278092,-1.57626212294e-06,1.0,0.00251730250415,1.58022756067e-06
1980,40,1603,1593,483,207,2,2,0.00125549278092,0.00816070307596,-1.0245703799e-05,0.999999999997,0.0164763821814,1.03429894422e-05
1980,40,1603,1593,483,208,2,2,0.00125549278092,0.000627746390458,-7.88131061413e-07,0.999999999932,0.00125786064199,7.89617477709e-07
1980,40,1603,1593,483,211,2,2,0.00125549278092,0.000627746390458,-7.88131061413e-07,0.999999999932,0.00125786064199,7.89617477709e-07
1980,40,1603,1593,483,215,2,2,0.00125549278092,0.00125549278092,-1.57626212294e-06,1.0,0.00251730250415,1.58022756067e-06
1980,40,1603,1593,483,218,2,3,0.00125549278092,0.00125549278092,NaN,NaN,0.0101073268999,3.17241898931e-06
1980,40,1603,1593,483,220,2,2,0.00125549278092,0.00125549278092,-1.57626212294e-06,1.0,0.00251730250415,1.58022756067e-06
1980,40,1603,1593,483,221,2,3,0.00125549278092,0.000627746390458,NaN,NaN,0.00251730250415,7.90113780335e-07
1980,40,1603,1593,483,222,2,2,0.00125549278092,0.000627746390458,-7.88131061413e-07,0.999999999932,0.00125786064199,7.89617477709e-07
1980,40,1603,1593,483,226,2,2,0.00125549278092,0.000627746390458,-7.88131061413e-07,0.999999999932,0.00125786064199,7.89617477709e-07
1980,40,1603,1593,483,227,2,2,0.00125549278092,0.000627746390458,-7.88131061413e-07,0.999999999932,0.00125786064199,7.89617477709e-07
1980,40,1603,1593,483,232,2,2,0.00125549278092,0.000627746390458,-7.88131061413e-07,0.999999999932,0.00125786064199,7.89617477709e-07
1980,40,1603,1593,483,233,2,2,0.00125549278092,0.000627746390458,-7.88131061413e-07,0.999999999932,0.00125786064199,7.89617477709e-07
1980,40,1603,1593,483,240,2,2,0.00125549278092,0.00188323917137,-2.36439318435e-06,0.999999999979,0.0037783285699,2.37183212172e-06
1980,40,1603,1593,483,244,2,2,0.00125549278092,0.000627746390458,-7.88131061413e-07,0.999999999932,0.00125786064199,7.89617477709e-07
1980,40,1603,1593,483,245,2,2,0.00125549278092,0.000627746390458,-7.88131061413e-07,0.999999999932,0.00125786064199,7.89617477709e-07
1980,40,1603,1593,485,15,4,2,0.000627746390458,0.000627746390458,NaN,NaN,1.15926430935,0.000242574661928
1980,40,1603,1593,485,20,4,3,0.000627746390458,0.000627746390458,NaN,NaN,2.04154140262,0.000213595041077
1980,40,1603,1593,485,22,4,2,0.000627746390458,0.00125549278092,NaN,NaN,0.0207837482309,4.34897431072e-06
1980,40,1603,1593,485,26,4,2,0.000627746390458,0.00376647834275,NaN,NaN,6.97750011527,0.00146003350393
1980,40,1603,1593,485,33,4,2,0.000627746390458,0.000627746390458,NaN,NaN,1.15926430935,0.000242574661928
1980,40,1603,1593,485,35,4,2,0.000627746390458,0.000627746390458,NaN,NaN,0.883533358281,0.00018487829217
1980,40,1603,1593,485,46,4,3,0.000627746390458,0.000627746390458,NaN,NaN,1.76817738075,0.000184994494742
1980,40,1603,1593,485,48,4,2,0.000627746390458,0.000627746390458,NaN,NaN,1.15926430935,0.000242574661928
1980,40,1603,1593,485,49,4,2,0.000627746390458,0.000627746390458,NaN,NaN,0.883533358281,0.00018487829217
1980,40,1603,1593,485,55,4,2,0.000627746390458,0.000627746390458,NaN,NaN,1.15926430935,0.000242574661928
1980,40,1603,1593,485,60,4,2,0.000627746390458,0.000627746390458,NaN,NaN,1.15926430935,0.000242574661928
1980,40,1603,1593,485,64,4,2,0.000627746390458,0.00251098556183,NaN,NaN,3.54080580587,0.00074090935465
1980,40,1603,1593,485,73,4,2,0.000627746390458,0.000627746390458,NaN,NaN,0.883533358281,0.00018487829217
1980,40,1603,1593,485,77,4,2,0.000627746390458,0.00376647834275,NaN,NaN,5.31790210353,0.00111276461677
1980,40,1603,1593,485,94,4,2,0.000627746390458,0.000627746390458,NaN,NaN,0.883533358281,0.00018487829217
1980,40,1603,1593,485,97,4,3,0.000627746390458,0.000627746390458,NaN,NaN,2.31998589628,0.000242727128717
1980,40,1603,1593,485,101,4,2,0.000627746390458,0.00125549278092,NaN,NaN,2.31998589628,0.000485454257434
1980,40,1603,1593,485,105,4,2,0.000627746390458,0.291274325173,NaN,NaN,484.648341427,0.101412082324
1980,40,1603,1593,485,115,4,3,0.000627746390458,0.000627746390458,NaN,NaN,2.04154140262,0.000213595041077
1980,40,1603,1593,485,123,4,3,0.000627746390458,0.000627746390458,NaN,NaN,1.38879158512,0.000145301484109
1980,40,1603,1593,485,124,4,2,0.000627746390458,0.00188323917137,NaN,NaN,2.65393416299,0.000555332530443
1980,40,1603,1593,485,130,4,2,0.000627746390458,0.000627746390458,NaN,NaN,1.15926430935,0.000242574661928
1980,40,1603,1593,485,131,4,2,0.000627746390458,0.00125549278092,NaN,NaN,2.31998589628,0.000485454257434
1980,40,1603,1593,485,140,4,3,0.000627746390458,0.00125549278092,NaN,NaN,8.16777973691,0.000854549041317
1980,40,1603,1593,485,146,4,2,0.000627746390458,0.000627746390458,NaN,NaN,1.15926430935,0.000242574661928
1980,40,1603,1593,485,149,4,2,0.000627746390458,0.000627746390458,NaN,NaN,1.15926430935,0.000242574661928
1980,40,1603,1593,485,157,4,2,0.000627746390458,0.00125549278092,NaN,NaN,1.76817738075,0.000369988989484
1980,40,1603,1593,485,159,4,2,0.000627746390458,0.00376647834275,NaN,NaN,0.0625083996888,1.3079807426e-05
1980,40,1603,1593,485,164,4,2,0.000627746390458,0.000627746390458,NaN,NaN,0.883533358281,0.00018487829217
1980,40,1603,1593,485,167,4,2,0.000627746390458,0.00313873195229,NaN,NaN,1.4618275167,0.000305885649027
1980,40,1603,1593,485,177,4,2,0.000627746390458,0.000627746390458,NaN,NaN,0.883533358281,0.00018487829217
1980,40,1603,1592,485,186,4,2,0.000628140703518,0.000628140703518,NaN,NaN,0.882350930842,0.000184746844816
1980,40,1603,1593,485,188,4,2,0.000627746390458,0.00627746390458,NaN,NaN,8.88556605422,0.0018592940059
1980,40,1603,1593,485,192,4,3,0.000627746390458,0.000627746390458,NaN,NaN,2.04154140262,0.000213595041077
1980,40,1603,1593,485,198,4,2,0.000627746390458,0.00313873195229,NaN,NaN,0.116556811007,2.43893724644e-05
1980,40,1603,1593,485,200,4,2,0.000627746390458,0.00125549278092,NaN,NaN,0.0207837482309,4.34897431072e-06
1980,40,1603,1593,485,207,4,2,0.000627746390458,0.00816070307596,NaN,NaN,2.78962088226,0.000583724813195
1980,40,1603,1593,485,208,4,2,0.000627746390458,0.000627746390458,NaN,NaN,0.883533358281,0.00018487829217
1980,40,1603,1593,485,211,4,2,0.000627746390458,0.000627746390458,NaN,NaN,1.15926430935,0.000242574661928
1980,40,1603,1593,485,215,4,2,0.000627746390458,0.00125549278092,NaN,NaN,1.76817738075,0.000369988989484
1980,40,1603,1593,485,218,4,3,0.000627746390458,0.00125549278092,NaN,NaN,1.03653412653,0.00010844675942
1980,40,1603,1593,485,220,4,2,0.000627746390458,0.00125549278092,NaN,NaN,0.0207837482309,4.34897431072e-06
1980,40,1603,1593,485,221,4,3,0.000627746390458,0.000627746390458,NaN,NaN,2.04154140262,0.000213595041077
1980,40,1603,1593,485,222,4,2,0.000627746390458,0.000627746390458,NaN,NaN,1.15926430935,0.000242574661928
1980,40,1603,1593,485,226,4,2,0.000627746390458,0.000627746390458,NaN,NaN,1.15926430935,0.000242574661928
1980,40,1603,1593,485,227,4,2,0.000627746390458,0.000627746390458,NaN,NaN,1.15926430935,0.000242574661928
1980,40,1603,1593,485,232,4,2,0.000627746390458,0.000627746390458,NaN,NaN,1.15926430935,0.000242574661928
1980,40,1603,1593,485,233,4,2,0.000627746390458,0.000627746390458,NaN,NaN,0.883533358281,0.00018487829217
1980,40,1603,1593,485,240,4,2,0.000627746390458,0.00188323917137,NaN,NaN,0.506662521663,0.000106018523052
1980,40,1603,1593,485,244,4,2,0.000627746390458,0.000627746390458,NaN,NaN,1.15926430935,0.000242574661928
1980,40,1603,1593,485,245,4,2,0.000627746390458,0.000627746390458,NaN,NaN,1593.0,0.333333333333
1980,40,1603,1594,486,15,2,2,0.000627352572146,0.000627352572146,-3.93571249813e-07,1.00000000009,0.000628140455989,3.94065530733e-07
1980,40,1603,1594,486,20,2,3,0.000627352572146,0.000627352572146,NaN,NaN,0.00125707003315,3.94313059333e-07
1980,40,1603,1594,486,22,2,2,0.000627352572146,0.00125470514429,-7.87142499625e-07,1.00000000009,0.00125707003315,7.88626118666e-07
1980,40,1603,1594,486,26,2,2,0.000627352572146,0.00376411543287,-2.36142749865e-06,0.999999999995,0.00378070936923,2.37183774732e-06
1980,40,1603,1594,486,33,2,2,0.000627352572146,0.000627352572146,-3.93571249813e-07,1.00000000009,0.000628140455989,3.94065530733e-07
1980,40,1603,1594,486,35,2,2,0.000627352572146,0.000627352572146,-3.93571249813e-07,1.00000000009,0.000628140455989,3.94065530733e-07
1980,40,1603,1594,486,46,2,3,0.000627352572146,0.000627352572146,NaN,NaN,0.00125707003315,3.94313059333e-07
1980,40,1603,1594,486,48,2,2,0.000627352572146,0.000627352572146,-3.93571249813e-07,1.00000000009,0.000628140455989,3.94065530733e-07
1980,40,1603,1594,486,49,2,2,0.000627352572146,0.000627352572146,-3.93571249813e-07,1.00000000009,0.000628140455989,3.94065530733e-07
1980,40,1603,1594,486,55,2,2,0.000627352572146,0.000627352572146,-3.93571249813e-07,1.00000000009,0.000628140455989,3.94065530733e-07
1980,40,1603,1594,486,60,2,2,0.000627352572146,0.000627352572146,-3.93571249813e-07,1.00000000009,0.000628140455989,3.94065530733e-07
1980,40,1603,1594,486,64,2,2,0.000627352572146,0.00250941028858,-1.57428499914e-06,1.00000000002,0.00251730250664,1.57923620241e-06
1980,40,1603,1594,486,73,2,2,0.000627352572146,0.000627352572146,-3.93571249813e-07,1.00000000009,0.000628140455989,3.94065530733e-07
1980,40,1603,1594,486,77,2,2,0.000627352572146,0.00376411543287,-2.36142749865e-06,0.999999999995,0.00378070936923,2.37183774732e-06
1980,40,1603,1594,486,94,2,2,0.000627352572146,0.000627352572146,-3.93571249813e-07,1.00000000009,0.000628140455989,3.94065530733e-07
1980,40,1603,1594,486,97,2,3,0.000627352572146,0.000627352572146,NaN,NaN,0.00125707003315,3.94313059333e-07
1980,40,1603,1594,486,101,2,2,0.000627352572146,0.00125470514429,-7.87142499625e-07,1.00000000009,0.00125707003315,7.88626118666e-07
1980,40,1603,1594,486,105,2,2,0.000627352572146,0.291718946048,0.000444341940999,1.0,2.42948113048,0.00152414123619
1980,40,1603,1594,486,115,2,3,0.000627352572146,0.000627352572146,NaN,NaN,0.00125707003315,3.94313059333e-07
1980,40,1603,1594,486,123,2,3,0.000627352572146,0.000627352572146,NaN,NaN,0.00251730250664,7.89618101205e-07
1980,40,1603,1594,486,124,2,2,0.000627352572146,0.00188205771644,-1.18071374933e-06,0.999999999995,0.00188679021947,1.18368269728e-06
1980,40,1603,1594,486,130,2,2,0.000627352572146,0.000627352572146,-3.93571249813e-07,1.00000000009,0.000628140455989,3.94065530733e-07
1980,40,1603,1594,486,131,2,2,0.000627352572146,0.00125470514429,-7.87142499625e-07,1.00000000009,0.00125707003315,7.88626118666e-07
1980,40,1603,1594,486,140,2,3,0.000627352572146,0.00125470514429,NaN,NaN,0.00568179792903,1.78224527259e-06
1980,40,1603,1594,486,146,2,2,0.000627352572146,0.000627352572146,-3.93571249813e-07,1.00000000009,0.000628140455989,3.94065530733e-07
1980,40,1603,1594,486,149,2,2,0.000627352572146,0.000627352572146,-3.93571249813e-07,1.00000000009,0.000628140455989,3.94065530733e-07
1980,40,1603,1594,486,157,2,2,0.000627352572146,0.00125470514429,-7.87142499625e-07,1.00000000009,0.00125707003315,7.88626118666e-07
1980,40,1603,1594,486,159,2,2,0.000627352572146,0.00376411543287,-2.36142749865e-06,0.999999999995,0.00378070936923,2.37183774732e-06
1980,40,1603,1594,486,164,2,2,0.000627352572146,0.000627352572146,-3.93571249813e-07,1.00000000009,0.000628140455989,3.94065530733e-07
1980,40,1603,1594,486,167,2,2,0.000627352572146,0.00313676286073,-1.96785624884e-06,0.999999999976,0.00314860839015,1.97528757224e-06
1980,40,1603,1594,486,177,2,2,0.000627352572146,0.000627352572146,-3.93571249813e-07,1.00000000009,0.000628140455989,3.94065530733e-07
1980,40,1603,1593,486,186,2,2,0.000627746390458,0.000627746390458,-3.94065530762e-07,1.00000000007,0.000628535264261,3.94560743416e-07
1980,40,1603,1594,486,188,2,2,0.000627352572146,0.00627352572146,-3.93571249779e-06,1.0,0.00631709435853,3.96304539431e-06
1980,40,1603,1594,486,192,2,3,0.000627352572146,0.000627352572146,NaN,NaN,0.00125707003315,3.94313059333e-07
1980,40,1603,1594,486,198,2,2,0.000627352572146,0.00313676286073,-1.96785624884e-06,0.999999999976,0.00314860839015,1.97528757224e-06
1980,40,1603,1594,486,200,2,2,0.000627352572146,0.00125470514429,-7.87142499625e-07,1.00000000009,0.00125707003315,7.88626118666e-07
1980,40,1603,1594,486,207,2,2,0.000627352572146,0.00815558343789,-5.11642624712e-06,1.0,0.00822780563129,5.16173502591e-06
1980,40,1603,1594,486,208,2,2,0.000627352572146,0.000627352572146,-3.93571249813e-07,1.00000000009,0.000628140455989,3.94065530733e-07
1980,40,1603,1594,486,211,2,2,0.000627352572146,0.000627352572146,-3.93571249813e-07,1.00000000009,0.000628140455989,3.94065530733e-07
1980,40,1603,1594,486,215,2,2,0.000627352572146,0.00125470514429,-7.87142499625e-07,1.00000000009,0.00125707003315,7.88626118666e-07
1980,40,1603,1594,486,218,2,3,0.000627352572146,0.00125470514429,NaN,NaN,0.00504730262996,1.58321914365e-06
1980,40,1603,1594,486,220,2,2,0.000627352572146,0.00125470514429,-7.87142499625e-07,1.00000000009,0.00125707003315,7.88626118666e-07
1980,40,1603,1594,486,221,2,3,0.000627352572146,0.000627352572146,NaN,NaN,0.00125707003315,3.94313059333e-07
1980,40,1603,1594,486,222,2,2,0.000627352572146,0.000627352572146,-3.93571249813e-07,1.00000000009,0.000628140455989,3.94065530733e-07
1980,40,1603,1594,486,226,2,2,0.000627352572146,0.000627352572146,-3.93571249813e-07,1.00000000009,0.000628140455989,3.94065530733e-07
1980,40,1603,1594,486,227,2,2,0.000627352572146,0.000627352572146,-3.93571249813e-07,1.00000000009,0.000628140455989,3.94065530733e-07
1980,40,1603,1594,486,232,2,2,0.000627352572146,0.000627352572146,-3.93571249813e-07,1.00000000009,0.000628140455989,3.94065530733e-07
1980,40,1603,1594,486,233,2,2,0.000627352572146,0.000627352572146,-3.93571249813e-07,1.00000000009,0.000628140455989,3.94065530733e-07
1980,40,1603,1594,486,240,2,2,0.000627352572146,0.00188205771644,-1.18071374933e-06,0.999999999995,0.00188679021947,1.18368269728e-06
1980,40,1603,1594,486,244,2,2,0.000627352572146,0.000627352572146,-3.93571249813e-07,1.00000000009,0.000628140455989,3.94065530733e-07
1980,40,1603,1594,486,245,2,2,0.000627352572146,0.000627352572146,-3.93571249813e-07,1.00000000009,0.000628140455989,3.94065530733e-07
1980,40,1603,1594,487,15,2,2,0.00941028858218,0.000627352572146,-5.90356874663e-06,0.999999999995,0.00950564673582,5.96339192962e-06
1980,40,1603,1594,487,20,2,3,0.00941028858218,0.000627352572146,NaN,NaN,0.0190232352389,5.96713777882e-06
1980,40,1603,1594,487,22,2,2,0.00941028858218,0.00125470514429,-1.18071374934e-05,1.0,0.0190232352389,1.19342755576e-05
1980,40,1603,1594,487,26,2,2,0.00941028858218,0.00376411543287,-3.542141248e-05,1.0,0.057213458124,3.58930101154e-05
1980,40,1603,1594,487,33,2,2,0.00941028858218,0.000627352572146,-5.90356874663e-06,0.999999999995,0.00950564673582,5.96339192962e-06
1980,40,1603,1594,487,35,2,2,0.00941028858218,0.000627352572146,-5.90356874663e-06,0.999999999995,0.00950564673582,5.96339192962e-06
1980,40,1603,1594,487,46,2,3,0.00941028858218,0.000627352572146,NaN,NaN,0.0190232352389,5.96713777882e-06
1980,40,1603,1594,487,48,2,2,0.00941028858218,0.000627352572146,-5.90356874663e-06,0.999999999995,0.00950564673582,5.96339192962e-06
1980,40,1603,1594,487,49,2,2,0.00941028858218,0.000627352572146,-5.90356874663e-06,0.999999999995,0.00950564673582,5.96339192962e-06
1980,40,1603,1594,487,55,2,2,0.00941028858218,0.000627352572146,-5.90356874663e-06,0.999999999995,0.00950564673582,5.96339192962e-06
1980,40,1603,1594,487,60,2,2,0.00941028858218,0.000627352572146,-5.90356874663e-06,0.999999999995,0.00950564673582,5.96339192962e-06
1980,40,1603,1594,487,64,2,2,0.00941028858218,0.00250941028858,-2.36142749866e-05,1.0,0.0380943276734,2.389857445e-05
1980,40,1603,1594,487,73,2,2,0.00941028858218,0.000627352572146,-5.90356874663e-06,0.999999999995,0.00950564673582,5.96339192962e-06
1980,40,1603,1594,487,77,2,2,0.00941028858218,0.00376411543287,-3.542141248e-05,1.0,0.057213458124,3.58930101154e-05
1980,40,1603,1594,487,94,2,2,0.00941028858218,0.000627352572146,-5.90356874663e-06,0.999999999995,0.00950564673582,5.96339192962e-06
1980,40,1603,1594,487,97,2,3,0.00941028858218,0.000627352572146,NaN,NaN,0.0190232352389,5.96713777882e-06
1980,40,1603,1594,487,101,2,2,0.00941028858218,0.00125470514429,-1.18071374934e-05,1.0,0.0190232352389,1.19342755576e-05
1980,40,1603,1594,487,105,2,2,0.00941028858218,0.291718946048,-0.0027451594672,1.0,6.23672302154,0.00391262422933
1980,40,1603,1594,487,115,2,3,0.00941028858218,0.000627352572146,NaN,NaN,0.0190232352389,5.96713777882e-06
1980,40,1603,1594,487,123,2,3,0.00941028858218,0.000627352572146,NaN,NaN,0.0380943276734,1.1949287225e-05
1980,40,1603,1594,487,124,2,2,0.00941028858218,0.00188205771644,-1.771070624e-05,1.0,0.0285527880267,1.79126650105e-05
1980,40,1603,1594,487,130,2,2,0.00941028858218,0.000627352572146,-5.90356874663e-06,0.999999999995,0.00950564673582,5.96339192962e-06
1980,40,1603,1594,487,131,2,2,0.00941028858218,0.00125470514429,-1.18071374934e-05,1.0,0.0190232352389,1.19342755576e-05
1980,40,1603,1594,487,140,2,3,0.00941028858218,0.00125470514429,NaN,NaN,0.0859826228716,2.69707098091e-05
1980,40,1603,1594,487,146,2,2,0.00941028858218,0.000627352572146,-5.90356874663e-06,0.999999999995,0.00950564673582,5.96339192962e-06
1980,40,1603,1594,487,149,2,2,0.00941028858218,0.000627352572146,-5.90356874663e-06,0.999999999995,0.00950564673582,5.96339192962e-06
1980,40,1603,1594,487,157,2,2,0.00941028858218,0.00125470514429,-1.18071374934e-05,1.0,0.0190232352389,1.19342755576e-05
1980,40,1603,1594,487,159,2,2,0.00941028858218,0.00376411543287,-3.542141248e-05,1.0,0.057213458124,3.58930101154e-05
1980,40,1603,1594,487,164,2,2,0.00941028858218,0.000627352572146,-5.90356874663e-06,0.999999999995,0.00950564673582,5.96339192962e-06
1980,40,1603,1594,487,167,2,2,0.00941028858218,0.00313676286073,-2.95178437333e-05,0.999999999999,0.0476478768098,2.98920180739e-05
1980,40,1603,1594,487,177,2,2,0.00941028858218,0.000627352572146,-5.90356874663e-06,0.999999999995,0.00950564673582,5.96339192962e-06
1980,40,1603,1593,487,186,2,2,0.00941619585687,0.000627746390458,-5.91098296099e-06,0.999999999998,0.00951167434129,5.97091923496e-06
1980,40,1603,1594,487,188,2,2,0.00941028858218,0.00627352572146,-5.90356874667e-05,1.0,0.0955965609227,5.99727483831e-05
1980,40,1603,1594,487,192,2,3,0.00941028858218,0.000627352572146,NaN,NaN,0.0190232352389,5.96713777882e-06
1980,40,1603,1594,487,198,2,2,0.00941028858218,0.00313676286073,-2.95178437333e-05,0.999999999999,0.0476478768098,2.98920180739e-05
1980,40,1603,1594,487,200,2,2,0.00941028858218,0.00125470514429,-1.18071374934e-05,1.0,0.0190232352389,1.19342755576e-05
1980,40,1603,1594,487,207,2,2,0.00941028858218,0.00815558343789,-7.67463937066e-05,0.999999999999,0.124511346143,7.81125132641e-05
1980,40,1603,1594,487,208,2,2,0.00941028858218,0.000627352572146,-5.90356874663e-06,0.999999999995,0.00950564673582,5.96339192962e-06
1980,40,1603,1594,487,211,2,2,0.00941028858218,0.000627352572146,-5.90356874663e-06,0.999999999995,0.00950564673582,5.96339192962e-06
1980,40,1603,1594,487,215,2,2,0.00941028858218,0.00125470514429,-1.18071374934e-05,1.0,0.0190232352389,1.19342755576e-05
1980,40,1603,1594,487,218,2,3,0.00941028858218,0.00125470514429,NaN,NaN,0.0763808083236,2.39588482822e-05
1980,40,1603,1594,487,220,2,2,0.00941028858218,0.00125470514429,-1.18071374934e-05,1.0,0.0190232352389,1.19342755576e-05
1980,40,1603,1594,487,221,2,3,0.00941028858218,0.000627352572146,NaN,NaN,0.0190232352389,5.96713777882e-06
1980,40,1603,1594,487,222,2,2,0.00941028858218,0.000627352572146,-5.90356874663e-06,0.999999999995,0.00950564673582,5.96339192962e-06
1980,40,1603,1594,487,226,2,2,0.00941028858218,0.000627352572146,-5.90356874663e-06,0.999999999995,0.00950564673582,5.96339192962e-06
1980,40,1603,1594,487,227,2,2,0.00941028858218,0.000627352572146,-5.90356874663e-06,0.999999999995,0.00950564673582,5.96339192962e-06
1980,40,1603,1594,487,232,2,2,0.00941028858218,0.000627352572146,-5.90356874663e-06,0.999999999995,0.00950564673582,5.96339192962e-06
1980,40,1603,1594,487,233,2,2,0.00941028858218,0.000627352572146,-5.90356874663e-06,0.999999999995,0.00950564673582,5.96339192962e-06
1980,40,1603,1594,487,240,2,2,0.00941028858218,0.00188205771644,-1.771070624e-05,1.0,0.0285527880267,1.79126650105e-05
1980,40,1603,1594,487,244,2,2,0.00941028858218,0.000627352572146,-5.90356874663e-06,0.999999999995,0.00950564673582,5.96339192962e-06
1980,40,1603,1594,487,245,2,2,0.00941028858218,0.000627352572146,-5.90356874663e-06,0.999999999995,0.00950564673582,5.96339192962e-06
1980,40,1603,1594,492,15,2,2,0.000627352572146,0.000627352572146,-3.93571249813e-07,1.00000000009,0.000628140455989,3.94065530733e-07
1980,40,1603,1594,492,20,2,3,0.000627352572146,0.000627352572146,NaN,NaN,0.00125707003315,3.94313059333e-07
1980,40,1603,1594,492,22,2,2,0.000627352572146,0.00125470514429,-7.87142499625e-07,1.00000000009,0.00125707003315,7.88626118666e-07
1980,40,1603,1594,492,26,2,2,0.000627352572146,0.00376411543287,-2.36142749865e-06,0.999999999995,0.00378070936923,2.37183774732e-06
1980,40,1603,1594,492,33,2,2,0.000627352572146,0.000627352572146,-3.93571249813e-07,1.00000000009,0.000628140455989,3.94065530733e-07
1980,40,1603,1594,492,35,2,2,0.000627352572146,0.000627352572146,-3.93571249813e-07,1.00000000009,0.000628140455989,3.94065530733e-07
1980,40,1603,1594,492,46,2,3,0.000627352572146,0.000627352572146,NaN,NaN,0.00125707003315,3.94313059333e-07
1980,40,1603,1594,492,48,2,2,0.000627352572146,0.000627352572146,-3.93571249813e-07,1.00000000009,0.000628140455989,3.94065530733e-07
1980,40,1603,1594,492,49,2,2,0.000627352572146,0.000627352572146,-3.93571249813e-07,1.00000000009,0.000628140455989,3.94065530733e-07
1980,40,1603,1594,492,55,2,2,0.000627352572146,0.000627352572146,-3.93571249813e-07,1.00000000009,0.000628140455989,3.94065530733e-07
1980,40,1603,1594,492,60,2,2,0.000627352572146,0.000627352572146,-3.93571249813e-07,1.00000000009,0.000628140455989,3.94065530733e-07
1980,40,1603,1594,492,64,2,2,0.000627352572146,0.00250941028858,-1.57428499914e-06,1.00000000002,0.00251730250664,1.57923620241e-06
1980,40,1603,1594,492,73,2,2,0.000627352572146,0.000627352572146,-3.93571249813e-07,1.00000000009,0.000628140455989,3.94065530733e-07
1980,40,1603,1594,492,77,2,2,0.000627352572146,0.00376411543287,-2.36142749865e-06,0.999999999995,0.00378070936923,2.37183774732e-06
1980,40,1603,1594,492,94,2,2,0.000627352572146,0.000627352572146,-3.93571249813e-07,1.00000000009,0.000628140455989,3.94065530733e-07
1980,40,1603,1594,492,97,2,3,0.000627352572146,0.000627352572146,NaN,NaN,0.00125707003315,3.94313059333e-07
1980,40,1603,1594,492,101,2,2,0.000627352572146,0.00125470514429,-7.87142499625e-07,1.00000000009,0.00125707003315,7.88626118666e-07
1980,40,1603,1594,492,105,2,2,0.000627352572146,0.291718946048,0.000444341940999,1.0,2.42948113048,0.00152414123619
1980,40,1603,1594,492,115,2,3,0.000627352572146,0.000627352572146,NaN,NaN,0.00125707003315,3.94313059333e-07
1980,40,1603,1594,492,123,2,3,0.000627352572146,0.000627352572146,NaN,NaN,0.00251730250664,7.89618101205e-07
1980,40,1603,1594,492,124,2,2,0.000627352572146,0.00188205771644,-1.18071374933e-06,0.999999999995,0.00188679021947,1.18368269728e-06
1980,40,1603,1594,492,130,2,2,0.000627352572146,0.000627352572146,-3.93571249813e-07,1.00000000009,0.000628140455989,3.94065530733e-07
1980,40,1603,1594,492,131,2,2,0.000627352572146,0.00125470514429,-7.87142499625e-07,1.00000000009,0.00125707003315,7.88626118666e-07
1980,40,1603,1594,492,140,2,3,0.000627352572146,0.00125470514429,NaN,NaN,0.00568179792903,1.78224527259e-06
1980,40,1603,1594,492,146,2,2,0.000627352572146,0.000627352572146,-3.93571249813e-07,1.00000000009,0.000628140455989,3.94065530733e-07
1980,40,1603,1594,492,149,2,2,0.000627352572146,0.000627352572146,-3.93571249813e-07,1.00000000009,0.000628140455989,3.94065530733e-07
1980,40,1603,1594,492,157,2,2,0.000627352572146,0.00125470514429,-7.87142499625e-07,1.00000000009,0.00125707003315,7.88626118666e-07
1980,40,1603,1594,492,159,2,2,0.000627352572146,0.00376411543287,-2.36142749865e-06,0.999999999995,0.00378070936923,2.37183774732e-06
1980,40,1603,1594,492,164,2,2,0.000627352572146,0.000627352572146,-3.93571249813e-07,1.00000000009,0.000628140455989,3.94065530733e-07
1980,40,1603,1594,492,167,2,2,0.000627352572146,0.00313676286073,-1.96785624884e-06,0.999999999976,0.00314860839015,1.97528757224e-06
1980,40,1603,1594,492,177,2,2,0.000627352572146,0.000627352572146,-3.93571249813e-07,1.00000000009,0.000628140455989,3.94065530733e-07
1980,40,1603,1593,492,186,2,2,0.000627746390458,0.000627746390458,-3.94065530762e-07,1.00000000007,0.000628535264261,3.94560743416e-07
1980,40,1603,1594,492,188,2,2,0.000627352572146,0.00627352572146,-3.93571249779e-06,1.0,0.00631709435853,3.96304539431e-06
1980,40,1603,1594,492,192,2,3,0.000627352572146,0.000627352572146,NaN,NaN,0.00125707003315,3.94313059333e-07
1980,40,1603,1594,492,198,2,2,0.000627352572146,0.00313676286073,-1.96785624884e-06,0.999999999976,0.00314860839015,1.97528757224e-06
1980,40,1603,1594,492,200,2,2,0.000627352572146,0.00125470514429,-7.87142499625e-07,1.00000000009,0.00125707003315,7.88626118666e-07
1980,40,1603,1594,492,207,2,2,0.000627352572146,0.00815558343789,-5.11642624712e-06,1.0,0.00822780563129,5.16173502591e-06
1980,40,1603,1594,492,208,2,2,0.000627352572146,0.000627352572146,-3.93571249813e-07,1.00000000009,0.000628140455989,3.94065530733e-07
1980,40,1603,1594,492,211,2,2,0.000627352572146,0.000627352572146,-3.93571249813e-07,1.00000000009,0.000628140455989,3.94065530733e-07
1980,40,1603,1594,492,215,2,2,0.000627352572146,0.00125470514429,-7.87142499625e-07,1.00000000009,0.00125707003315,7.88626118666e-07
1980,40,1603,1594,492,218,2,3,0.000627352572146,0.00125470514429,NaN,NaN,0.00504730262996,1.58321914365e-06
1980,40,1603,1594,492,220,2,2,0.000627352572146,0.00125470514429,-7.87142499625e-07,1.00000000009,0.00125707003315,7.88626118666e-07
1980,40,1603,1594,492,221,2,3,0.000627352572146,0.000627352572146,NaN,NaN,0.00125707003315,3.94313059333e-07
1980,40,1603,1594,492,222,2,2,0.000627352572146,0.000627352572146,-3.93571249813e-07,1.00000000009,0.000628140455989,3.94065530733e-07
1980,40,1603,1594,492,226,2,2,0.000627352572146,0.000627352572146,-3.93571249813e-07,1.00000000009,0.000628140455989,3.94065530733e-07
1980,40,1603,1594,492,227,2,2,0.000627352572146,0.000627352572146,-3.93571249813e-07,1.00000000009,0.000628140455989,3.94065530733e-07
1980,40,1603,1594,492,232,2,2,0.000627352572146,0.000627352572146,-3.93571249813e-07,1.00000000009,0.000628140455989,3.94065530733e-07
1980,40,1603,1594,492,233,2,2,0.000627352572146,0.000627352572146,-3.93571249813e-07,1.00000000009,0.000628140455989,3.94065530733e-07
1980,40,1603,1594,492,240,2,2,0.000627352572146,0.00188205771644,-1.18071374933e-06,0.999999999995,0.00188679021947,1.18368269728e-06
1980,40,1603,1594,492,244,2,2,0.000627352572146,0.000627352572146,-3.93571249813e-07,1.00000000009,0.000628140455989,3.94065530733e-07
1980,40,1603,1594,492,245,2,2,0.000627352572146,0.000627352572146,-3.93571249813e-07,1.00000000009,0.000628140455989,3.94065530733e-07
1980,40,1603,1594,496,15,2,2,0.00188205771644,0.000627352572146,-1.18071374933e-06,0.999999999995,0.00188679021947,1.18368269728e-06
1980,40,1603,1594,496,20,2,3,0.00188205771644,0.000627352572146,NaN,NaN,0.0037759507784,1.18442621656e-06
1980,40,1603,1594,496,22,2,2,0.00188205771644,0.00125470514429,-2.36142749865e-06,0.999999999995,0.0037759507784,2.36885243313e-06
1980,40,1603,1594,496,26,2,2,0.00188205771644,0.00376411543287,-7.08428249596e-06,0.999999999995,0.0113563859683,7.12445794749e-06
1980,40,1603,1594,496,33,2,2,0.00188205771644,0.000627352572146,-1.18071374933e-06,0.999999999995,0.00188679021947,1.18368269728e-06
1980,40,1603,1594,496,35,2,2,0.00188205771644,0.000627352572146,-1.18071374933e-06,0.999999999995,0.00188679021947,1.18368269728e-06
1980,40,1603,1594,496,46,2,3,0.00188205771644,0.000627352572146,NaN,NaN,0.0037759507784,1.18442621656e-06
1980,40,1603,1594,496,48,2,2,0.00188205771644,0.000627352572146,-1.18071374933e-06,0.999999999995,0.00188679021947,1.18368269728e-06
1980,40,1603,1594,496,49,2,2,0.00188205771644,0.000627352572146,-1.18071374933e-06,0.999999999995,0.00188679021947,1.18368269728e-06
1980,40,1603,1594,496,55,2,2,0.00188205771644,0.000627352572146,-1.18071374933e-06,0.999999999995,0.00188679021947,1.18368269728e-06
1980,40,1603,1594,496,60,2,2,0.00188205771644,0.000627352572146,-1.18071374933e-06,0.999999999995,0.00188679021947,1.18368269728e-06
1980,40,1603,1594,496,64,2,2,0.00188205771644,0.00250941028858,-4.7228549972e-06,0.999999999971,0.00756140080405,4.74366424344e-06
1980,40,1603,1594,496,73,2,2,0.00188205771644,0.000627352572146,-1.18071374933e-06,0.999999999995,0.00188679021947,1.18368269728e-06
1980,40,1603,1594,496,77,2,2,0.00188205771644,0.00376411543287,-7.08428249596e-06,0.999999999995,0.0113563859683,7.12445794749e-06
1980,40,1603,1594,496,94,2,2,0.00188205771644,0.000627352572146,-1.18071374933e-06,0.999999999995,0.00188679021947,1.18368269728e-06
1980,40,1603,1594,496,97,2,3,0.00188205771644,0.000627352572146,NaN,NaN,0.0037759507784,1.18442621656e-06
1980,40,1603,1594,496,101,2,2,0.00188205771644,0.00125470514429,-2.36142749865e-06,0.999999999995,0.0037759507784,2.36885243313e-06
1980,40,1603,1594,496,105,2,2,0.00188205771644,0.291718946048,0.000705673250851,0.52937702982,2.04508125012,0.00128298698251
1980,40,1603,1594,496,115,2,3,0.00188205771644,0.000627352572146,NaN,NaN,0.0037759507784,1.18442621656e-06
1980,40,1603,1594,496,123,2,3,0.00188205771644,0.000627352572146,NaN,NaN,0.00756140080405,2.37183212172e-06
1980,40,1603,1594,496,124,2,2,0.00188205771644,0.00188205771644,-3.54214124787e-06,0.999999999964,0.00566748614634,3.55551201151e-06
1980,40,1603,1594,496,130,2,2,0.00188205771644,0.000627352572146,-1.18071374933e-06,0.999999999995,0.00188679021947,1.18368269728e-06
1980,40,1603,1594,496,131,2,2,0.00188205771644,0.00125470514429,-2.36142749865e-06,0.999999999995,0.0037759507784,2.36885243313e-06
1980,40,1603,1594,496,140,2,3,0.00188205771644,0.00125470514429,NaN,NaN,0.0170668210577,5.35345704446e-06
1980,40,1603,1594,496,146,2,2,0.00188205771644,0.000627352572146,-1.18071374933e-06,0.999999999995,0.00188679021947,1.18368269728e-06
1980,40,1603,1594,496,149,2,2,0.00188205771644,0.000627352572146,-1.18071374933e-06,0.999999999995,0.00188679021947,1.18368269728e-06
1980,40,1603,1594,496,157,2,2,0.00188205771644,0.00125470514429,-2.36142749865e-06,0.999999999995,0.0037759507784,2.36885243313e-06
1980,40,1603,1594,496,159,2,2,0.00188205771644,0.00376411543287,-7.08428249596e-06,0.999999999995,0.0113563859683,7.12445794749e-06
1980,40,1603,1594,496,164,2,2,0.00188205771644,0.000627352572146,-1.18071374933e-06,0.999999999995,0.00188679021947,1.18368269728e-06
1980,40,1603,1594,496,167,2,2,0.00188205771644,0.00313676286073,-5.90356874663e-06,0.999999999995,0.00945769924358,5.93331194704e-06
1980,40,1603,1594,496,177,2,2,0.00188205771644,0.000627352572146,-1.18071374933e-06,0.999999999995,0.00188679021947,1.18368269728e-06
1980,40,1603,1593,496,186,2,2,0.00188323917137,0.000627746390458,-1.18219659218e-06,0.999999999979,0.00188797762397,1.18517113871e-06
1980,40,1603,1594,496,188,2,2,0.00188205771644,0.00627352572146,-1.18071374934e-05,1.0,0.0189751061844,1.19040816715e-05
1980,40,1603,1594,496,192,2,3,0.00188205771644,0.000627352572146,NaN,NaN,0.0037759507784,1.18442621656e-06
1980,40,1603,1594,496,198,2,2,0.00188205771644,0.00313676286073,-5.90356874663e-06,0.999999999995,0.00945769924358,5.93331194704e-06
1980,40,1603,1594,496,200,2,2,0.00188205771644,0.00125470514429,-2.36142749865e-06,0.999999999995,0.0037759507784,2.36885243313e-06
1980,40,1603,1594,496,207,2,2,0.00188205771644,0.00815558343789,-1.53492787413e-05,0.999999999995,0.024714445702,1.55046710803e-05
1980,40,1603,1594,496,208,2,2,0.00188205771644,0.000627352572146,-1.18071374933e-06,0.999999999995,0.00188679021947,1.18368269728e-06
1980,40,1603,1594,496,211,2,2,0.00188205771644,0.000627352572146,-1.18071374933e-06,0.999999999995,0.00188679021947,1.18368269728e-06
1980,40,1603,1594,496,215,2,2,0.00188205771644,0.00125470514429,-2.36142749865e-06,0.999999999995,0.0037759507784,2.36885243313e-06
1980,40,1603,1594,496,218,2,3,0.00188205771644,0.00125470514429,NaN,NaN,0.0151609423436,4.75562808769e-06
1980,40,1603,1594,496,220,2,2,0.00188205771644,0.00125470514429,-2.36142749865e-06,0.999999999995,0.0037759507784,2.36885243313e-06
1980,40,1603,1594,496,221,2,3,0.00188205771644,0.000627352572146,NaN,NaN,0.0037759507784,1.18442621656e-06
1980,40,1603,1594,496,222,2,2,0.00188205771644,0.000627352572146,-1.18071374933e-06,0.999999999995,0.00188679021947,1.18368269728e-06
1980,40,1603,1594,496,226,2,2,0.00188205771644,0.000627352572146,-1.18071374933e-06,0.999999999995,0.00188679021947,1.18368269728e-06
1980,40,1603,1594,496,227,2,2,0.00188205771644,0.000627352572146,-1.18071374933e-06,0.999999999995,0.00188679021947,1.18368269728e-06
1980,40,1603,1594,496,232,2,2,0.00188205771644,0.000627352572146,-1.18071374933e-06,0.999999999995,0.00188679021947,1.18368269728e-06
1980,40,1603,1594,496,233,2,2,0.00188205771644,0.000627352572146,-1.18071374933e-06,0.999999999995,0.00188679021947,1.18368269728e-06
1980,40,1603,1594,496,240,2,2,0.00188205771644,0.00188205771644,-3.54214124787e-06,0.999999999964,0.00566748614634,3.55551201151e-06
1980,40,1603,1594,496,244,2,2,0.00188205771644,0.000627352572146,-1.18071374933e-06,0.999999999995,0.00188679021947,1.18368269728e-06
1980,40,1603,1594,496,245,2,2,0.00188205771644,0.000627352572146,-1.18071374933e-06,0.999999999995,0.00188679021947,1.18368269728e-06
1980,40,1603,1595,498,15,2,2,0.0012539184953,0.000626959247649,-7.86155796573e-07,1.00000000019,0.00125628041754,7.87636625418e-07
1980,40,1603,1595,498,20,2,3,0.0012539184953,0.000626959247649,NaN,NaN,0.00251413808608,7.88131061467e-07
1980,40,1603,1595,498,22,2,2,0.0012539184953,0.0012539184953,-1.57231159292e-06,1.00000000005,0.00251413808608,1.57626212293e-06
1980,40,1603,1595,498,26,2,2,0.0012539184953,0.00376175548589,-4.71693477855e-06,1.0,0.00756140082654,4.74069017338e-06
1980,40,1603,1595,498,33,2,2,0.0012539184953,0.000626959247649,-7.86155796573e-07,1.00000000019,0.00125628041754,7.87636625418e-07
1980,40,1603,1595,498,35,2,2,0.0012539184953,0.000626959247649,-7.86155796573e-07,1.00000000019,0.00125628041754,7.87636625418e-07
1980,40,1603,1595,498,46,2,3,0.0012539184953,0.000626959247649,NaN,NaN,0.00251413808608,7.88131061467e-07
1980,40,1603,1595,498,48,2,2,0.0012539184953,0.000626959247649,-7.86155796573e-07,1.00000000019,0.00125628041754,7.87636625418e-07
1980,40,1603,1595,498,49,2,2,0.0012539184953,0.000626959247649,-7.86155796573e-07,1.00000000019,0.00125628041754,7.87636625418e-07
1980,40,1603,1595,498,55,2,2,0.0012539184953,0.000626959247649,-7.86155796573e-07,1.00000000019,0.00125628041754,7.87636625418e-07
1980,40,1603,1595,498,60,2,2,0.0012539184953,0.000626959247649,-7.86155796573e-07,1.00000000019,0.00125628041754,7.87636625418e-07
1980,40,1603,1595,498,64,2,2,0.0012539184953,0.0025078369906,-3.14462318574e-06,1.00000000001,0.00503459707244,3.15648719275e-06
1980,40,1603,1595,498,73,2,2,0.0012539184953,0.000626959247649,-7.86155796573e-07,1.00000000019,0.00125628041754,7.87636625418e-07
1980,40,1603,1595,498,77,2,2,0.0012539184953,0.00376175548589,-4.71693477855e-06,1.0,0.00756140082654,4.74069017338e-06
1980,40,1603,1595,498,94,2,2,0.0012539184953,0.000626959247649,-7.86155796573e-07,1.00000000019,0.00125628041754,7.87636625418e-07
1980,40,1603,1595,498,97,2,3,0.0012539184953,0.000626959247649,NaN,NaN,0.00251413808608,7.88131061467e-07
1980,40,1603,1595,498,101,2,2,0.0012539184953,0.0012539184953,-1.57231159292e-06,1.00000000005,0.00251413808608,1.57626212293e-06
1980,40,1603,1595,498,105,2,2,0.0012539184953,0.291536050157,0.00088835604996,1.0,4.86631701868,0.00305098245685
1980,40,1603,1595,498,115,2,3,0.0012539184953,0.000626959247649,NaN,NaN,0.00251413808608,7.88131061467e-07
1980,40,1603,1595,498,123,2,3,0.0012539184953,0.000626959247649,NaN,NaN,0.00503459707244,1.57824359638e-06
1980,40,1603,1595,498,124,2,2,0.0012539184953,0.00188087774295,-2.35846738927e-06,1.0,0.00377357597782,2.365878356e-06
1980,40,1603,1595,498,130,2,2,0.0012539184953,0.000626959247649,-7.86155796573e-07,1.00000000019,0.00125628041754,7.87636625418e-07
1980,40,1603,1595,498,131,2,2,0.0012539184953,0.0012539184953,-1.57231159292e-06,1.00000000005,0.00251413808608,1.57626212293e-06
1980,40,1603,1595,498,140,2,3,0.0012539184953,0.0012539184953,NaN,NaN,0.0113635554036,3.56224307322e-06
1980,40,1603,1595,498,146,2,2,0.0012539184953,0.000626959247649,-7.86155796573e-07,1.00000000019,0.00125628041754,7.87636625418e-07
1980,40,1603,1595,498,149,2,2,0.0012539184953,0.000626959247649,-7.86155796573e-07,1.00000000019,0.00125628041754,7.87636625418e-07
1980,40,1603,1595,498,157,2,2,0.0012539184953,0.0012539184953,-1.57231159292e-06,1.00000000005,0.00251413808608,1.57626212293e-06
1980,40,1603,1595,498,159,2,2,0.0012539184953,0.00376175548589,-4.71693477855e-06,1.0,0.00756140082654,4.74069017338e-06
1980,40,1603,1595,498,164,2,2,0.0012539184953,0.000626959247649,-7.86155796573e-07,1.00000000019,0.00125628041754,7.87636625418e-07
1980,40,1603,1595,498,167,2,2,0.0012539184953,0.00313479623824,-3.93077898209e-06,0.99999999999,0.00629720435711,3.94809050603e-06
1980,40,1603,1595,498,177,2,2,0.0012539184953,0.000626959247649,-7.86155796573e-07,1.00000000019,0.00125628041754,7.87636625418e-07
1980,40,1603,1594,498,186,2,2,0.00125470514429,0.000627352572146,-7.87142499625e-07,1.00000000009,0.00125707003315,7.88626118666e-07
1980,40,1603,1595,498,188,2,2,0.0012539184953,0.00626959247649,-7.86155796428e-06,1.0,0.0126341387102,7.92109010042e-06
1980,40,1603,1595,498,192,2,3,0.0012539184953,0.000626959247649,NaN,NaN,0.00251413808608,7.88131061467e-07
1980,40,1603,1595,498,198,2,2,0.0012539184953,0.00313479623824,-3.93077898209e-06,0.99999999999,0.00629720435711,3.94809050603e-06
1980,40,1603,1595,498,200,2,2,0.0012539184953,0.0012539184953,-1.57231159292e-06,1.00000000005,0.00251413808608,1.57626212293e-06
1980,40,1603,1595,498,207,2,2,0.0012539184953,0.00815047021944,-1.02200253537e-05,1.00000000001,0.01645552643,1.03169444702e-05
1980,40,1603,1595,498,208,2,2,0.0012539184953,0.000626959247649,-7.86155796573e-07,1.00000000019,0.00125628041754,7.87636625418e-07
1980,40,1603,1595,498,211,2,2,0.0012539184953,0.000626959247649,-7.86155796573e-07,1.00000000019,0.00125628041754,7.87636625418e-07
1980,40,1603,1595,498,215,2,2,0.0012539184953,0.0012539184953,-1.57231159292e-06,1.00000000005,0.00251413808608,1.57626212293e-06
1980,40,1603,1595,498,218,2,3,0.0012539184953,0.0012539184953,NaN,NaN,0.0100945733362,3.16444305209e-06
1980,40,1603,1595,498,220,2,2,0.0012539184953,0.0012539184953,-1.57231159292e-06,1.00000000005,0.00251413808608,1.57626212293e-06
1980,40,1603,1595,498,221,2,3,0.0012539184953,0.000626959247649,NaN,NaN,0.00251413808608,7.88131061467e-07
1980,40,1603,1595,498,222,2,2,0.0012539184953,0.000626959247649,-7.86155796573e-07,1.00000000019,0.00125628041754,7.87636625418e-07
1980,40,1603,1595,498,226,2,2,0.0012539184953,0.000626959247649,-7.86155796573e-07,1.00000000019,0.00125628041754,7.87636625418e-07
1980,40,1603,1595,498,227,2,2,0.0012539184953,0.000626959247649,-7.86155796573e-07,1.00000000019,0.00125628041754,7.87636625418e-07
1980,40,1603,1595,498,232,2,2,0.0012539184953,0.000626959247649,-7.86155796573e-07,1.00000000019,0.00125628041754,7.87636625418e-07
1980,40,1603,1595,498,233,2,2,0.0012539184953,0.000626959247649,-7.86155796573e-07,1.00000000019,0.00125628041754,7.87636625418e-07
1980,40,1603,1595,498,240,2,2,0.0012539184953,0.00188087774295,-2.35846738927e-06,1.0,0.00377357597782,2.365878356e-06
1980,40,1603,1595,498,244,2,2,0.0012539184953,0.000626959247649,-7.86155796573e-07,1.00000000019,0.00125628041754,7.87636625418e-07
1980,40,1603,1595,498,245,2,2,0.0012539184953,0.000626959247649,-7.86155796573e-07,1.00000000019,0.00125628041754,7.87636625418e-07
1980,40,1603,1595,499,15,2,2,0.000626959247649,0.000626959247649,-3.93077898231e-07,1.00000000005,0.000627746143395,3.93571249778e-07
1980,40,1603,1595,499,20,2,3,0.000626959247649,0.000626959247649,NaN,NaN,0.00125628041754,3.93818312709e-07
1980,40,1603,1595,499,22,2,2,0.000626959247649,0.0012539184953,-7.86155796573e-07,1.00000000019,0.00125628041754,7.87636625418e-07
1980,40,1603,1595,499,26,2,2,0.000626959247649,0.00376175548589,-2.35846738927e-06,1.0,0.00377832858114,2.3688580446e-06
1980,40,1603,1595,499,33,2,2,0.000626959247649,0.000626959247649,-3.93077898231e-07,1.00000000005,0.000627746143395,3.93571249778e-07
1980,40,1603,1595,499,35,2,2,0.000626959247649,0.000626959247649,-3.93077898231e-07,1.00000000005,0.000627746143395,3.93571249778e-07
1980,40,1603,1595,499,46,2,3,0.000626959247649,0.000626959247649,NaN,NaN,0.00125628041754,3.93818312709e-07
1980,40,1603,1595,499,48,2,2,0.000626959247649,0.000626959247649,-3.93077898231e-07,1.00000000005,0.000627746143395,3.93571249778e-07
1980,40,1603,1595,499,49,2,2,0.000626959247649,0.000626959247649,-3.93077898231e-07,1.00000000005,0.000627746143395,3.93571249778e-07
1980,40,1603,1595,499,55,2,2,0.000626959247649,0.000626959247649,-3.93077898231e-07,1.00000000005,0.000627746143395,3.93571249778e-07
1980,40,1603,1595,499,60,2,2,0.000626959247649,0.000626959247649,-3.93077898231e-07,1.00000000005,0.000627746143395,3.93571249778e-07
1980,40,1603,1595,499,64,2,2,0.000626959247649,0.0025078369906,-1.57231159281e-06,0.999999999976,0.00251571930251,1.5772534812e-06
1980,40,1603,1595,499,73,2,2,0.000626959247649,0.000626959247649,-3.93077898231e-07,1.00000000005,0.000627746143395,3.93571249778e-07
1980,40,1603,1595,499,77,2,2,0.000626959247649,0.00376175548589,-2.35846738927e-06,1.0,0.00377832858114,2.3688580446e-06
1980,40,1603,1595,499,94,2,2,0.000626959247649,0.000626959247649,-3.93077898231e-07,1.00000000005,0.000627746143395,3.93571249778e-07
1980,40,1603,1595,499,97,2,3,0.000626959247649,0.000626959247649,NaN,NaN,0.00125628041754,3.93818312709e-07
1980,40,1603,1595,499,101,2,2,0.000626959247649,0.0012539184953,-7.86155796573e-07,1.00000000019,0.00125628041754,7.87636625418e-07
1980,40,1603,1595,499,105,2,2,0.000626959247649,0.291536050157,-0.000182781222669,1.0,0.411762583138,0.000258158359334
1980,40,1603,1595,499,115,2,3,0.000626959247649,0.000626959247649,NaN,NaN,0.00125628041754,3.93818312709e-07
1980,40,1603,1595,499,123,2,3,0.000626959247649,0.000626959247649,NaN,NaN,530.999581765,0.166457549143
1980,40,1603,1595,499,124,2,2,0.000626959247649,0.00188087774295,-1.17923369469e-06,1.00000000005,0.00188560430761,1.18219705806e-06
1980,40,1603,1595,499,130,2,2,0.000626959247649,0.000626959247649,-3.93077898231e-07,1.00000000005,0.000627746143395,3.93571249778e-07
1980,40,1603,1595,499,131,2,2,0.000626959247649,0.0012539184953,-7.86155796573e-07,1.00000000019,0.00125628041754,7.87636625418e-07
1980,40,1603,1595,499,140,2,3,0.000626959247649,0.0012539184953,NaN,NaN,0.00567821322393,1.78000414543e-06
1980,40,1603,1595,499,146,2,2,0.000626959247649,0.000626959247649,-3.93077898231e-07,1.00000000005,0.000627746143395,3.93571249778e-07
1980,40,1603,1595,499,149,2,2,0.000626959247649,0.000626959247649,-3.93077898231e-07,1.00000000005,0.000627746143395,3.93571249778e-07
1980,40,1603,1595,499,157,2,2,0.000626959247649,0.0012539184953,-7.86155796573e-07,1.00000000019,0.00125628041754,7.87636625418e-07
1980,40,1603,1595,499,159,2,2,0.000626959247649,0.00376175548589,-2.35846738927e-06,1.0,0.00377832858114,2.3688580446e-06
1980,40,1603,1595,499,164,2,2,0.000626959247649,0.000626959247649,-3.93077898231e-07,1.00000000005,0.000627746143395,3.93571249778e-07
1980,40,1603,1595,499,167,2,2,0.000626959247649,0.00313479623824,-1.96538949104e-06,0.99999999999,0.00314662689488,1.97280683065e-06
1980,40,1603,1595,499,177,2,2,0.000626959247649,0.000626959247649,-3.93077898231e-07,1.00000000005,0.000627746143395,3.93571249778e-07
1980,40,1603,1594,499,186,2,2,0.000627352572146,0.000627352572146,-3.93571249813e-07,1.00000000009,0.000628140455989,3.94065530733e-07
1980,40,1603,1595,499,188,2,2,0.000626959247649,0.00626959247649,-3.93077898209e-06,0.99999999999,0.00631310632538,3.95806039209e-06
1980,40,1603,1595,499,192,2,3,0.000626959247649,0.000626959247649,NaN,NaN,0.00125628041754,3.93818312709e-07
1980,40,1603,1595,499,198,2,2,0.000626959247649,0.00313479623824,-1.96538949104e-06,0.99999999999,0.00314662689488,1.97280683065e-06
1980,40,1603,1595,499,200,2,2,0.000626959247649,0.0012539184953,-7.86155796573e-07,1.00000000019,0.00125628041754,7.87636625418e-07
1980,40,1603,1595,499,207,2,2,0.000626959247649,0.00815047021944,-5.11001267678e-06,1.0,0.0082226015066,5.15523605429e-06
1980,40,1603,1595,499,208,2,2,0.000626959247649,0.000626959247649,-3.93077898231e-07,1.00000000005,0.000627746143395,3.93571249778e-07
1980,40,1603,1595,499,211,2,2,0.000626959247649,0.000626959247649,-3.93077898231e-07,1.00000000005,0.000627746143395,3.93571249778e-07
1980,40,1603,1595,499,215,2,2,0.000626959247649,0.0012539184953,-7.86155796573e-07,1.00000000019,0.00125628041754,7.87636625418e-07
1980,40,1603,1595,499,218,2,3,0.000626959247649,0.0012539184953,NaN,NaN,0.00504412023981,1.5812289153e-06
1980,40,1603,1595,499,220,2,2,0.000626959247649,0.0012539184953,-7.86155796573e-07,1.00000000019,0.00125628041754,7.87636625418e-07
1980,40,1603,1595,499,221,2,3,0.000626959247649,0.000626959247649,NaN,NaN,0.00125628041754,3.93818312709e-07
1980,40,1603,1595,499,222,2,2,0.000626959247649,0.000626959247649,-3.93077898231e-07,1.00000000005,0.000627746143395,3.93571249778e-07
1980,40,1603,1595,499,226,2,2,0.000626959247649,0.000626959247649,-3.93077898231e-07,1.00000000005,0.000627746143395,3.93571249778e-07
1980,40,1603,1595,499,227,2,2,0.000626959247649,0.000626959247649,-3.93077898231e-07,1.00000000005,0.000627746143395,3.93571249778e-07
1980,40,1603,1595,499,232,2,2,0.000626959247649,0.000626959247649,-3.93077898231e-07,1.00000000005,0.000627746143395,3.93571249778e-07
1980,40,1603,1595,499,233,2,2,0.000626959247649,0.000626959247649,-3.93077898231e-07,1.00000000005,0.000627746143395,3.93571249778e-07
1980,40,1603,1595,499,240,2,2,0.000626959247649,0.00188087774295,-1.17923369469e-06,1.00000000005,0.00188560430761,1.18219705806e-06
1980,40,1603,1595,499,244,2,2,0.000626959247649,0.000626959247649,-3.93077898231e-07,1.00000000005,0.000627746143395,3.93571249778e-07
1980,40,1603,1595,499,245,2,2,0.000626959247649,0.000626959247649,-3.93077898231e-07,1.00000000005,0.000627746143395,3.93571249778e-07
1980,40,1603,1596,500,15,2,2,0.00062656641604,0.00062656641604,-3.92585473685e-07,0.999999999939,0.000627352325547,3.93077898212e-07
1980,40,1603,1596,500,20,2,3,0.00062656641604,0.00062656641604,NaN,NaN,0.00125549179328,3.93324496643e-07
1980,40,1603,1596,500,22,2,2,0.00062656641604,0.00125313283208,-7.85170947371e-07,0.999999999939,0.00125549179328,7.86648993286e-07
1980,40,1603,1596,500,26,2,2,0.00062656641604,0.00375939849624,-2.35551284222e-06,0.999999999986,0.00377595078961,2.36588395339e-06
1980,40,1603,1596,500,33,2,2,0.00062656641604,0.00062656641604,-3.92585473685e-07,0.999999999939,0.000627352325547,3.93077898212e-07
1980,40,1603,1596,500,35,2,2,0.00062656641604,0.00062656641604,-3.92585473685e-07,0.999999999939,0.000627352325547,3.93077898212e-07
1980,40,1603,1596,500,46,2,3,0.00062656641604,0.00062656641604,NaN,NaN,0.00125549179328,3.93324496643e-07
1980,40,1603,1596,500,48,2,2,0.00062656641604,0.00062656641604,-3.92585473685e-07,0.999999999939,0.000627352325547,3.93077898212e-07
1980,40,1603,1596,500,49,2,2,0.00062656641604,0.00062656641604,-3.92585473685e-07,0.999999999939,0.000627352325547,3.93077898212e-07
1980,40,1603,1596,500,55,2,2,0.00062656641604,0.00062656641604,-3.92585473685e-07,0.999999999939,0.000627352325547,3.93077898212e-07
1980,40,1603,1596,500,60,2,2,0.00062656641604,0.00062656641604,-3.92585473685e-07,0.999999999939,0.000627352325547,3.93077898212e-07
1980,40,1603,1596,500,64,2,2,0.00062656641604,0.00250626566416,-1.57034189485e-06,1.00000000001,0.00251413808856,1.57527449158e-06
1980,40,1603,1596,500,73,2,2,0.00062656641604,0.00062656641604,-3.92585473685e-07,0.999999999939,0.000627352325547,3.93077898212e-07
1980,40,1603,1596,500,77,2,2,0.00062656641604,0.00375939849624,-2.35551284222e-06,0.999999999986,0.00377595078961,2.36588395339e-06
1980,40,1603,1596,500,94,2,2,0.00062656641604,0.00062656641604,-3.92585473685e-07,0.999999999939,0.000627352325547,3.93077898212e-07
1980,40,1603,1596,500,97,2,3,0.00062656641604,0.00062656641604,NaN,NaN,0.00125549179328,3.93324496643e-07
1980,40,1603,1596,500,101,2,2,0.00062656641604,0.00125313283208,-7.85170947371e-07,0.999999999939,0.00125549179328,7.86648993286e-07
1980,40,1603,1596,500,105,2,2,0.00062656641604,0.291979949875,-0.000182944830749,1.0,0.412647931867,0.000258551335756
1980,40,1603,1596,500,115,2,3,0.00062656641604,0.00062656641604,NaN,NaN,0.00125549179328,3.93324496643e-07
1980,40,1603,1596,500,123,2,3,0.00062656641604,0.00062656641604,NaN,NaN,0.00251413808856,7.8763724579e-07
1980,40,1603,1596,500,124,2,2,0.00062656641604,0.00187969924812,-1.17775642128e-06,1.00000000013,0.00188441988559,1.18071421403e-06
1980,40,1603,1596,500,130,2,2,0.00062656641604,0.00062656641604,-3.92585473685e-07,0.999999999939,0.000627352325547,3.93077898212e-07
1980,40,1603,1596,500,131,2,2,0.00062656641604,0.00125313283208,-7.85170947371e-07,0.999999999939,0.00125549179328,7.86648993286e-07
1980,40,1603,1596,500,140,2,3,0.00062656641604,0.00125313283208,NaN,NaN,0.00567463303921,1.77776724286e-06
1980,40,1603,1596,500,146,2,2,0.00062656641604,0.00062656641604,-3.92585473685e-07,0.999999999939,0.000627352325547,3.93077898212e-07
1980,40,1603,1596,500,149,2,2,0.00062656641604,0.00062656641604,-3.92585473685e-07,0.999999999939,0.000627352325547,3.93077898212e-07
1980,40,1603,1596,500,157,2,2,0.00062656641604,0.00125313283208,-7.85170947371e-07,0.999999999939,0.00125549179328,7.86648993286e-07
1980,40,1603,1596,500,159,2,2,0.00062656641604,0.00375939849624,-2.35551284222e-06,0.999999999986,0.00377595078961,2.36588395339e-06
1980,40,1603,1596,500,164,2,2,0.00062656641604,0.00062656641604,-3.92585473685e-07,0.999999999939,0.000627352325547,3.93077898212e-07
1980,40,1603,1596,500,167,2,2,0.00062656641604,0.0031328320802,-1.96292736854e-06,0.999999999995,0.00314464789204,1.97033075942e-06
1980,40,1603,1596,500,177,2,2,0.00062656641604,0.00062656641604,-3.92585473685e-07,0.999999999939,0.000627352325547,3.93077898212e-07
1980,40,1603,1595,500,186,2,2,0.000626959247649,0.000626959247649,-3.93077898231e-07,1.00000000005,0.000627746143395,3.93571249778e-07
1980,40,1603,1596,500,188,2,2,0.00062656641604,0.0062656641604,-3.92585473707e-06,0.999999999995,0.00630912332439,3.95308478972e-06
1980,40,1603,1596,500,192,2,3,0.00062656641604,0.00062656641604,NaN,NaN,0.00125549179328,3.93324496643e-07
1980,40,1603,1596,500,198,2,2,0.00062656641604,0.0031328320802,-1.96292736854e-06,0.999999999995,0.00314464789204,1.97033075942e-06
1980,40,1603,1596,500,200,2,2,0.00062656641604,0.00125313283208,-7.85170947371e-07,0.999999999939,0.00125549179328,7.86648993286e-07
1980,40,1603,1596,500,207,2,2,0.00062656641604,0.00814536340852,-5.10361115824e-06,1.0,0.00821740396097,5.14874934898e-06
1980,40,1603,1596,500,208,2,2,0.00062656641604,0.00062656641604,-3.92585473685e-07,0.999999999939,0.000627352325547,3.93077898212e-07
1980,40,1603,1596,500,211,2,2,0.00062656641604,0.00062656641604,-3.92585473685e-07,0.999999999939,0.000627352325547,3.93077898212e-07
1980,40,1603,1596,500,215,2,2,0.00062656641604,0.00125313283208,-7.85170947371e-07,0.999999999939,0.00125549179328,7.86648993286e-07
1980,40,1603,1596,500,218,2,3,0.00062656641604,0.00125313283208,NaN,NaN,0.00504094186019,1.5792424374e-06
1980,40,1603,1596,500,220,2,2,0.00062656641604,0.00125313283208,-7.85170947371e-07,0.999999999939,0.00125549179328,7.86648993286e-07
1980,40,1603,1596,500,221,2,3,0.00062656641604,0.00062656641604,NaN,NaN,0.00125549179328,3.93324496643e-07
1980,40,1603,1596,500,222,2,2,0.00062656641604,0.00062656641604,-3.92585473685e-07,0.999999999939,0.000627352325547,3.93077898212e-07
1980,40,1603,1596,500,226,2,2,0.00062656641604,0.00062656641604,-3.92585473685e-07,0.999999999939,0.000627352325547,3.93077898212e-07
1980,40,1603,1596,500,227,2,2,0.00062656641604,0.00062656641604,-3.92585473685e-07,0.999999999939,0.000627352325547,3.93077898212e-07
1980,40,1603,1596,500,232,2,2,0.00062656641604,0.00062656641604,-3.92585473685e-07,0.999999999939,0.000627352325547,3.93077898212e-07
1980,40,1603,1596,500,233,2,2,0.00062656641604,0.00062656641604,-3.92585473685e-07,0.999999999939,0.000627352325547,3.93077898212e-07
1980,40,1603,1596,500,240,2,2,0.00062656641604,0.00187969924812,-1.17775642128e-06,1.00000000013,0.00188441988559,1.18071421403e-06
1980,40,1603,1596,500,244,2,2,0.00062656641604,0.00062656641604,-3.92585473685e-07,0.999999999939,0.000627352325547,3.93077898212e-07
1980,40,1603,1596,500,245,2,2,0.00062656641604,0.00062656641604,-3.92585473685e-07,0.999999999939,0.000627352325547,3.93077898212e-07
1980,40,1603,1596,508,15,3,2,0.00062656641604,0.00062656641604,NaN,NaN,0.00125549179328,3.93324496643e-07
1980,40,1603,1596,508,20,3,3,0.00062656641604,0.00062656641604,NaN,NaN,0.00251255885858,3.93571249778e-07
1980,40,1603,1596,508,22,3,2,0.00062656641604,0.00125313283208,NaN,NaN,0.00251255885858,7.87142499555e-07
1980,40,1603,1596,508,26,3,2,0.00062656641604,0.00375939849624,NaN,NaN,0.00755663928411,2.36736819678e-06
1980,40,1603,1596,508,33,3,2,0.00062656641604,0.00062656641604,NaN,NaN,0.00125549179328,3.93324496643e-07
1980,40,1603,1596,508,35,3,2,0.00062656641604,0.00062656641604,NaN,NaN,0.00125549179328,3.93324496643e-07
1980,40,1603,1596,508,46,3,3,0.00062656641604,0.00062656641604,NaN,NaN,0.00251255885858,3.93571249778e-07
1980,40,1603,1596,508,48,3,2,0.00062656641604,0.00062656641604,NaN,NaN,0.00125549179328,3.93324496643e-07
1980,40,1603,1596,508,49,3,2,0.00062656641604,0.00062656641604,NaN,NaN,0.00125549179328,3.93324496643e-07
1980,40,1603,1596,508,55,3,2,0.00062656641604,0.00062656641604,NaN,NaN,0.00125549179328,3.93324496643e-07
1980,40,1603,1596,508,60,3,2,0.00062656641604,0.00062656641604,NaN,NaN,0.00125549179328,3.93324496643e-07
1980,40,1603,1596,508,64,3,2,0.00062656641604,0.00250626566416,NaN,NaN,0.00503143067912,1.57626274408e-06
1980,40,1603,1596,508,73,3,2,0.00062656641604,0.00062656641604,NaN,NaN,0.00125549179328,3.93324496643e-07
1980,40,1603,1596,508,77,3,2,0.00062656641604,0.00375939849624,NaN,NaN,0.00755663928411,2.36736819678e-06
1980,40,1603,1596,508,94,3,2,0.00062656641604,0.00062656641604,NaN,NaN,0.00125549179328,3.93324496643e-07
1980,40,1603,1596,508,97,3,3,0.00062656641604,0.00062656641604,NaN,NaN,0.00251255885858,3.93571249778e-07
1980,40,1603,1596,508,101,3,2,0.00062656641604,0.00125313283208,NaN,NaN,0.00251255885858,7.87142499555e-07
1980,40,1603,1596,508,105,3,2,0.00062656641604,0.291979949875,NaN,NaN,0.825813615216,0.000258713538602
1980,40,1603,1596,508,115,3,3,0.00062656641604,0.00062656641604,NaN,NaN,0.00251255885858,3.93571249778e-07
1980,40,1603,1596,508,123,3,3,0.00062656641604,0.00062656641604,NaN,NaN,0.00503143067912,7.88131372042e-07
1980,40,1603,1596,508,124,3,2,0.00062656641604,0.00187969924812,NaN,NaN,0.0037712041625,1.18145493813e-06
1980,40,1603,1596,508,130,3,2,0.00062656641604,0.00062656641604,NaN,NaN,0.00125549179328,3.93324496643e-07
1980,40,1603,1596,508,131,3,2,0.00062656641604,0.00125313283208,NaN,NaN,0.00251255885858,7.87142499555e-07
1980,40,1603,1596,508,140,3,3,0.00062656641604,0.00125313283208,NaN,NaN,0.0113563860697,1.77888252971e-06
1980,40,1603,1596,508,146,3,2,0.00062656641604,0.00062656641604,NaN,NaN,0.00125549179328,3.93324496643e-07
1980,40,1603,1596,508,149,3,2,0.00062656641604,0.00062656641604,NaN,NaN,0.00125549179328,3.93324496643e-07
1980,40,1603,1596,508,157,3,2,0.00062656641604,0.00125313283208,NaN,NaN,0.00251255885858,7.87142499555e-07
1980,40,1603,1596,508,159,3,2,0.00062656641604,0.00375939849624,NaN,NaN,265.168769679,0.0830729228317
1980,40,1603,1596,508,164,3,2,0.00062656641604,0.00062656641604,NaN,NaN,0.00125549179328,3.93324496643e-07
1980,40,1603,1596,508,167,3,2,0.00062656641604,0.0031328320802,NaN,NaN,0.00629324138997,1.97156685149e-06
1980,40,1603,1596,508,177,3,2,0.00062656641604,0.00062656641604,NaN,NaN,0.00125549179328,3.93324496643e-07
1980,40,1603,1595,508,186,3,2,0.000626959247649,0.000626959247649,NaN,NaN,0.00125628041754,3.93818312709e-07
1980,40,1603,1596,508,188,3,2,0.00062656641604,0.0062656641604,NaN,NaN,0.0126261627383,3.95556476763e-06
1980,40,1603,1596,508,192,3,3,0.00062656641604,0.00062656641604,NaN,NaN,0.00251255885858,3.93571249778e-07
1980,40,1603,1596,508,198,3,2,0.00062656641604,0.0031328320802,NaN,NaN,0.00629324138997,1.97156685149e-06
1980,40,1603,1596,508,200,3,2,0.00062656641604,0.00125313283208,NaN,NaN,0.00251255885858,7.87142499555e-07
1980,40,1603,1596,508,207,3,2,0.00062656641604,0.00814536340852,NaN,NaN,0.016445118341,5.15197943013e-06
1980,40,1603,1596,508,208,3,2,0.00062656641604,0.00062656641604,NaN,NaN,0.00125549179328,3.93324496643e-07
1980,40,1603,1596,508,211,3,2,0.00062656641604,0.00062656641604,NaN,NaN,0.00125549179328,3.93324496643e-07
1980,40,1603,1596,508,215,3,2,0.00062656641604,0.00125313283208,NaN,NaN,0.00251255885858,7.87142499555e-07
1980,40,1603,1596,508,218,3,3,0.00062656641604,0.00125313283208,NaN,NaN,0.0100882086161,1.58023317921e-06
1980,40,1603,1596,508,220,3,2,0.00062656641604,0.00125313283208,NaN,NaN,0.00251255885858,7.87142499555e-07
1980,40,1603,1596,508,221,3,3,0.00062656641604,0.00062656641604,NaN,NaN,0.00251255885858,3.93571249778e-07
1980,40,1603,1596,508,222,3,2,0.00062656641604,0.00062656641604,NaN,NaN,0.00125549179328,3.93324496643e-07
1980,40,1603,1596,508,226,3,2,0.00062656641604,0.00062656641604,NaN,NaN,0.00125549179328,3.93324496643e-07
1980,40,1603,1596,508,227,3,2,0.00062656641604,0.00062656641604,NaN,NaN,0.00125549179328,3.93324496643e-07
1980,40,1603,1596,508,232,3,2,0.00062656641604,0.00062656641604,NaN,NaN,0.00125549179328,3.93324496643e-07
1980,40,1603,1596,508,233,3,2,0.00062656641604,0.00062656641604,NaN,NaN,0.00125549179328,3.93324496643e-07
1980,40,1603,1596,508,240,3,2,0.00062656641604,0.00187969924812,NaN,NaN,0.0037712041625,1.18145493813e-06
1980,40,1603,1596,508,244,3,2,0.00062656641604,0.00062656641604,NaN,NaN,0.00125549179328,3.93324496643e-07
1980,40,1603,1596,508,245,3,2,0.00062656641604,0.00062656641604,NaN,NaN,0.00125549179328,3.93324496643e-07
1980,40,1603,1597,511,15,3,2,0.00125234815279,0.000626174076393,NaN,NaN,0.00314267137693,9.8392967343e-07
1980,40,1603,1597,511,20,3,3,0.00125234815279,0.000626174076393,NaN,NaN,0.00628928340763,9.84546557238e-07
1980,40,1603,1597,511,22,3,2,0.00125234815279,0.00125234815279,NaN,NaN,0.00628928340763,1.96909311448e-06
1980,40,1603,1597,511,26,3,2,0.00125234815279,0.00375704445836,NaN,NaN,0.0189152866785,5.92213108282e-06
1980,40,1603,1597,511,33,3,2,0.00125234815279,0.000626174076393,NaN,NaN,0.00314267137693,9.8392967343e-07
1980,40,1603,1597,511,35,3,2,0.00125234815279,0.000626174076393,NaN,NaN,0.00314267137693,9.8392967343e-07
1980,40,1603,1597,511,46,3,3,0.00125234815279,0.000626174076393,NaN,NaN,0.00628928340763,9.84546557238e-07
1980,40,1603,1597,511,48,3,2,0.00125234815279,0.000626174076393,NaN,NaN,0.00314267137693,9.8392967343e-07
1980,40,1603,1597,511,49,3,2,0.00125234815279,0.000626174076393,NaN,NaN,0.00314267137693,9.8392967343e-07
1980,40,1603,1597,511,55,3,2,0.00125234815279,0.000626174076393,NaN,NaN,0.00314267137693,9.8392967343e-07
1980,40,1603,1597,511,60,3,2,0.00125234815279,0.000626174076393,NaN,NaN,0.00314267137693,9.8392967343e-07
1980,40,1603,1597,511,64,3,2,0.00125234815279,0.00250469630557,NaN,NaN,0.0125943591151,3.94313059333e-06
1980,40,1603,1597,511,73,3,2,0.00125234815279,0.000626174076393,NaN,NaN,0.00314267137693,9.8392967343e-07
1980,40,1603,1597,511,77,3,2,0.00125234815279,0.00375704445836,NaN,NaN,0.0189152866785,5.92213108282e-06
1980,40,1603,1597,511,94,3,2,0.00125234815279,0.000626174076393,NaN,NaN,0.00314267137693,9.8392967343e-07
1980,40,1603,1597,511,97,3,3,0.00125234815279,0.000626174076393,NaN,NaN,0.00628928340763,9.84546557238e-07
1980,40,1603,1597,511,101,3,2,0.00125234815279,0.00125234815279,NaN,NaN,0.00628928340763,1.96909311448e-06
1980,40,1603,1597,511,105,3,2,0.00125234815279,0.291797119599,NaN,NaN,6.09104120802,0.00190702605135
1980,40,1603,1597,511,115,3,3,0.00125234815279,0.000626174076393,NaN,NaN,0.00628928340763,9.84546557238e-07
1980,40,1603,1597,511,123,3,3,0.00125234815279,0.000626174076393,NaN,NaN,0.0125943591151,1.97156529667e-06
1980,40,1603,1597,511,124,3,2,0.00125234815279,0.00187852222918,NaN,NaN,0.00943984350863,2.95549264516e-06
1980,40,1603,1597,511,130,3,2,0.00125234815279,0.000626174076393,NaN,NaN,0.00314267137693,9.8392967343e-07
1980,40,1603,1597,511,131,3,2,0.00125234815279,0.00125234815279,NaN,NaN,0.00628928340763,1.96909311448e-06
1980,40,1603,1597,511,140,3,3,0.00125234815279,0.00125234815279,NaN,NaN,0.028426531271,4.44998924091e-06
1980,40,1603,1597,511,146,3,2,0.00125234815279,0.000626174076393,NaN,NaN,0.00314267137693,9.8392967343e-07
1980,40,1603,1597,511,149,3,2,0.00125234815279,0.000626174076393,NaN,NaN,0.00314267137693,9.8392967343e-07
1980,40,1603,1597,511,157,3,2,0.00125234815279,0.00125234815279,NaN,NaN,0.00628928340763,1.96909311448e-06
1980,40,1603,1597,511,159,3,2,0.00125234815279,0.00375704445836,NaN,NaN,0.0189152866785,5.92213108282e-06
1980,40,1603,1597,511,164,3,2,0.00125234815279,0.000626174076393,NaN,NaN,0.00314267137693,9.8392967343e-07
1980,40,1603,1597,511,167,3,2,0.00125234815279,0.00313087038197,NaN,NaN,0.0157528376809,4.93200929269e-06
1980,40,1603,1597,511,177,3,2,0.00125234815279,0.000626174076393,NaN,NaN,0.00314267137693,9.8392967343e-07
1980,40,1603,1596,511,186,3,2,0.00125313283208,0.00062656641604,NaN,NaN,0.00314464789204,9.85165379712e-07
1980,40,1603,1597,511,188,3,2,0.00125234815279,0.00626174076393,NaN,NaN,0.0316049370989,9.89509614867e-06
1980,40,1603,1597,511,192,3,3,0.00125234815279,0.000626174076393,NaN,NaN,0.00628928340763,9.84546557238e-07
1980,40,1603,1597,511,198,3,2,0.00125234815279,0.00313087038197,NaN,NaN,0.0157528376809,4.93200929269e-06
1980,40,1603,1597,511,200,3,2,0.00125234815279,0.00125234815279,NaN,NaN,0.00628928340763,1.96909311448e-06
1980,40,1603,1597,511,207,3,2,0.00125234815279,0.00814026299311,NaN,NaN,0.0411642334145,1.28879879194e-05
1980,40,1603,1597,511,208,3,2,0.00125234815279,0.000626174076393,NaN,NaN,0.00314267137693,9.8392967343e-07
1980,40,1603,1597,511,211,3,2,0.00125234815279,0.000626174076393,NaN,NaN,0.00314267137693,9.8392967343e-07
1980,40,1603,1597,511,215,3,2,0.00125234815279,0.00125234815279,NaN,NaN,0.00628928340763,1.96909311448e-06
1980,40,1603,1597,511,218,3,3,0.00125234815279,0.00125234815279,NaN,NaN,0.0252521259539,3.95305666153e-06
1980,40,1603,1597,511,220,3,2,0.00125234815279,0.00125234815279,NaN,NaN,0.00628928340763,1.96909311448e-06
1980,40,1603,1597,511,221,3,3,0.00125234815279,0.000626174076393,NaN,NaN,0.00628928340763,9.84546557238e-07
1980,40,1603,1597,511,222,3,2,0.00125234815279,0.000626174076393,NaN,NaN,0.00314267137693,9.8392967343e-07
1980,40,1603,1597,511,226,3,2,0.00125234815279,0.000626174076393,NaN,NaN,0.00314267137693,9.8392967343e-07
1980,40,1603,1597,511,227,3,2,0.00125234815279,0.000626174076393,NaN,NaN,0.00314267137693,9.8392967343e-07
1980,40,1603,1597,511,232,3,2,0.00125234815279,0.000626174076393,NaN,NaN,0.00314267137693,9.8392967343e-07
1980,40,1603,1597,511,233,3,2,0.00125234815279,0.000626174076393,NaN,NaN,0.00314267137693,9.8392967343e-07
1980,40,1603,1597,511,240,3,2,0.00125234815279,0.00187852222918,NaN,NaN,0.00943984350863,2.95549264516e-06
1980,40,1603,1597,511,244,3,2,0.00125234815279,0.000626174076393,NaN,NaN,0.00314267137693,9.8392967343e-07
1980,40,1603,1597,511,245,3,2,0.00125234815279,0.000626174076393,NaN,NaN,0.00314267137693,9.8392967343e-07
1980,40,1603,1597,515,15,3,2,0.000626174076393,0.000626174076393,NaN,NaN,0.00440527419177,1.37923424914e-06
1980,40,1603,1597,515,20,3,3,0.000626174076393,0.000626174076393,NaN,NaN,0.00881607223832,1.38009897281e-06
1980,40,1603,1597,515,22,3,2,0.000626174076393,0.00125234815279,NaN,NaN,0.00881607223832,2.76019794562e-06
1980,40,1603,1597,515,26,3,2,0.000626174076393,0.00375704445836,NaN,NaN,0.0265147112887,8.30141242603e-06
1980,40,1603,1597,515,33,3,2,0.000626174076393,0.000626174076393,NaN,NaN,0.00440527419177,1.37923424914e-06
1980,40,1603,1597,515,35,3,2,0.000626174076393,0.000626174076393,NaN,NaN,0.00440527419177,1.37923424914e-06
1980,40,1603,1597,515,46,3,3,0.000626174076393,0.000626174076393,NaN,NaN,0.00881607223832,1.38009897281e-06
1980,40,1603,1597,515,48,3,2,0.000626174076393,0.000626174076393,NaN,NaN,0.00440527419177,1.37923424914e-06
1980,40,1603,1597,515,49,3,2,0.000626174076393,0.000626174076393,NaN,NaN,0.00440527419177,1.37923424914e-06
1980,40,1603,1597,515,55,3,2,0.000626174076393,0.000626174076393,NaN,NaN,0.00440527419177,1.37923424914e-06
1980,40,1603,1597,515,60,3,2,0.000626174076393,0.000626174076393,NaN,NaN,0.00440527419177,1.37923424914e-06
1980,40,1603,1597,515,64,3,2,0.000626174076393,0.00250469630557,NaN,NaN,0.0176542815067,5.52732670844e-06
1980,40,1603,1597,515,73,3,2,0.000626174076393,0.000626174076393,NaN,NaN,0.00440527419177,1.37923424914e-06
1980,40,1603,1597,515,77,3,2,0.000626174076393,0.00375704445836,NaN,NaN,0.0265147112887,8.30141242603e-06
1980,40,1603,1597,515,94,3,2,0.000626174076393,0.000626174076393,NaN,NaN,0.00440527419177,1.37923424914e-06
1980,40,1603,1597,515,97,3,3,0.000626174076393,0.000626174076393,NaN,NaN,0.00881607223832,1.38009897281e-06
1980,40,1603,1597,515,101,3,2,0.000626174076393,0.00125234815279,NaN,NaN,0.00881607223832,2.76019794562e-06
1980,40,1603,1597,515,105,3,2,0.000626174076393,0.291797119599,NaN,NaN,0.462122044077,0.000144684422066
1980,40,1603,1597,515,115,3,3,0.000626174076393,0.000626174076393,NaN,NaN,0.00881607223832,1.38009897281e-06
1980,40,1603,1597,515,123,3,3,0.000626174076393,0.000626174076393,NaN,NaN,0.0176542815067,2.76366335422e-06
1980,40,1603,1597,515,124,3,2,0.000626174076393,0.00187852222918,NaN,NaN,0.0132324045359,4.14289434436e-06
1980,40,1603,1597,515,130,3,2,0.000626174076393,0.000626174076393,NaN,NaN,0.00440527419177,1.37923424914e-06
1980,40,1603,1597,515,131,3,2,0.000626174076393,0.00125234815279,NaN,NaN,0.00881607223832,2.76019794562e-06
1980,40,1603,1597,515,140,3,3,0.000626174076393,0.00125234815279,NaN,NaN,0.0398472030797,6.23782139632e-06
1980,40,1603,1597,515,146,3,2,0.000626174076393,0.000626174076393,NaN,NaN,0.00440527419177,1.37923424914e-06
1980,40,1603,1597,515,149,3,2,0.000626174076393,0.000626174076393,NaN,NaN,0.00440527419177,1.37923424914e-06
1980,40,1603,1597,515,157,3,2,0.000626174076393,0.00125234815279,NaN,NaN,0.00881607223832,2.76019794562e-06
1980,40,1603,1597,515,159,3,2,0.000626174076393,0.00375704445836,NaN,NaN,0.0265147112887,8.30141242603e-06
1980,40,1603,1597,515,164,3,2,0.000626174076393,0.000626174076393,NaN,NaN,0.00440527419177,1.37923424914e-06
1980,40,1603,1597,515,167,3,2,0.000626174076393,0.00313087038197,NaN,NaN,0.0220817135994,6.91349830916e-06
1980,40,1603,1597,515,177,3,2,0.000626174076393,0.000626174076393,NaN,NaN,0.00440527419177,1.37923424914e-06
1980,40,1603,1596,515,186,3,2,0.00062656641604,0.00062656641604,NaN,NaN,0.00440804827862,1.38096750583e-06
1980,40,1603,1597,515,188,3,2,0.000626174076393,0.00626174076393,NaN,NaN,0.0443025684314,1.38705599347e-05
1980,40,1603,1597,515,192,3,3,0.000626174076393,0.000626174076393,NaN,NaN,0.00881607223832,1.38009897281e-06
1980,40,1603,1597,515,198,3,2,0.000626174076393,0.00313087038197,NaN,NaN,0.0220817135994,6.91349830916e-06
1980,40,1603,1597,515,200,3,2,0.000626174076393,0.00125234815279,NaN,NaN,0.00881607223832,2.76019794562e-06
1980,40,1603,1597,515,207,3,2,0.000626174076393,0.00814026299311,NaN,NaN,0.0577024172543,1.80658789149e-05
1980,40,1603,1597,515,208,3,2,0.000626174076393,0.000626174076393,NaN,NaN,0.00440527419177,1.37923424914e-06
1980,40,1603,1597,515,211,3,2,0.000626174076393,0.000626174076393,NaN,NaN,0.00440527419177,1.37923424914e-06
1980,40,1603,1597,515,215,3,2,0.000626174076393,0.00125234815279,NaN,NaN,0.00881607223832,2.76019794562e-06
1980,40,1603,1597,515,218,3,3,0.000626174076393,0.00125234815279,NaN,NaN,131.770151315,0.020627763199
1980,40,1603,1597,515,220,3,2,0.000626174076393,0.00125234815279,NaN,NaN,0.00881607223832,2.76019794562e-06
1980,40,1603,1597,515,221,3,3,0.000626174076393,0.000626174076393,NaN,NaN,0.00881607223832,1.38009897281e-06
1980,40,1603,1597,515,222,3,2,0.000626174076393,0.000626174076393,NaN,NaN,0.00440527419177,1.37923424914e-06
1980,40,1603,1597,515,226,3,2,0.000626174076393,0.000626174076393,NaN,NaN,0.00440527419177,1.37923424914e-06
1980,40,1603,1597,515,227,3,2,0.000626174076393,0.000626174076393,NaN,NaN,0.00440527419177,1.37923424914e-06
1980,40,1603,1597,515,232,3,2,0.000626174076393,0.000626174076393,NaN,NaN,0.00440527419177,1.37923424914e-06
1980,40,1603,1597,515,233,3,2,0.000626174076393,0.000626174076393,NaN,NaN,0.00440527419177,1.37923424914e-06
1980,40,1603,1597,515,240,3,2,0.000626174076393,0.00187852222918,NaN,NaN,0.0132324045359,4.14289434436e-06
1980,40,1603,1597,515,244,3,2,0.000626174076393,0.000626174076393,NaN,NaN,0.00440527419177,1.37923424914e-06
1980,40,1603,1597,515,245,3,2,0.000626174076393,0.000626174076393,NaN,NaN,0.00440527419177,1.37923424914e-06
1980,40,1603,1598,516,15,2,2,0.000625782227785,0.000625782227785,-3.91603396599e-07,0.999999999969,0.000626566170367,3.92093973947e-07
1980,40,1603,1598,516,20,2,3,0.000625782227785,0.000625782227785,NaN,NaN,0.00125391751137,3.92339646863e-07
1980,40,1603,1598,516,22,2,2,0.000625782227785,0.00125156445557,-7.83206793087e-07,0.999999999827,0.00125391751137,7.84679293726e-07
1980,40,1603,1598,516,26,2,2,0.000625782227785,0.00375469336671,-2.3496203797e-06,1.00000000002,0.00377120417365,2.35995254922e-06
1980,40,1603,1598,516,33,2,2,0.000625782227785,0.000625782227785,-3.91603396599e-07,0.999999999969,0.000626566170367,3.92093973947e-07
1980,40,1603,1598,516,35,2,2,0.000625782227785,0.000625782227785,-3.91603396599e-07,0.999999999969,0.000626566170367,3.92093973947e-07
1980,40,1603,1598,516,46,2,3,0.000625782227785,0.000625782227785,NaN,NaN,0.00125391751137,3.92339646863e-07
1980,40,1603,1598,516,48,2,2,0.000625782227785,0.000625782227785,-3.91603396599e-07,0.999999999969,0.000626566170367,3.92093973947e-07
1980,40,1603,1598,516,49,2,2,0.000625782227785,0.000625782227785,-3.91603396599e-07,0.999999999969,0.000626566170367,3.92093973947e-07
1980,40,1603,1598,516,55,2,2,0.000625782227785,0.000625782227785,-3.91603396599e-07,0.999999999969,0.000626566170367,3.92093973947e-07
1980,40,1603,1598,516,60,2,2,0.000625782227785,0.000625782227785,-3.91603396599e-07,0.999999999969,0.000626566170367,3.92093973947e-07
1980,40,1603,1598,516,64,2,2,0.000625782227785,0.00250312891114,-1.5664135864e-06,0.999999999969,0.00251098161625,1.57132766974e-06
1980,40,1603,1598,516,73,2,2,0.000625782227785,0.000625782227785,-3.91603396599e-07,0.999999999969,0.000626566170367,3.92093973947e-07
1980,40,1603,1598,516,77,2,2,0.000625782227785,0.00375469336671,-2.3496203797e-06,1.00000000002,0.00377120417365,2.35995254922e-06
1980,40,1603,1598,516,94,2,2,0.000625782227785,0.000625782227785,-3.91603396599e-07,0.999999999969,0.000626566170367,3.92093973947e-07
1980,40,1603,1598,516,97,2,3,0.000625782227785,0.000625782227785,NaN,NaN,0.00125391751137,3.92339646863e-07
1980,40,1603,1598,516,101,2,2,0.000625782227785,0.00125156445557,-7.83206793087e-07,0.999999999827,0.00125391751137,7.84679293726e-07
1980,40,1603,1598,516,105,2,2,0.000625782227785,0.291614518148,-0.000182487182821,1.0,0.411918548692,0.000257771307066
1980,40,1603,1598,516,115,2,3,0.000625782227785,0.000625782227785,NaN,NaN,0.00125391751137,3.92339646863e-07
1980,40,1603,1598,516,123,2,3,0.000625782227785,0.000625782227785,NaN,NaN,0.00251098161625,7.85663834872e-07
1980,40,1603,1598,516,124,2,2,0.000625782227785,0.00187734668335,-1.1748101898e-06,0.999999999969,0.00188205549983,1.1777568835e-06
1980,40,1603,1598,516,130,2,2,0.000625782227785,0.000625782227785,-3.91603396599e-07,0.999999999969,0.000626566170367,3.92093973947e-07
1980,40,1603,1598,516,131,2,2,0.000625782227785,0.00125156445557,-7.83206793087e-07,0.999999999827,0.00125391751137,7.84679293726e-07
1980,40,1603,1598,516,140,2,3,0.000625782227785,0.00125156445557,NaN,NaN,0.00566748619678,1.77330606908e-06
1980,40,1603,1598,516,146,2,2,0.000625782227785,0.000625782227785,-3.91603396599e-07,0.999999999969,0.000626566170367,3.92093973947e-07
1980,40,1603,1598,516,149,2,2,0.000625782227785,0.000625782227785,-3.91603396599e-07,0.999999999969,0.000626566170367,3.92093973947e-07
1980,40,1603,1598,516,157,2,2,0.000625782227785,0.00125156445557,-7.83206793087e-07,0.999999999827,0.00125391751137,7.84679293726e-07
1980,40,1603,1598,516,159,2,2,0.000625782227785,0.00375469336671,-2.3496203797e-06,1.00000000002,0.00377120417365,2.35995254922e-06
1980,40,1603,1598,516,164,2,2,0.000625782227785,0.000625782227785,-3.91603396599e-07,0.999999999969,0.000626566170367,3.92093973947e-07
1980,40,1603,1598,516,167,2,2,0.000625782227785,0.00312891113892,-1.95801698311e-06,1.00000000003,0.00314069734487,1.96539258127e-06
1980,40,1603,1598,516,177,2,2,0.000625782227785,0.000625782227785,-3.91603396599e-07,0.999999999969,0.000626566170367,3.92093973947e-07
1980,40,1603,1597,516,186,2,2,0.000626174076393,0.000626174076393,-3.92093974066e-07,1.00000000031,0.000626959001514,3.92585473709e-07
1980,40,1603,1598,516,188,2,2,0.000625782227785,0.00625782227785,-3.9160339661e-06,0.999999999997,0.00630117238083,3.94316169013e-06
1980,40,1603,1598,516,192,2,3,0.000625782227785,0.000625782227785,NaN,NaN,0.00125391751137,3.92339646863e-07
1980,40,1603,1598,516,198,2,2,0.000625782227785,0.00312891113892,-1.95801698311e-06,1.00000000003,0.00314069734487,1.96539258127e-06
1980,40,1603,1598,516,200,2,2,0.000625782227785,0.00125156445557,-7.83206793087e-07,0.999999999827,0.00125391751137,7.84679293726e-07
1980,40,1603,1598,516,207,2,2,0.000625782227785,0.0081351689612,-5.0908441559e-06,0.99999999999,0.00820702855709,5.13581261395e-06
1980,40,1603,1598,516,208,2,2,0.000625782227785,0.000625782227785,-3.91603396599e-07,0.999999999969,0.000626566170367,3.92093973947e-07
1980,40,1603,1598,516,211,2,2,0.000625782227785,0.000625782227785,-3.91603396599e-07,0.999999999969,0.000626566170367,3.92093973947e-07
1980,40,1603,1598,516,215,2,2,0.000625782227785,0.00125156445557,-7.83206793087e-07,0.999999999827,0.00125391751137,7.84679293726e-07
1980,40,1603,1598,516,218,2,3,0.000625782227785,0.00125156445557,NaN,NaN,0.00503459710227,1.57528069533e-06
1980,40,1603,1598,516,220,2,2,0.000625782227785,0.00125156445557,-7.83206793087e-07,0.999999999827,0.00125391751137,7.84679293726e-07
1980,40,1603,1598,516,221,2,3,0.000625782227785,0.000625782227785,NaN,NaN,0.00125391751137,3.92339646863e-07
1980,40,1603,1598,516,222,2,2,0.000625782227785,0.000625782227785,-3.91603396599e-07,0.999999999969,0.000626566170367,3.92093973947e-07
1980,40,1603,1598,516,226,2,2,0.000625782227785,0.000625782227785,-3.91603396599e-07,0.999999999969,0.000626566170367,3.92093973947e-07
1980,40,1603,1598,516,227,2,2,0.000625782227785,0.000625782227785,-3.91603396599e-07,0.999999999969,0.000626566170367,3.92093973947e-07
1980,40,1603,1598,516,232,2,2,0.000625782227785,0.000625782227785,-3.91603396599e-07,0.999999999969,0.000626566170367,3.92093973947e-07
1980,40,1603,1598,516,233,2,2,0.000625782227785,0.000625782227785,-3.91603396599e-07,0.999999999969,0.000626566170367,3.92093973947e-07
1980,40,1603,1598,516,240,2,2,0.000625782227785,0.00187734668335,-1.1748101898e-06,0.999999999969,0.00188205549983,1.1777568835e-06
1980,40,1603,1598,516,244,2,2,0.000625782227785,0.000625782227785,-3.91603396599e-07,0.999999999969,0.000626566170367,3.92093973947e-07
1980,40,1603,1598,516,245,2,2,0.000625782227785,0.000625782227785,-3.91603396599e-07,0.999999999969,0.000626566170367,3.92093973947e-07
1980,40,1603,1600,522,15,2,2,0.00125,0.000625,-7.81250000026e-07,1.00000000003,0.00125234717255,7.82716982845e-07
1980,40,1603,1600,522,20,2,3,0.00125,0.000625,NaN,NaN,0.00250626173831,7.83206793222e-07
1980,40,1603,1600,522,22,2,2,0.00125,0.00125,-1.56250000005e-06,1.00000000003,0.00250626173831,1.56641358644e-06
1980,40,1603,1600,522,26,2,2,0.00125,0.00375,-4.68750000004e-06,1.00000000001,0.00753765293191,4.71103308244e-06
1980,40,1603,1600,522,33,2,2,0.00125,0.000625,-7.81250000026e-07,1.00000000003,0.00125234717255,7.82716982845e-07
1980,40,1603,1600,522,35,2,2,0.00125,0.000625,-7.81250000026e-07,1.00000000003,0.00125234717255,7.82716982845e-07
1980,40,1603,1600,522,46,2,3,0.00125,0.000625,NaN,NaN,0.00250626173831,7.83206793222e-07
1980,40,1603,1600,522,48,2,2,0.00125,0.000625,-7.81250000026e-07,1.00000000003,0.00125234717255,7.82716982845e-07
1980,40,1603,1600,522,49,2,2,0.00125,0.000625,-7.81250000026e-07,1.00000000003,0.00125234717255,7.82716982845e-07
1980,40,1603,1600,522,55,2,2,0.00125,0.000625,-7.81250000026e-07,1.00000000003,0.00125234717255,7.82716982845e-07
1980,40,1603,1600,522,60,2,2,0.00125,0.000625,-7.81250000026e-07,1.00000000003,0.00125234717255,7.82716982845e-07
1980,40,1603,1600,522,64,2,2,0.00125,0.0025,-3.1250000001e-06,1.00000000003,0.00501880483436,3.13675302148e-06
1980,40,1603,1600,522,73,2,2,0.00125,0.000625,-7.81250000026e-07,1.00000000003,0.00125234717255,7.82716982845e-07
1980,40,1603,1600,522,77,2,2,0.00125,0.00375,-4.68750000004e-06,1.00000000001,0.00753765293191,4.71103308244e-06
1980,40,1603,1600,522,94,2,2,0.00125,0.000625,-7.81250000026e-07,1.00000000003,0.00125234717255,7.82716982845e-07
1980,40,1603,1600,522,97,2,3,0.00125,0.000625,NaN,NaN,0.00250626173831,7.83206793222e-07
1980,40,1603,1600,522,101,2,2,0.00125,0.00125,-1.56250000005e-06,1.00000000003,0.00250626173831,1.56641358644e-06
1980,40,1603,1600,522,105,2,2,0.00125,0.291875,0.00026015625,0.293909973522,0.419676720881,0.00026229795055
1980,40,1603,1600,522,115,2,3,0.00125,0.000625,NaN,NaN,0.00250626173831,7.83206793222e-07
1980,40,1603,1600,522,123,2,3,0.00125,0.000625,NaN,NaN,0.00501880483436,1.56837651074e-06
1980,40,1603,1600,522,124,2,2,0.00125,0.001875,-2.34375000008e-06,1.00000000003,0.00376174664166,2.35109165104e-06
1980,40,1603,1600,522,130,2,2,0.00125,0.000625,-7.81250000026e-07,1.00000000003,0.00125234717255,7.82716982845e-07
1980,40,1603,1600,522,131,2,2,0.00125,0.00125,-1.56250000005e-06,1.00000000003,0.00250626173831,1.56641358644e-06
1980,40,1603,1600,522,140,2,3,0.00125,0.00125,NaN,NaN,0.0113277989693,3.53993717791e-06
1980,40,1603,1600,522,146,2,2,0.00125,0.000625,-7.81250000026e-07,1.00000000003,0.00125234717255,7.82716982845e-07
1980,40,1603,1600,522,149,2,2,0.00125,0.000625,-7.81250000026e-07,1.00000000003,0.00125234717255,7.82716982845e-07
1980,40,1603,1600,522,157,2,2,0.00125,0.00125,-1.56250000005e-06,1.00000000003,0.00250626173831,1.56641358644e-06
1980,40,1603,1600,522,159,2,2,0.00125,0.00375,-4.68750000004e-06,1.00000000001,0.00753765293191,4.71103308244e-06
1980,40,1603,1600,522,164,2,2,0.00125,0.000625,-7.81250000026e-07,1.00000000003,0.00125234717255,7.82716982845e-07
1980,40,1603,1600,522,167,2,2,0.00125,0.003125,-3.90625000002e-06,1.0,0.00627743927558,3.92339954724e-06
1980,40,1603,1600,522,177,2,2,0.00125,0.000625,-7.81250000026e-07,1.00000000003,0.00125234717255,7.82716982845e-07
1980,40,1603,1599,522,186,2,2,0.00125078173859,0.000625390869293,-7.82227478791e-07,0.999999999999,0.00125313185,7.83697217013e-07
1980,40,1603,1600,522,188,2,2,0.00125,0.00625,-7.81250000004e-06,1.0,0.0125943593013,7.87147456333e-06
1980,40,1603,1600,522,192,2,3,0.00125,0.000625,NaN,NaN,0.00250626173831,7.83206793222e-07
1980,40,1603,1600,522,198,2,2,0.00125,0.003125,-3.90625000002e-06,1.0,0.00627743927558,3.92339954724e-06
1980,40,1603,1600,522,200,2,2,0.00125,0.00125,-1.56250000005e-06,1.00000000003,0.00250626173831,1.56641358644e-06
1980,40,1603,1600,522,207,2,2,0.00125,0.008125,-1.015625e-05,1.0,0.0164036173131,1.02522608207e-05
1980,40,1603,1600,522,208,2,2,0.00125,0.000625,-7.81250000026e-07,1.00000000003,0.00125234717255,7.82716982845e-07
1980,40,1603,1600,522,211,2,2,0.00125,0.000625,-7.81250000026e-07,1.00000000003,0.00125234717255,7.82716982845e-07
1980,40,1603,1600,522,215,2,2,0.00125,0.00125,-1.56250000005e-06,1.00000000003,0.00250626173831,1.56641358644e-06
1980,40,1603,1600,522,218,2,3,0.00125,0.00125,NaN,NaN,0.0100628297935,3.14463431048e-06
1980,40,1603,1600,522,220,2,2,0.00125,0.00125,-1.56250000005e-06,1.00000000003,0.00250626173831,1.56641358644e-06
1980,40,1603,1600,522,221,2,3,0.00125,0.000625,NaN,NaN,0.00250626173831,7.83206793222e-07
1980,40,1603,1600,522,222,2,2,0.00125,0.000625,-7.81250000026e-07,1.00000000003,0.00125234717255,7.82716982845e-07
1980,40,1603,1600,522,226,2,2,0.00125,0.000625,-7.81250000026e-07,1.00000000003,0.00125234717255,7.82716982845e-07
1980,40,1603,1600,522,227,2,2,0.00125,0.000625,-7.81250000026e-07,1.00000000003,0.00125234717255,7.82716982845e-07
1980,40,1603,1600,522,232,2,2,0.00125,0.000625,-7.81250000026e-07,1.00000000003,0.00125234717255,7.82716982845e-07
1980,40,1603,1600,522,233,2,2,0.00125,0.000625,-7.81250000026e-07,1.00000000003,0.00125234717255,7.82716982845e-07
1980,40,1603,1600,522,240,2,2,0.00125,0.001875,-2.34375000008e-06,1.00000000003,0.00376174664166,2.35109165104e-06
1980,40,1603,1600,522,244,2,2,0.00125,0.000625,-7.81250000026e-07,1.00000000003,0.00125234717255,7.82716982845e-07
1980,40,1603,1600,522,245,2,2,0.00125,0.000625,-7.81250000026e-07,1.00000000003,0.00125234717255,7.82716982845e-07
1980,40,1603,1600,523,15,2,2,0.00125,0.000625,-7.81250000026e-07,1.00000000003,0.00125234717255,7.82716982845e-07
1980,40,1603,1600,523,20,2,3,0.00125,0.000625,NaN,NaN,0.00250626173831,7.83206793222e-07
1980,40,1603,1600,523,22,2,2,0.00125,0.00125,-1.56250000005e-06,1.00000000003,0.00250626173831,1.56641358644e-06
1980,40,1603,1600,523,26,2,2,0.00125,0.00375,-4.68750000004e-06,1.00000000001,0.00753765293191,4.71103308244e-06
1980,40,1603,1600,523,33,2,2,0.00125,0.000625,-7.81250000026e-07,1.00000000003,0.00125234717255,7.82716982845e-07
1980,40,1603,1600,523,35,2,2,0.00125,0.000625,-7.81250000026e-07,1.00000000003,0.00125234717255,7.82716982845e-07
1980,40,1603,1600,523,46,2,3,0.00125,0.000625,NaN,NaN,0.00250626173831,7.83206793222e-07
1980,40,1603,1600,523,48,2,2,0.00125,0.000625,-7.81250000026e-07,1.00000000003,0.00125234717255,7.82716982845e-07
1980,40,1603,1600,523,49,2,2,0.00125,0.000625,-7.81250000026e-07,1.00000000003,0.00125234717255,7.82716982845e-07
1980,40,1603,1600,523,55,2,2,0.00125,0.000625,-7.81250000026e-07,1.00000000003,0.00125234717255,7.82716982845e-07
1980,40,1603,1600,523,60,2,2,0.00125,0.000625,-7.81250000026e-07,1.00000000003,0.00125234717255,7.82716982845e-07
1980,40,1603,1600,523,64,2,2,0.00125,0.0025,-3.1250000001e-06,1.00000000003,0.00501880483436,3.13675302148e-06
1980,40,1603,1600,523,73,2,2,0.00125,0.000625,-7.81250000026e-07,1.00000000003,0.00125234717255,7.82716982845e-07
1980,40,1603,1600,523,77,2,2,0.00125,0.00375,-4.68750000004e-06,1.00000000001,0.00753765293191,4.71103308244e-06
1980,40,1603,1600,523,94,2,2,0.00125,0.000625,-7.81250000026e-07,1.00000000003,0.00125234717255,7.82716982845e-07
1980,40,1603,1600,523,97,2,3,0.00125,0.000625,NaN,NaN,0.00250626173831,7.83206793222e-07
1980,40,1603,1600,523,101,2,2,0.00125,0.00125,-1.56250000005e-06,1.00000000003,0.00250626173831,1.56641358644e-06
1980,40,1603,1600,523,105,2,2,0.00125,0.291875,-0.00036484375,1.0,0.825391845721,0.000515869903575
1980,40,1603,1600,523,115,2,3,0.00125,0.000625,NaN,NaN,0.00250626173831,7.83206793222e-07
1980,40,1603,1600,523,123,2,3,0.00125,0.000625,NaN,NaN,0.00501880483436,1.56837651074e-06
1980,40,1603,1600,523,124,2,2,0.00125,0.001875,-2.34375000008e-06,1.00000000003,0.00376174664166,2.35109165104e-06
1980,40,1603,1600,523,130,2,2,0.00125,0.000625,-7.81250000026e-07,1.00000000003,0.00125234717255,7.82716982845e-07
1980,40,1603,1600,523,131,2,2,0.00125,0.00125,-1.56250000005e-06,1.00000000003,0.00250626173831,1.56641358644e-06
1980,40,1603,1600,523,140,2,3,0.00125,0.00125,NaN,NaN,0.0113277989693,3.53993717791e-06
1980,40,1603,1600,523,146,2,2,0.00125,0.000625,-7.81250000026e-07,1.00000000003,0.00125234717255,7.82716982845e-07
1980,40,1603,1600,523,149,2,2,0.00125,0.000625,-7.81250000026e-07,1.00000000003,0.00125234717255,7.82716982845e-07
1980,40,1603,1600,523,157,2,2,0.00125,0.00125,-1.56250000005e-06,1.00000000003,0.00250626173831,1.56641358644e-06
1980,40,1603,1600,523,159,2,2,0.00125,0.00375,-4.68750000004e-06,1.00000000001,0.00753765293191,4.71103308244e-06
1980,40,1603,1600,523,164,2,2,0.00125,0.000625,-7.81250000026e-07,1.00000000003,0.00125234717255,7.82716982845e-07
1980,40,1603,1600,523,167,2,2,0.00125,0.003125,-3.90625000002e-06,1.0,0.00627743927558,3.92339954724e-06
1980,40,1603,1600,523,177,2,2,0.00125,0.000625,-7.81250000026e-07,1.00000000003,0.00125234717255,7.82716982845e-07
1980,40,1603,1599,523,186,2,2,0.00125078173859,0.000625390869293,-7.82227478791e-07,0.999999999999,0.00125313185,7.83697217013e-07
1980,40,1603,1600,523,188,2,2,0.00125,0.00625,-7.81250000004e-06,1.0,0.0125943593013,7.87147456333e-06
1980,40,1603,1600,523,192,2,3,0.00125,0.000625,NaN,NaN,0.00250626173831,7.83206793222e-07
1980,40,1603,1600,523,198,2,2,0.00125,0.003125,-3.90625000002e-06,1.0,0.00627743927558,3.92339954724e-06
1980,40,1603,1600,523,200,2,2,0.00125,0.00125,-1.56250000005e-06,1.00000000003,0.00250626173831,1.56641358644e-06
1980,40,1603,1600,523,207,2,2,0.00125,0.008125,-1.015625e-05,1.0,0.0164036173131,1.02522608207e-05
1980,40,1603,1600,523,208,2,2,0.00125,0.000625,-7.81250000026e-07,1.00000000003,0.00125234717255,7.82716982845e-07
1980,40,1603,1600,523,211,2,2,0.00125,0.000625,-7.81250000026e-07,1.00000000003,0.00125234717255,7.82716982845e-07
1980,40,1603,1600,523,215,2,2,0.00125,0.00125,-1.56250000005e-06,1.00000000003,0.00250626173831,1.56641358644e-06
1980,40,1603,1600,523,218,2,3,0.00125,0.00125,NaN,NaN,0.0100628297935,3.14463431048e-06
1980,40,1603,1600,523,220,2,2,0.00125,0.00125,-1.56250000005e-06,1.00000000003,0.00250626173831,1.56641358644e-06
1980,40,1603,1600,523,221,2,3,0.00125,0.000625,NaN,NaN,0.00250626173831,7.83206793222e-07
1980,40,1603,1600,523,222,2,2,0.00125,0.000625,-7.81250000026e-07,1.00000000003,0.00125234717255,7.82716982845e-07
1980,40,1603,1600,523,226,2,2,0.00125,0.000625,-7.81250000026e-07,1.00000000003,0.00125234717255,7.82716982845e-07
1980,40,1603,1600,523,227,2,2,0.00125,0.000625,-7.81250000026e-07,1.00000000003,0.00125234717255,7.82716982845e-07
1980,40,1603,1600,523,232,2,2,0.00125,0.000625,-7.81250000026e-07,1.00000000003,0.00125234717255,7.82716982845e-07
1980,40,1603,1600,523,233,2,2,0.00125,0.000625,-7.81250000026e-07,1.00000000003,0.00125234717255,7.82716982845e-07
1980,40,1603,1600,523,240,2,2,0.00125,0.001875,-2.34375000008e-06,1.00000000003,0.00376174664166,2.35109165104e-06
1980,40,1603,1600,523,244,2,2,0.00125,0.000625,-7.81250000026e-07,1.00000000003,0.00125234717255,7.82716982845e-07
1980,40,1603,1600,523,245,2,2,0.00125,0.000625,-7.81250000026e-07,1.00000000003,0.00125234717255,7.82716982845e-07
1980,40,1603,1601,534,15,2,2,0.00124921923798,0.000624609618988,-7.80274352241e-07,0.999999999969,0.00125156347717,7.81738586617e-07
1980,40,1603,1601,534,20,2,3,0.00124921923798,0.000624609618988,NaN,NaN,0.00250469238709,7.82227478791e-07
1980,40,1603,1601,534,22,2,2,0.00124921923798,0.00124921923798,-1.56054870448e-06,0.999999999969,0.00250469238709,1.56445495758e-06
1980,40,1603,1601,534,26,2,2,0.00124921923798,0.00374765771393,-4.68164611356e-06,0.999999999993,0.00753292124192,4.70513506678e-06
1980,40,1603,1601,534,33,2,2,0.00124921923798,0.000624609618988,-7.80274352241e-07,0.999999999969,0.00125156347717,7.81738586617e-07
1980,40,1603,1601,534,35,2,2,0.00124921923798,0.000624609618988,-7.80274352241e-07,0.999999999969,0.00125156347717,7.81738586617e-07
1980,40,1603,1601,534,46,2,3,0.00124921923798,0.000624609618988,NaN,NaN,0.00250469238709,7.82227478791e-07
1980,40,1603,1601,534,48,2,2,0.00124921923798,0.000624609618988,-7.80274352241e-07,0.999999999969,0.00125156347717,7.81738586617e-07
1980,40,1603,1601,534,49,2,2,0.00124921923798,0.000624609618988,-7.80274352241e-07,0.999999999969,0.00125156347717,7.81738586617e-07
1980,40,1603,1601,534,55,2,2,0.00124921923798,0.000624609618988,-7.80274352241e-07,0.999999999969,0.00125156347717,7.81738586617e-07
1980,40,1603,1601,534,60,2,2,0.00124921923798,0.000624609618988,-7.80274352241e-07,0.999999999969,0.00125156347717,7.81738586617e-07
1980,40,1603,1601,534,64,2,2,0.00124921923798,0.00249843847595,-3.12109740908e-06,1.0,0.00501565826795,3.13282839972e-06
1980,40,1603,1601,534,73,2,2,0.00124921923798,0.000624609618988,-7.80274352241e-07,0.999999999969,0.00125156347717,7.81738586617e-07
1980,40,1603,1601,534,77,2,2,0.00124921923798,0.00374765771393,-4.68164611356e-06,0.999999999993,0.00753292124192,4.70513506678e-06
1980,40,1603,1601,534,94,2,2,0.00124921923798,0.000624609618988,-7.80274352241e-07,0.999999999969,0.00125156347717,7.81738586617e-07
1980,40,1603,1601,534,97,2,3,0.00124921923798,0.000624609618988,NaN,NaN,0.00250469238709,7.82227478791e-07
1980,40,1603,1601,534,101,2,2,0.00124921923798,0.00124921923798,-1.56054870448e-06,0.999999999969,0.00250469238709,1.56445495758e-06
1980,40,1603,1601,534,105,2,2,0.00124921923798,0.292317301686,0.000884050841116,1.0,4.84793647739,0.00302806775602
1980,40,1603,1601,534,115,2,3,0.00124921923798,0.000624609618988,NaN,NaN,0.00250469238709,7.82227478791e-07
1980,40,1603,1601,534,123,2,3,0.00124921923798,0.000624609618988,NaN,NaN,0.00501565826795,1.56641419986e-06
1980,40,1603,1601,534,124,2,2,0.00124921923798,0.00187382885696,-2.34082305683e-06,1.00000000002,0.00375938966861,2.34815094854e-06
1980,40,1603,1601,534,130,2,2,0.00124921923798,0.000624609618988,-7.80274352241e-07,0.999999999969,0.00125156347717,7.81738586617e-07
1980,40,1603,1601,534,131,2,2,0.00124921923798,0.00124921923798,-1.56054870448e-06,0.999999999969,0.00250469238709,1.56445495758e-06
1980,40,1603,1601,534,140,2,3,0.00124921923798,0.00124921923798,NaN,NaN,0.0113206746679,3.5355011455e-06
1980,40,1603,1601,534,146,2,2,0.00124921923798,0.000624609618988,-7.80274352241e-07,0.999999999969,0.00125156347717,7.81738586617e-07
1980,40,1603,1601,534,149,2,2,0.00124921923798,0.000624609618988,-7.80274352241e-07,0.999999999969,0.00125156347717,7.81738586617e-07
1980,40,1603,1601,534,157,2,2,0.00124921923798,0.00124921923798,-1.56054870448e-06,0.999999999969,0.00250469238709,1.56445495758e-06
1980,40,1603,1601,534,159,2,2,0.00124921923798,0.00374765771393,-4.68164611356e-06,0.999999999993,0.00753292124192,4.70513506678e-06
1980,40,1603,1601,534,164,2,2,0.00124921923798,0.000624609618988,-7.80274352241e-07,0.999999999969,0.00125156347717,7.81738586617e-07
1980,40,1603,1601,534,167,2,2,0.00124921923798,0.00312304809494,-3.90137176132e-06,0.999999999998,0.00627350113871,3.91848915597e-06
1980,40,1603,1601,534,177,2,2,0.00124921923798,0.000624609618988,-7.80274352241e-07,0.999999999969,0.00125156347717,7.81738586617e-07
1980,40,1603,1600,534,186,2,2,0.00125,0.000625,-7.81250000026e-07,1.00000000003,0.00125234717255,7.82716982845e-07
1980,40,1603,1601,534,188,2,2,0.00124921923798,0.00624609618988,-7.80274352263e-06,0.999999999998,0.0125864334599,7.86160740784e-06
1980,40,1603,1601,534,192,2,3,0.00124921923798,0.000624609618988,NaN,NaN,0.00250469238709,7.82227478791e-07
1980,40,1603,1601,534,198,2,2,0.00124921923798,0.00312304809494,-3.90137176132e-06,0.999999999998,0.00627350113871,3.91848915597e-06
1980,40,1603,1601,534,200,2,2,0.00124921923798,0.00124921923798,-1.56054870448e-06,0.999999999969,0.00250469238709,1.56445495758e-06
1980,40,1603,1601,534,207,2,2,0.00124921923798,0.00811992504685,-1.01435665795e-05,1.0,0.016393274764,1.02393971043e-05
1980,40,1603,1601,534,208,2,2,0.00124921923798,0.000624609618988,-7.80274352241e-07,0.999999999969,0.00125156347717,7.81738586617e-07
1980,40,1603,1601,534,211,2,2,0.00124921923798,0.000624609618988,-7.80274352241e-07,0.999999999969,0.00125156347717,7.81738586617e-07
1980,40,1603,1601,534,215,2,2,0.00124921923798,0.00124921923798,-1.56054870448e-06,0.999999999969,0.00250469238709,1.56445495758e-06
1980,40,1603,1601,534,218,2,3,0.00124921923798,0.00124921923798,NaN,NaN,0.0100565050269,3.1406948866e-06
1980,40,1603,1601,534,220,2,2,0.00124921923798,0.00124921923798,-1.56054870448e-06,0.999999999969,0.00250469238709,1.56445495758e-06
1980,40,1603,1601,534,221,2,3,0.00124921923798,0.000624609618988,NaN,NaN,0.00250469238709,7.82227478791e-07
1980,40,1603,1601,534,222,2,2,0.00124921923798,0.000624609618988,-7.80274352241e-07,0.999999999969,0.00125156347717,7.81738586617e-07
1980,40,1603,1601,534,226,2,2,0.00124921923798,0.000624609618988,-7.80274352241e-07,0.999999999969,0.00125156347717,7.81738586617e-07
1980,40,1603,1601,534,227,2,2,0.00124921923798,0.000624609618988,-7.80274352241e-07,0.999999999969,0.00125156347717,7.81738586617e-07
1980,40,1603,1601,534,232,2,2,0.00124921923798,0.000624609618988,-7.80274352241e-07,0.999999999969,0.00125156347717,7.81738586617e-07
1980,40,1603,1601,534,233,2,2,0.00124921923798,0.000624609618988,-7.80274352241e-07,0.999999999969,0.00125156347717,7.81738586617e-07
1980,40,1603,1601,534,240,2,2,0.00124921923798,0.00187382885696,-2.34082305683e-06,1.00000000002,0.00375938966861,2.34815094854e-06
1980,40,1603,1601,534,244,2,2,0.00124921923798,0.000624609618988,-7.80274352241e-07,0.999999999969,0.00125156347717,7.81738586617e-07
1980,40,1603,1601,534,245,2,2,0.00124921923798,0.000624609618988,-7.80274352241e-07,0.999999999969,0.00125156347717,7.81738586617e-07
1980,40,1603,1601,558,15,3,2,0.00124921923798,0.000624609618988,NaN,NaN,0.242199379364,7.56400310318e-05
1980,40,1603,1601,558,20,3,3,0.00124921923798,0.000624609618988,NaN,NaN,4.40806927163,0.000688330617056
1980,40,1603,1601,558,22,3,2,0.00124921923798,0.00124921923798,NaN,NaN,1.20478715746,0.000376260823692
1980,40,1603,1601,558,26,3,2,0.00124921923798,0.00374765771393,NaN,NaN,25.0810921226,0.00783294569724
1980,40,1603,1601,558,33,3,2,0.00124921923798,0.000624609618988,NaN,NaN,0.242199379364,7.56400310318e-05
1980,40,1603,1601,558,35,3,2,0.00124921923798,0.000624609618988,NaN,NaN,0.242199379364,7.56400310318e-05
1980,40,1603,1601,558,46,3,3,0.00124921923798,0.000624609618988,NaN,NaN,0.484701697289,7.56873356166e-05
1980,40,1603,1601,558,48,3,2,0.00124921923798,0.000624609618988,NaN,NaN,0.242199379364,7.56400310318e-05
1980,40,1603,1601,558,49,3,2,0.00124921923798,0.000624609618988,NaN,NaN,0.242199379364,7.56400310318e-05
1980,40,1603,1601,558,55,3,2,0.00124921923798,0.000624609618988,NaN,NaN,0.242199379364,7.56400310318e-05
1980,40,1603,1601,558,60,3,2,0.00124921923798,0.000624609618988,NaN,NaN,0.242199379364,7.56400310318e-05
1980,40,1603,1601,558,64,3,2,0.00124921923798,0.00249843847595,NaN,NaN,0.970617425128,0.000303128490046
1980,40,1603,1601,558,73,3,2,0.00124921923798,0.000624609618988,NaN,NaN,0.242199379364,7.56400310318e-05
1980,40,1603,1601,558,77,3,2,0.00124921923798,0.00374765771393,NaN,NaN,1.4577517504,0.000455262882699
1980,40,1603,1601,558,94,3,2,0.00124921923798,0.000624609618988,NaN,NaN,0.242199379364,7.56400310318e-05
1980,40,1603,1601,558,97,3,3,0.00124921923798,0.000624609618988,NaN,NaN,0.484701697289,7.56873356166e-05
1980,40,1603,1601,558,101,3,2,0.00124921923798,0.00124921923798,NaN,NaN,1.20478715746,0.000376260823692
1980,40,1603,1601,558,105,3,2,0.00124921923798,0.292317301686,NaN,NaN,324.627575625,0.101382753162
1980,40,1603,1601,558,115,3,3,0.00124921923798,0.000624609618988,NaN,NaN,4.40806927163,0.000688330617056
1980,40,1603,1601,558,123,3,3,0.00124921923798,0.000624609618988,NaN,NaN,0.970617425128,0.000151564245023
1980,40,1603,1601,558,124,3,2,0.00124921923798,0.00187382885696,NaN,NaN,0.727507522495,0.000227204098218
1980,40,1603,1601,558,130,3,2,0.00124921923798,0.000624609618988,NaN,NaN,0.242199379364,7.56400310318e-05
1980,40,1603,1601,558,131,3,2,0.00124921923798,0.00124921923798,NaN,NaN,8.33945005951,0.00260445036212
1980,40,1603,1601,558,140,3,3,0.00124921923798,0.00124921923798,NaN,NaN,2.19074815505,0.000342090592606
1980,40,1603,1601,558,146,3,2,0.00124921923798,0.000624609618988,NaN,NaN,0.242199379364,7.56400310318e-05
1980,40,1603,1601,558,149,3,2,0.00124921923798,0.000624609618988,NaN,NaN,0.242199379364,7.56400310318e-05
1980,40,1603,1601,558,157,3,2,0.00124921923798,0.00124921923798,NaN,NaN,0.484701697289,0.000151374671233
1980,40,1603,1601,558,159,3,2,0.00124921923798,0.00374765771393,NaN,NaN,3.62342570178,0.00113161327351
1980,40,1603,1601,558,164,3,2,0.00124921923798,0.000624609618988,NaN,NaN,0.242199379364,7.56400310318e-05
1980,40,1603,1601,558,167,3,2,0.00124921923798,0.00312304809494,NaN,NaN,1.21403197676,0.000379148025222
1980,40,1603,1601,558,177,3,2,0.00124921923798,0.000624609618988,NaN,NaN,0.242199379364,7.56400310318e-05
1980,40,1603,1600,558,186,3,2,0.00125,0.000625,NaN,NaN,0.241423193608,7.54447480024e-05
1980,40,1603,1601,558,188,3,2,0.00124921923798,0.00624609618988,NaN,NaN,2.43569457563,0.000760679130427
1980,40,1603,1601,558,192,3,3,0.00124921923798,0.000624609618988,NaN,NaN,0.484701697289,7.56873356166e-05
1980,40,1603,1601,558,198,3,2,0.00124921923798,0.00312304809494,NaN,NaN,0.00748050555077,2.33619786095e-06
1980,40,1603,1601,558,200,3,2,0.00124921923798,0.00124921923798,NaN,NaN,1.20478715746,0.000376260823692
1980,40,1603,1601,558,207,3,2,0.00124921923798,0.00811992504685,NaN,NaN,3.17238481786,0.000990751036185
1980,40,1603,1601,558,208,3,2,0.00124921923798,0.000624609618988,NaN,NaN,0.242199379364,7.56400310318e-05
1980,40,1603,1601,558,211,3,2,0.00124921923798,0.000624609618988,NaN,NaN,4.16711895161,0.00130141129032
1980,40,1603,1601,558,215,3,2,0.00124921923798,0.00124921923798,NaN,NaN,0.484701697289,0.000151374671233
1980,40,1603,1601,558,218,3,3,0.00124921923798,0.00124921923798,NaN,NaN,1.24009635614,0.000193644028129
1980,40,1603,1601,558,220,3,2,0.00124921923798,0.00124921923798,NaN,NaN,0.484701697289,0.000151374671233
1980,40,1603,1601,558,221,3,3,0.00124921923798,0.000624609618988,NaN,NaN,4.40806927163,0.000688330617056
1980,40,1603,1601,558,222,3,2,0.00124921923798,0.000624609618988,NaN,NaN,0.242199379364,7.56400310318e-05
1980,40,1603,1601,558,226,3,2,0.00124921923798,0.000624609618988,NaN,NaN,4.16711895161,0.00130141129032
1980,40,1603,1601,558,227,3,2,0.00124921923798,0.000624609618988,NaN,NaN,4.16711895161,0.00130141129032
1980,40,1603,1601,558,232,3,2,0.00124921923798,0.000624609618988,NaN,NaN,0.242199379364,7.56400310318e-05
1980,40,1603,1601,558,233,3,2,0.00124921923798,0.000624609618988,NaN,NaN,0.242199379364,7.56400310318e-05
1980,40,1603,1601,558,240,3,2,0.00124921923798,0.00187382885696,NaN,NaN,0.378278337611,0.000118138144163
1980,40,1603,1601,558,244,3,2,0.00124921923798,0.000624609618988,NaN,NaN,0.242199379364,7.56400310318e-05
1980,40,1603,1601,558,245,3,2,0.00124921923798,0.000624609618988,NaN,NaN,0.242199379364,7.56400310318e-05
1980,40,1603,1602,562,15,2,2,0.00124843945069,0.000624219725343,-7.79300530995e-07,0.999999999974,0.00125078076202,7.80762023735e-07
1980,40,1603,1602,562,20,2,3,0.00124843945069,0.000624219725343,NaN,NaN,0.002503125,7.8125e-07
1980,40,1603,1602,562,22,2,2,0.00124843945069,0.00124843945069,-1.55860106199e-06,0.999999999974,0.002503125,1.5625e-06
1980,40,1603,1602,562,26,2,2,0.00124843945069,0.00374531835206,-4.67580318608e-06,0.999999999998,0.00752819548872,4.6992481203e-06
1980,40,1603,1602,562,33,2,2,0.00124843945069,0.000624219725343,-7.79300530995e-07,0.999999999974,0.00125078076202,7.80762023735e-07
1980,40,1603,1602,562,35,2,2,0.00124843945069,0.000624219725343,-7.79300530995e-07,0.999999999974,0.00125078076202,7.80762023735e-07
1980,40,1603,1602,562,46,2,3,0.00124843945069,0.000624219725343,NaN,NaN,0.002503125,7.8125e-07
1980,40,1603,1602,562,48,2,2,0.00124843945069,0.000624219725343,-7.79300530995e-07,0.999999999974,0.00125078076202,7.80762023735e-07
1980,40,1603,1602,562,49,2,2,0.00124843945069,0.000624219725343,-7.79300530995e-07,0.999999999974,0.00125078076202,7.80762023735e-07
1980,40,1603,1602,562,55,2,2,0.00124843945069,0.000624219725343,-7.79300530995e-07,0.999999999974,0.00125078076202,7.80762023735e-07
1980,40,1603,1602,562,60,2,2,0.00124843945069,0.000624219725343,-7.79300530995e-07,0.999999999974,0.00125078076202,7.80762023735e-07
1980,40,1603,1602,562,64,2,2,0.00124843945069,0.00249687890137,-3.11720212409e-06,1.00000000001,0.00501251564456,3.12891113892e-06
1980,40,1603,1602,562,73,2,2,0.00124843945069,0.000624219725343,-7.79300530995e-07,0.999999999974,0.00125078076202,7.80762023735e-07
1980,40,1603,1602,562,77,2,2,0.00124843945069,0.00374531835206,-4.67580318608e-06,0.999999999998,0.00752819548872,4.6992481203e-06
1980,40,1603,1602,562,94,2,2,0.00124843945069,0.000624219725343,-7.79300530995e-07,0.999999999974,0.00125078076202,7.80762023735e-07
1980,40,1603,1602,562,97,2,3,0.00124843945069,0.000624219725343,NaN,NaN,0.002503125,7.8125e-07
1980,40,1603,1602,562,101,2,2,0.00124843945069,0.00124843945069,-1.55860106199e-06,0.999999999974,0.002503125,1.5625e-06
1980,40,1603,1602,562,105,2,2,0.00124843945069,0.292134831461,-0.000364712648515,1.0,0.826428571429,0.000515873015873
1980,40,1603,1602,562,115,2,3,0.00124843945069,0.000624219725343,NaN,NaN,0.002503125,7.8125e-07
1980,40,1603,1602,562,123,2,3,0.00124843945069,0.000624219725343,NaN,NaN,0.00501251564456,1.56445556946e-06
1980,40,1603,1602,562,124,2,2,0.00124843945069,0.00187265917603,-2.3379015931e-06,1.00000000002,0.00375703564728,2.34521575985e-06
1980,40,1603,1602,562,130,2,2,0.00124843945069,0.000624219725343,-7.79300530995e-07,0.999999999974,0.00125078076202,7.80762023735e-07
1980,40,1603,1602,562,131,2,2,0.00124843945069,0.00124843945069,-1.55860106199e-06,0.999999999974,0.002503125,1.5625e-06
1980,40,1603,1602,562,140,2,3,0.00124843945069,0.00124843945069,NaN,NaN,0.011313559322,3.53107344633e-06
1980,40,1603,1602,562,146,2,2,0.00124843945069,0.000624219725343,-7.79300530995e-07,0.999999999974,0.00125078076202,7.80762023735e-07
1980,40,1603,1602,562,149,2,2,0.00124843945069,0.000624219725343,-7.79300530995e-07,0.999999999974,0.00125078076202,7.80762023735e-07
1980,40,1603,1602,562,157,2,2,0.00124843945069,0.00124843945069,-1.55860106199e-06,0.999999999974,0.002503125,1.5625e-06
1980,40,1603,1602,562,159,2,2,0.00124843945069,0.00374531835206,-4.67580318608e-06,0.999999999998,0.00752819548872,4.6992481203e-06
1980,40,1603,1602,562,164,2,2,0.00124843945069,0.000624219725343,-7.79300530995e-07,0.999999999974,0.00125078076202,7.80762023735e-07
1980,40,1603,1602,562,167,2,2,0.00124843945069,0.00312109862672,-3.89650265509e-06,1.0,0.00626956793989,3.91358797746e-06
1980,40,1603,1602,562,177,2,2,0.00124843945069,0.000624219725343,-7.79300530995e-07,0.999999999974,0.00125078076202,7.80762023735e-07
1980,40,1603,1601,562,186,2,2,0.00124921923798,0.000624609618988,-7.80274352241e-07,0.999999999969,0.00125156347717,7.81738586617e-07
1980,40,1603,1602,562,188,2,2,0.00124843945069,0.00624219725343,-7.79300531017e-06,1.0,0.0125785175879,7.85175879397e-06
1980,40,1603,1602,562,192,2,3,0.00124843945069,0.000624219725343,NaN,NaN,0.002503125,7.8125e-07
1980,40,1603,1602,562,198,2,2,0.00124843945069,0.00312109862672,-3.89650265509e-06,1.0,0.00626956793989,3.91358797746e-06
1980,40,1603,1602,562,200,2,2,0.00124843945069,0.00124843945069,-1.55860106199e-06,0.999999999974,0.002503125,1.5625e-06
1980,40,1603,1602,562,207,2,2,0.00124843945069,0.00811485642946,-1.01309069032e-05,0.999999999996,0.0163829452486,1.02265575834e-05
1980,40,1603,1602,562,208,2,2,0.00124843945069,0.000624219725343,-7.79300530995e-07,0.999999999974,0.00125078076202,7.80762023735e-07
1980,40,1603,1602,562,211,2,2,0.00124843945069,0.000624219725343,-7.79300530995e-07,0.999999999974,0.00125078076202,7.80762023735e-07
1980,40,1603,1602,562,215,2,2,0.00124843945069,0.00124843945069,-1.55860106199e-06,0.999999999974,0.002503125,1.5625e-06
1980,40,1603,1602,562,218,2,3,0.00124843945069,0.00124843945069,NaN,NaN,0.0100501882058,3.13676286073e-06
1980,40,1603,1602,562,220,2,2,0.00124843945069,0.00124843945069,-1.55860106199e-06,0.999999999974,0.002503125,1.5625e-06
1980,40,1603,1602,562,221,2,3,0.00124843945069,0.000624219725343,NaN,NaN,800.500000781,0.249843945312
1980,40,1603,1602,562,222,2,2,0.00124843945069,0.000624219725343,-7.79300530995e-07,0.999999999974,0.00125078076202,7.80762023735e-07
1980,40,1603,1602,562,226,2,2,0.00124843945069,0.000624219725343,-7.79300530995e-07,0.999999999974,0.00125078076202,7.80762023735e-07
1980,40,1603,1602,562,227,2,2,0.00124843945069,0.000624219725343,-7.79300530995e-07,0.999999999974,0.00125078076202,7.80762023735e-07
1980,40,1603,1602,562,232,2,2,0.00124843945069,0.000624219725343,-7.79300530995e-07,0.999999999974,0.00125078076202,7.80762023735e-07
1980,40,1603,1602,562,233,2,2,0.00124843945069,0.000624219725343,-7.79300530995e-07,0.999999999974,0.00125078076202,7.80762023735e-07
1980,40,1603,1602,562,240,2,2,0.00124843945069,0.00187265917603,-2.3379015931e-06,1.00000000002,0.00375703564728,2.34521575985e-06
1980,40,1603,1602,562,244,2,2,0.00124843945069,0.000624219725343,-7.79300530995e-07,0.999999999974,0.00125078076202,7.80762023735e-07
1980,40,1603,1602,562,245,2,2,0.00124843945069,0.000624219725343,-7.79300530995e-07,0.999999999974,0.00125078076202,7.80762023735e-07
1980,40,1603,1603,565,15,2,2,0.000623830318153,0.000623830318153,-3.89164265702e-07,0.999999999625,0.000624609375609,3.89650265508e-07
1980,40,1603,1603,565,20,2,3,0.000623830318153,0.000623830318153,NaN,NaN,0.00124999902527,3.89893644812e-07
1980,40,1603,1603,565,22,2,2,0.000623830318153,0.00124766063631,-7.78328531736e-07,1.00000000005,0.00124999902527,7.79787289623e-07
1980,40,1603,1603,565,26,2,2,0.000623830318153,0.00374298190892,-2.3349855951e-06,1.00000000001,0.00375938967962,2.3452212599e-06
1980,40,1603,1603,565,33,2,2,0.000623830318153,0.000623830318153,-3.89164265702e-07,0.999999999625,0.000624609375609,3.89650265508e-07
1980,40,1603,1603,565,35,2,2,0.000623830318153,0.000623830318153,-3.89164265702e-07,0.999999999625,0.000624609375609,3.89650265508e-07
1980,40,1603,1603,565,46,2,3,0.000623830318153,0.000623830318153,NaN,NaN,0.00124999902527,3.89893644812e-07
1980,40,1603,1603,565,48,2,2,0.000623830318153,0.000623830318153,-3.89164265702e-07,0.999999999625,0.000624609375609,3.89650265508e-07
1980,40,1603,1603,565,49,2,2,0.000623830318153,0.000623830318153,-3.89164265702e-07,0.999999999625,0.000624609375609,3.89650265508e-07
1980,40,1603,1603,565,55,2,2,0.000623830318153,0.000623830318153,-3.89164265702e-07,0.999999999625,0.000624609375609,3.89650265508e-07
1980,40,1603,1603,565,60,2,2,0.000623830318153,0.000623830318153,-3.89164265702e-07,0.999999999625,0.000624609375609,3.89650265508e-07
1980,40,1603,1603,565,64,2,2,0.000623830318153,0.00249532127261,-1.55665706336e-06,0.999999999982,0.00250312500244,1.56152526665e-06
1980,40,1603,1603,565,73,2,2,0.000623830318153,0.000623830318153,-3.89164265702e-07,0.999999999625,0.000624609375609,3.89650265508e-07
1980,40,1603,1603,565,77,2,2,0.000623830318153,0.00374298190892,-2.3349855951e-06,1.00000000001,0.00375938967962,2.3452212599e-06
1980,40,1603,1603,565,94,2,2,0.000623830318153,0.000623830318153,-3.89164265702e-07,0.999999999625,0.000624609375609,3.89650265508e-07
1980,40,1603,1603,565,97,2,3,0.000623830318153,0.000623830318153,NaN,NaN,0.00124999902527,3.89893644812e-07
1980,40,1603,1603,565,101,2,2,0.000623830318153,0.00124766063631,-7.78328531736e-07,1.00000000005,0.00124999902527,7.79787289623e-07
1980,40,1603,1603,565,105,2,2,0.000623830318153,0.292576419214,0.000441312277471,1.0,2.41941975516,0.00150930739561
1980,40,1603,1603,565,115,2,3,0.000623830318153,0.000623830318153,NaN,NaN,0.00124999902527,3.89893644812e-07
1980,40,1603,1603,565,123,2,3,0.000623830318153,0.000623830318153,NaN,NaN,0.00250312500244,7.80762633325e-07
1980,40,1603,1603,565,124,2,2,0.000623830318153,0.00187149095446,-1.16749279755e-06,1.00000000001,0.00187617041199,1.17041198502e-06
1980,40,1603,1603,565,130,2,2,0.000623830318153,0.000623830318153,-3.89164265702e-07,0.999999999625,0.000624609375609,3.89650265508e-07
1980,40,1603,1603,565,131,2,2,0.000623830318153,0.00124766063631,-7.78328531736e-07,1.00000000005,0.00124999902527,7.79787289623e-07
1980,40,1603,1603,565,140,2,3,0.000623830318153,0.00124766063631,NaN,NaN,0.00564969760196,1.76222632625e-06
1980,40,1603,1603,565,146,2,2,0.000623830318153,0.000623830318153,-3.89164265702e-07,0.999999999625,0.000624609375609,3.89650265508e-07
1980,40,1603,1603,565,149,2,2,0.000623830318153,0.000623830318153,-3.89164265702e-07,0.999999999625,0.000624609375609,3.89650265508e-07
1980,40,1603,1603,565,157,2,2,0.000623830318153,0.00124766063631,-7.78328531736e-07,1.00000000005,0.00124999902527,7.79787289623e-07
1980,40,1603,1603,565,159,2,2,0.000623830318153,0.00374298190892,-2.3349855951e-06,1.00000000001,0.00375938967962,2.3452212599e-06
1980,40,1603,1603,565,164,2,2,0.000623830318153,0.000623830318153,-3.89164265702e-07,0.999999999625,0.000624609375609,3.89650265508e-07
1980,40,1603,1603,565,167,2,2,0.000623830318153,0.00311915159077,-1.94582132917e-06,0.999999999968,0.00313086426698,1.95312805176e-06
1980,40,1603,1603,565,177,2,2,0.000623830318153,0.000623830318153,-3.89164265702e-07,0.999999999625,0.000624609375609,3.89650265508e-07
1980,40,1603,1602,565,186,2,2,0.000624219725343,0.000624219725343,-3.89650265498e-07,0.999999999974,0.000624999756164,3.90137176132e-07
1980,40,1603,1603,565,188,2,2,0.000623830318153,0.00623830318153,-3.89164265846e-06,0.999999999996,0.00628138242138,3.91851679437e-06
1980,40,1603,1603,565,192,2,3,0.000623830318153,0.000623830318153,NaN,NaN,0.00124999902527,3.89893644812e-07
1980,40,1603,1603,565,198,2,2,0.000623830318153,0.00311915159077,-1.94582132917e-06,0.999999999968,0.00313086426698,1.95312805176e-06
1980,40,1603,1603,565,200,2,2,0.000623830318153,0.00124766063631,-7.78328531736e-07,1.00000000005,0.00124999902527,7.79787289623e-07
1980,40,1603,1603,565,207,2,2,0.000623830318153,0.008109794136,-5.05913545601e-06,0.999999999998,0.00818120431222,5.10368328897e-06
1980,40,1603,1603,565,208,2,2,0.000623830318153,0.000623830318153,-3.89164265702e-07,0.999999999625,0.000624609375609,3.89650265508e-07
1980,40,1603,1603,565,211,2,2,0.000623830318153,0.000623830318153,-3.89164265702e-07,0.999999999625,0.000624609375609,3.89650265508e-07
1980,40,1603,1603,565,215,2,2,0.000623830318153,0.00124766063631,-7.78328531736e-07,1.00000000005,0.00124999902527,7.79787289623e-07
1980,40,1603,1603,565,218,2,3,0.000623830318153,0.00124766063631,NaN,NaN,0.00501880486383,1.56544131748e-06
1980,40,1603,1603,565,220,2,2,0.000623830318153,0.00124766063631,-7.78328531736e-07,1.00000000005,0.00124999902527,7.79787289623e-07
1980,40,1603,1603,565,221,2,3,0.000623830318153,0.000623830318153,NaN,NaN,0.00124999902527,3.89893644812e-07
1980,40,1603,1603,565,222,2,2,0.000623830318153,0.000623830318153,-3.89164265702e-07,0.999999999625,0.000624609375609,3.89650265508e-07
1980,40,1603,1603,565,226,2,2,0.000623830318153,0.000623830318153,-3.89164265702e-07,0.999999999625,0.000624609375609,3.89650265508e-07
1980,40,1603,1603,565,227,2,2,0.000623830318153,0.000623830318153,-3.89164265702e-07,0.999999999625,0.000624609375609,3.89650265508e-07
1980,40,1603,1603,565,232,2,2,0.000623830318153,0.000623830318153,-3.89164265702e-07,0.999999999625,0.000624609375609,3.89650265508e-07
1980,40,1603,1603,565,233,2,2,0.000623830318153,0.000623830318153,-3.89164265702e-07,0.999999999625,0.000624609375609,3.89650265508e-07
1980,40,1603,1603,565,240,2,2,0.000623830318153,0.00187149095446,-1.16749279755e-06,1.00000000001,0.00187617041199,1.17041198502e-06
1980,40,1603,1603,565,244,2,2,0.000623830318153,0.000623830318153,-3.89164265702e-07,0.999999999625,0.000624609375609,3.89650265508e-07
1980,40,1603,1603,565,245,2,2,0.000623830318153,0.000623830318153,-3.89164265702e-07,0.999999999625,0.000624609375609,3.89650265508e-07
1980,40,1603,1603,566,15,2,2,0.000623830318153,0.000623830318153,-3.89164265702e-07,0.999999999625,0.000624609375609,3.89650265508e-07
1980,40,1603,1603,566,20,2,3,0.000623830318153,0.000623830318153,NaN,NaN,0.00124999902527,3.89893644812e-07
1980,40,1603,1603,566,22,2,2,0.000623830318153,0.00124766063631,-7.78328531736e-07,1.00000000005,0.00124999902527,7.79787289623e-07
1980,40,1603,1603,566,26,2,2,0.000623830318153,0.00374298190892,-2.3349855951e-06,1.00000000001,0.00375938967962,2.3452212599e-06
1980,40,1603,1603,566,33,2,2,0.000623830318153,0.000623830318153,-3.89164265702e-07,0.999999999625,0.000624609375609,3.89650265508e-07
1980,40,1603,1603,566,35,2,2,0.000623830318153,0.000623830318153,-3.89164265702e-07,0.999999999625,0.000624609375609,3.89650265508e-07
1980,40,1603,1603,566,46,2,3,0.000623830318153,0.000623830318153,NaN,NaN,0.00124999902527,3.89893644812e-07
1980,40,1603,1603,566,48,2,2,0.000623830318153,0.000623830318153,-3.89164265702e-07,0.999999999625,0.000624609375609,3.89650265508e-07
1980,40,1603,1603,566,49,2,2,0.000623830318153,0.000623830318153,-3.89164265702e-07,0.999999999625,0.000624609375609,3.89650265508e-07
1980,40,1603,1603,566,55,2,2,0.000623830318153,0.000623830318153,-3.89164265702e-07,0.999999999625,0.000624609375609,3.89650265508e-07
1980,40,1603,1603,566,60,2,2,0.000623830318153,0.000623830318153,-3.89164265702e-07,0.999999999625,0.000624609375609,3.89650265508e-07
1980,40,1603,1603,566,64,2,2,0.000623830318153,0.00249532127261,-1.55665706336e-06,0.999999999982,0.00250312500244,1.56152526665e-06
1980,40,1603,1603,566,73,2,2,0.000623830318153,0.000623830318153,-3.89164265702e-07,0.999999999625,0.000624609375609,3.89650265508e-07
1980,40,1603,1603,566,77,2,2,0.000623830318153,0.00374298190892,-2.3349855951e-06,1.00000000001,0.00375938967962,2.3452212599e-06
1980,40,1603,1603,566,94,2,2,0.000623830318153,0.000623830318153,-3.89164265702e-07,0.999999999625,0.000624609375609,3.89650265508e-07
1980,40,1603,1603,566,97,2,3,0.000623830318153,0.000623830318153,NaN,NaN,0.00124999902527,3.89893644812e-07
1980,40,1603,1603,566,101,2,2,0.000623830318153,0.00124766063631,-7.78328531736e-07,1.00000000005,0.00124999902527,7.79787289623e-07
1980,40,1603,1603,566,105,2,2,0.000623830318153,0.292576419214,0.000441312277471,1.0,2.41941975516,0.00150930739561
1980,40,1603,1603,566,115,2,3,0.000623830318153,0.000623830318153,NaN,NaN,0.00124999902527,3.89893644812e-07
1980,40,1603,1603,566,123,2,3,0.000623830318153,0.000623830318153,NaN,NaN,0.00250312500244,7.80762633325e-07
1980,40,1603,1603,566,124,2,2,0.000623830318153,0.00187149095446,-1.16749279755e-06,1.00000000001,0.00187617041199,1.17041198502e-06
1980,40,1603,1603,566,130,2,2,0.000623830318153,0.000623830318153,-3.89164265702e-07,0.999999999625,0.000624609375609,3.89650265508e-07
1980,40,1603,1603,566,131,2,2,0.000623830318153,0.00124766063631,-7.78328531736e-07,1.00000000005,0.00124999902527,7.79787289623e-07
1980,40,1603,1603,566,140,2,3,0.000623830318153,0.00124766063631,NaN,NaN,0.00564969760196,1.76222632625e-06
1980,40,1603,1603,566,146,2,2,0.000623830318153,0.000623830318153,-3.89164265702e-07,0.999999999625,0.000624609375609,3.89650265508e-07
1980,40,1603,1603,566,149,2,2,0.000623830318153,0.000623830318153,-3.89164265702e-07,0.999999999625,0.000624609375609,3.89650265508e-07
1980,40,1603,1603,566,157,2,2,0.000623830318153,0.00124766063631,-7.78328531736e-07,1.00000000005,0.00124999902527,7.79787289623e-07
1980,40,1603,1603,566,159,2,2,0.000623830318153,0.00374298190892,-2.3349855951e-06,1.00000000001,0.00375938967962,2.3452212599e-06
1980,40,1603,1603,566,164,2,2,0.000623830318153,0.000623830318153,-3.89164265702e-07,0.999999999625,0.000624609375609,3.89650265508e-07
1980,40,1603,1603,566,167,2,2,0.000623830318153,0.00311915159077,-1.94582132917e-06,0.999999999968,0.00313086426698,1.95312805176e-06
1980,40,1603,1603,566,177,2,2,0.000623830318153,0.000623830318153,-3.89164265702e-07,0.999999999625,0.000624609375609,3.89650265508e-07
1980,40,1603,1602,566,186,2,2,0.000624219725343,0.000624219725343,-3.89650265498e-07,0.999999999974,0.000624999756164,3.90137176132e-07
1980,40,1603,1603,566,188,2,2,0.000623830318153,0.00623830318153,-3.89164265846e-06,0.999999999996,0.00628138242138,3.91851679437e-06
1980,40,1603,1603,566,192,2,3,0.000623830318153,0.000623830318153,NaN,NaN,0.00124999902527,3.89893644812e-07
1980,40,1603,1603,566,198,2,2,0.000623830318153,0.00311915159077,-1.94582132917e-06,0.999999999968,0.00313086426698,1.95312805176e-06
1980,40,1603,1603,566,200,2,2,0.000623830318153,0.00124766063631,-7.78328531736e-07,1.00000000005,0.00124999902527,7.79787289623e-07
1980,40,1603,1603,566,207,2,2,0.000623830318153,0.008109794136,-5.05913545601e-06,0.999999999998,0.00818120431222,5.10368328897e-06
1980,40,1603,1603,566,208,2,2,0.000623830318153,0.000623830318153,-3.89164265702e-07,0.999999999625,0.000624609375609,3.89650265508e-07
1980,40,1603,1603,566,211,2,2,0.000623830318153,0.000623830318153,-3.89164265702e-07,0.999999999625,0.000624609375609,3.89650265508e-07
1980,40,1603,1603,566,215,2,2,0.000623830318153,0.00124766063631,-7.78328531736e-07,1.00000000005,0.00124999902527,7.79787289623e-07
1980,40,1603,1603,566,218,2,3,0.000623830318153,0.00124766063631,NaN,NaN,0.00501880486383,1.56544131748e-06
1980,40,1603,1603,566,220,2,2,0.000623830318153,0.00124766063631,-7.78328531736e-07,1.00000000005,0.00124999902527,7.79787289623e-07
1980,40,1603,1603,566,221,2,3,0.000623830318153,0.000623830318153,NaN,NaN,0.00124999902527,3.89893644812e-07
1980,40,1603,1603,566,222,2,2,0.000623830318153,0.000623830318153,-3.89164265702e-07,0.999999999625,0.000624609375609,3.89650265508e-07
1980,40,1603,1603,566,226,2,2,0.000623830318153,0.000623830318153,-3.89164265702e-07,0.999999999625,0.000624609375609,3.89650265508e-07
1980,40,1603,1603,566,227,2,2,0.000623830318153,0.000623830318153,-3.89164265702e-07,0.999999999625,0.000624609375609,3.89650265508e-07
1980,40,1603,1603,566,232,2,2,0.000623830318153,0.000623830318153,-3.89164265702e-07,0.999999999625,0.000624609375609,3.89650265508e-07
1980,40,1603,1603,566,233,2,2,0.000623830318153,0.000623830318153,-3.89164265702e-07,0.999999999625,0.000624609375609,3.89650265508e-07
1980,40,1603,1603,566,240,2,2,0.000623830318153,0.00187149095446,-1.16749279755e-06,1.00000000001,0.00187617041199,1.17041198502e-06
1980,40,1603,1603,566,244,2,2,0.000623830318153,0.000623830318153,-3.89164265702e-07,0.999999999625,0.000624609375609,3.89650265508e-07
1980,40,1603,1603,566,245,2,2,0.000623830318153,0.000623830318153,-3.89164265702e-07,0.999999999625,0.000624609375609,3.89650265508e-07
1980,40,1603,1603,567,15,2,2,0.00124766063631,0.000623830318153,-7.78328531736e-07,1.00000000005,0.00124999902527,7.79787289623e-07
1980,40,1603,1603,567,20,2,3,0.00124766063631,0.000623830318153,NaN,NaN,0.00250155957336,7.80274352265e-07
1980,40,1603,1603,567,22,2,2,0.00124766063631,0.00124766063631,-1.55665706347e-06,1.00000000005,0.00250155957336,1.56054870453e-06
1980,40,1603,1603,567,26,2,2,0.00124766063631,0.00374298190892,-4.66997119031e-06,1.00000000003,0.00752347566115,4.69337221531e-06
1980,40,1603,1603,567,33,2,2,0.00124766063631,0.000623830318153,-7.78328531736e-07,1.00000000005,0.00124999902527,7.79787289623e-07
1980,40,1603,1603,567,35,2,2,0.00124766063631,0.000623830318153,-7.78328531736e-07,1.00000000005,0.00124999902527,7.79787289623e-07
1980,40,1603,1603,567,46,2,3,0.00124766063631,0.000623830318153,NaN,NaN,0.00250155957336,7.80274352265e-07
1980,40,1603,1603,567,48,2,2,0.00124766063631,0.000623830318153,-7.78328531736e-07,1.00000000005,0.00124999902527,7.79787289623e-07
1980,40,1603,1603,567,49,2,2,0.00124766063631,0.000623830318153,-7.78328531736e-07,1.00000000005,0.00124999902527,7.79787289623e-07
1980,40,1603,1603,567,55,2,2,0.00124766063631,0.000623830318153,-7.78328531736e-07,1.00000000005,0.00124999902527,7.79787289623e-07
1980,40,1603,1603,567,60,2,2,0.00124766063631,0.000623830318153,-7.78328531736e-07,1.00000000005,0.00124999902527,7.79787289623e-07
1980,40,1603,1603,567,64,2,2,0.00124766063631,0.00249532127261,-3.11331412683e-06,1.00000000002,0.00500937695679,3.1250012207e-06
1980,40,1603,1603,567,73,2,2,0.00124766063631,0.000623830318153,-7.78328531736e-07,1.00000000005,0.00124999902527,7.79787289623e-07
1980,40,1603,1603,567,77,2,2,0.00124766063631,0.00374298190892,-4.66997119031e-06,1.00000000003,0.00752347566115,4.69337221531e-06
1980,40,1603,1603,567,94,2,2,0.00124766063631,0.000623830318153,-7.78328531736e-07,1.00000000005,0.00124999902527,7.79787289623e-07
1980,40,1603,1603,567,97,2,3,0.00124766063631,0.000623830318153,NaN,NaN,0.00250155957336,7.80274352265e-07
1980,40,1603,1603,567,101,2,2,0.00124766063631,0.00124766063631,-1.55665706347e-06,1.00000000005,0.00250155957336,1.56054870453e-06
1980,40,1603,1603,567,105,2,2,0.00124766063631,0.292576419214,0.000258794236789,0.293209876543,0.416264704423,0.000259678542996
1980,40,1603,1603,567,115,2,3,0.00124766063631,0.000623830318153,NaN,NaN,0.00250155957336,7.80274352265e-07
1980,40,1603,1603,567,123,2,3,0.00124766063631,0.000623830318153,NaN,NaN,0.00500937695679,1.56250061035e-06
1980,40,1603,1603,567,124,2,2,0.00124766063631,0.00187149095446,-2.33498559521e-06,1.00000000005,0.00375468457214,2.34228607121e-06
1980,40,1603,1603,567,130,2,2,0.00124766063631,0.000623830318153,-7.78328531736e-07,1.00000000005,0.00124999902527,7.79787289623e-07
1980,40,1603,1603,567,131,2,2,0.00124766063631,0.00124766063631,-1.55665706347e-06,1.00000000005,0.00250155957336,1.56054870453e-06
1980,40,1603,1603,567,140,2,3,0.00124766063631,0.00124766063631,NaN,NaN,0.0113064529149,3.52665405953e-06
1980,40,1603,1603,567,146,2,2,0.00124766063631,0.000623830318153,-7.78328531736e-07,1.00000000005,0.00124999902527,7.79787289623e-07
1980,40,1603,1603,567,149,2,2,0.00124766063631,0.000623830318153,-7.78328531736e-07,1.00000000005,0.00124999902527,7.79787289623e-07
1980,40,1603,1603,567,157,2,2,0.00124766063631,0.00124766063631,-1.55665706347e-06,1.00000000005,0.00250155957336,1.56054870453e-06
1980,40,1603,1603,567,159,2,2,0.00124766063631,0.00374298190892,-4.66997119031e-06,1.00000000003,0.00752347566115,4.69337221531e-06
1980,40,1603,1603,567,164,2,2,0.00124766063631,0.000623830318153,-7.78328531736e-07,1.00000000005,0.00124999902527,7.79787289623e-07
1980,40,1603,1603,567,167,2,2,0.00124766063631,0.00311915159077,-3.89164265846e-06,0.999999999996,0.00626563966982,3.90869598866e-06
1980,40,1603,1603,567,177,2,2,0.00124766063631,0.000623830318153,-7.78328531736e-07,1.00000000005,0.00124999902527,7.79787289623e-07
1980,40,1603,1602,567,186,2,2,0.00124843945069,0.000624219725343,-7.79300530995e-07,0.999999999974,0.00125078076202,7.80762023735e-07
1980,40,1603,1603,567,188,2,2,0.00124766063631,0.00623830318153,-7.78328531692e-06,0.999999999996,0.0125706116665,7.84192867531e-06
1980,40,1603,1603,567,192,2,3,0.00124766063631,0.000623830318153,NaN,NaN,0.00250155957336,7.80274352265e-07
1980,40,1603,1603,567,198,2,2,0.00124766063631,0.00311915159077,-3.89164265846e-06,0.999999999996,0.00626563966982,3.90869598866e-06
1980,40,1603,1603,567,200,2,2,0.00124766063631,0.00124766063631,-1.55665706347e-06,1.00000000005,0.00250155957336,1.56054870453e-06
1980,40,1603,1603,567,207,2,2,0.00124766063631,0.008109794136,-1.01182709121e-05,1.00000000001,0.0163726287423,1.02137421973e-05
1980,40,1603,1603,567,208,2,2,0.00124766063631,0.000623830318153,-7.78328531736e-07,1.00000000005,0.00124999902527,7.79787289623e-07
1980,40,1603,1603,567,211,2,2,0.00124766063631,0.000623830318153,-7.78328531736e-07,1.00000000005,0.00124999902527,7.79787289623e-07
1980,40,1603,1603,567,215,2,2,0.00124766063631,0.00124766063631,-1.55665706347e-06,1.00000000005,0.00250155957336,1.56054870453e-06
1980,40,1603,1603,567,218,2,3,0.00124766063631,0.00124766063631,NaN,NaN,0.0100438793152,3.13283821436e-06
1980,40,1603,1603,567,220,2,2,0.00124766063631,0.00124766063631,-1.55665706347e-06,1.00000000005,0.00250155957336,1.56054870453e-06
1980,40,1603,1603,567,221,2,3,0.00124766063631,0.000623830318153,NaN,NaN,0.00250155957336,7.80274352265e-07
1980,40,1603,1603,567,222,2,2,0.00124766063631,0.000623830318153,0.000623051989622,1.0,800.99968789,0.499687890137
1980,40,1603,1603,567,226,2,2,0.00124766063631,0.000623830318153,-7.78328531736e-07,1.00000000005,0.00124999902527,7.79787289623e-07
1980,40,1603,1603,567,227,2,2,0.00124766063631,0.000623830318153,-7.78328531736e-07,1.00000000005,0.00124999902527,7.79787289623e-07
1980,40,1603,1603,567,232,2,2,0.00124766063631,0.000623830318153,-7.78328531736e-07,1.00000000005,0.00124999902527,7.79787289623e-07
1980,40,1603,1603,567,233,2,2,0.00124766063631,0.000623830318153,-7.78328531736e-07,1.00000000005,0.00124999902527,7.79787289623e-07
1980,40,1603,1603,567,240,2,2,0.00124766063631,0.00187149095446,-2.33498559521e-06,1.00000000005,0.00375468457214,2.34228607121e-06
1980,40,1603,1603,567,244,2,2,0.00124766063631,0.000623830318153,-7.78328531736e-07,1.00000000005,0.00124999902527,7.79787289623e-07
1980,40,1603,1603,567,245,2,2,0.00124766063631,0.000623830318153,-7.78328531736e-07,1.00000000005,0.00124999902527,7.79787289623e-07
1980,40,1603,1603,572,15,2,2,0.000623830318153,0.000623830318153,-3.89164265702e-07,0.999999999625,0.000624609375609,3.89650265508e-07
1980,40,1603,1603,572,20,2,3,0.000623830318153,0.000623830318153,NaN,NaN,0.00124999902527,3.89893644812e-07
1980,40,1603,1603,572,22,2,2,0.000623830318153,0.00124766063631,-7.78328531736e-07,1.00000000005,0.00124999902527,7.79787289623e-07
1980,40,1603,1603,572,26,2,2,0.000623830318153,0.00374298190892,-2.3349855951e-06,1.00000000001,0.00375938967962,2.3452212599e-06
1980,40,1603,1603,572,33,2,2,0.000623830318153,0.000623830318153,-3.89164265702e-07,0.999999999625,0.000624609375609,3.89650265508e-07
1980,40,1603,1603,572,35,2,2,0.000623830318153,0.000623830318153,-3.89164265702e-07,0.999999999625,0.000624609375609,3.89650265508e-07
1980,40,1603,1603,572,46,2,3,0.000623830318153,0.000623830318153,NaN,NaN,0.00124999902527,3.89893644812e-07
1980,40,1603,1603,572,48,2,2,0.000623830318153,0.000623830318153,-3.89164265702e-07,0.999999999625,0.000624609375609,3.89650265508e-07
1980,40,1603,1603,572,49,2,2,0.000623830318153,0.000623830318153,-3.89164265702e-07,0.999999999625,0.000624609375609,3.89650265508e-07
1980,40,1603,1603,572,55,2,2,0.000623830318153,0.000623830318153,-3.89164265702e-07,0.999999999625,0.000624609375609,3.89650265508e-07
1980,40,1603,1603,572,60,2,2,0.000623830318153,0.000623830318153,-3.89164265702e-07,0.999999999625,0.000624609375609,3.89650265508e-07
1980,40,1603,1603,572,64,2,2,0.000623830318153,0.00249532127261,-1.55665706336e-06,0.999999999982,0.00250312500244,1.56152526665e-06
1980,40,1603,1603,572,73,2,2,0.000623830318153,0.000623830318153,-3.89164265702e-07,0.999999999625,0.000624609375609,3.89650265508e-07
1980,40,1603,1603,572,77,2,2,0.000623830318153,0.00374298190892,-2.3349855951e-06,1.00000000001,0.00375938967962,2.3452212599e-06
1980,40,1603,1603,572,94,2,2,0.000623830318153,0.000623830318153,-3.89164265702e-07,0.999999999625,0.000624609375609,3.89650265508e-07
1980,40,1603,1603,572,97,2,3,0.000623830318153,0.000623830318153,NaN,NaN,0.00124999902527,3.89893644812e-07
1980,40,1603,1603,572,101,2,2,0.000623830318153,0.00124766063631,-7.78328531736e-07,1.00000000005,0.00124999902527,7.79787289623e-07
1980,40,1603,1603,572,105,2,2,0.000623830318153,0.292576419214,-0.000182518040682,1.0,0.413838411862,0.000258164948136
1980,40,1603,1603,572,115,2,3,0.000623830318153,0.000623830318153,NaN,NaN,0.00124999902527,3.89893644812e-07
1980,40,1603,1603,572,123,2,3,0.000623830318153,0.000623830318153,NaN,NaN,0.00250312500244,7.80762633325e-07
1980,40,1603,1603,572,124,2,2,0.000623830318153,0.00187149095446,-1.16749279755e-06,1.00000000001,0.00187617041199,1.17041198502e-06
1980,40,1603,1603,572,130,2,2,0.000623830318153,0.000623830318153,-3.89164265702e-07,0.999999999625,0.000624609375609,3.89650265508e-07
1980,40,1603,1603,572,131,2,2,0.000623830318153,0.00124766063631,-7.78328531736e-07,1.00000000005,0.00124999902527,7.79787289623e-07
1980,40,1603,1603,572,140,2,3,0.000623830318153,0.00124766063631,NaN,NaN,0.00564969760196,1.76222632625e-06
1980,40,1603,1603,572,146,2,2,0.000623830318153,0.000623830318153,-3.89164265702e-07,0.999999999625,0.000624609375609,3.89650265508e-07
1980,40,1603,1603,572,149,2,2,0.000623830318153,0.000623830318153,-3.89164265702e-07,0.999999999625,0.000624609375609,3.89650265508e-07
1980,40,1603,1603,572,157,2,2,0.000623830318153,0.00124766063631,-7.78328531736e-07,1.00000000005,0.00124999902527,7.79787289623e-07
1980,40,1603,1603,572,159,2,2,0.000623830318153,0.00374298190892,-2.3349855951e-06,1.00000000001,0.00375938967962,2.3452212599e-06
1980,40,1603,1603,572,164,2,2,0.000623830318153,0.000623830318153,-3.89164265702e-07,0.999999999625,0.000624609375609,3.89650265508e-07
1980,40,1603,1603,572,167,2,2,0.000623830318153,0.00311915159077,-1.94582132917e-06,0.999999999968,0.00313086426698,1.95312805176e-06
1980,40,1603,1603,572,177,2,2,0.000623830318153,0.000623830318153,-3.89164265702e-07,0.999999999625,0.000624609375609,3.89650265508e-07
1980,40,1603,1602,572,186,2,2,0.000624219725343,0.000624219725343,-3.89650265498e-07,0.999999999974,0.000624999756164,3.90137176132e-07
1980,40,1603,1603,572,188,2,2,0.000623830318153,0.00623830318153,-3.89164265846e-06,0.999999999996,0.00628138242138,3.91851679437e-06
1980,40,1603,1603,572,192,2,3,0.000623830318153,0.000623830318153,NaN,NaN,0.00124999902527,3.89893644812e-07
1980,40,1603,1603,572,198,2,2,0.000623830318153,0.00311915159077,-1.94582132917e-06,0.999999999968,0.00313086426698,1.95312805176e-06
1980,40,1603,1603,572,200,2,2,0.000623830318153,0.00124766063631,-7.78328531736e-07,1.00000000005,0.00124999902527,7.79787289623e-07
1980,40,1603,1603,572,207,2,2,0.000623830318153,0.008109794136,-5.05913545601e-06,0.999999999998,0.00818120431222,5.10368328897e-06
1980,40,1603,1603,572,208,2,2,0.000623830318153,0.000623830318153,-3.89164265702e-07,0.999999999625,0.000624609375609,3.89650265508e-07
1980,40,1603,1603,572,211,2,2,0.000623830318153,0.000623830318153,-3.89164265702e-07,0.999999999625,0.000624609375609,3.89650265508e-07
1980,40,1603,1603,572,215,2,2,0.000623830318153,0.00124766063631,-7.78328531736e-07,1.00000000005,0.00124999902527,7.79787289623e-07
1980,40,1603,1603,572,218,2,3,0.000623830318153,0.00124766063631,NaN,NaN,0.00501880486383,1.56544131748e-06
1980,40,1603,1603,572,220,2,2,0.000623830318153,0.00124766063631,-7.78328531736e-07,1.00000000005,0.00124999902527,7.79787289623e-07
1980,40,1603,1603,572,221,2,3,0.000623830318153,0.000623830318153,NaN,NaN,0.00124999902527,3.89893644812e-07
1980,40,1603,1603,572,222,2,2,0.000623830318153,0.000623830318153,-3.89164265702e-07,0.999999999625,0.000624609375609,3.89650265508e-07
1980,40,1603,1603,572,226,2,2,0.000623830318153,0.000623830318153,-3.89164265702e-07,0.999999999625,0.000624609375609,3.89650265508e-07
1980,40,1603,1603,572,227,2,2,0.000623830318153,0.000623830318153,-3.89164265702e-07,0.999999999625,0.000624609375609,3.89650265508e-07
1980,40,1603,1603,572,232,2,2,0.000623830318153,0.000623830318153,-3.89164265702e-07,0.999999999625,0.000624609375609,3.89650265508e-07
1980,40,1603,1603,572,233,2,2,0.000623830318153,0.000623830318153,-3.89164265702e-07,0.999999999625,0.000624609375609,3.89650265508e-07
1980,40,1603,1603,572,240,2,2,0.000623830318153,0.00187149095446,-1.16749279755e-06,1.00000000001,0.00187617041199,1.17041198502e-06
1980,40,1603,1603,572,244,2,2,0.000623830318153,0.000623830318153,-3.89164265702e-07,0.999999999625,0.000624609375609,3.89650265508e-07
1980,40,1603,1603,572,245,2,2,0.000623830318153,0.000623830318153,-3.89164265702e-07,0.999999999625,0.000624609375609,3.89650265508e-07
1980,40,1603,1603,573,15,2,2,0.000623830318153,0.000623830318153,-3.89164265702e-07,0.999999999625,0.000624609375609,3.89650265508e-07
1980,40,1603,1603,573,20,2,3,0.000623830318153,0.000623830318153,NaN,NaN,0.00124999902527,3.89893644812e-07
1980,40,1603,1603,573,22,2,2,0.000623830318153,0.00124766063631,-7.78328531736e-07,1.00000000005,0.00124999902527,7.79787289623e-07
1980,40,1603,1603,573,26,2,2,0.000623830318153,0.00374298190892,-2.3349855951e-06,1.00000000001,0.00375938967962,2.3452212599e-06
1980,40,1603,1603,573,33,2,2,0.000623830318153,0.000623830318153,-3.89164265702e-07,0.999999999625,0.000624609375609,3.89650265508e-07
1980,40,1603,1603,573,35,2,2,0.000623830318153,0.000623830318153,-3.89164265702e-07,0.999999999625,0.000624609375609,3.89650265508e-07
1980,40,1603,1603,573,46,2,3,0.000623830318153,0.000623830318153,NaN,NaN,0.00124999902527,3.89893644812e-07
1980,40,1603,1603,573,48,2,2,0.000623830318153,0.000623830318153,-3.89164265702e-07,0.999999999625,0.000624609375609,3.89650265508e-07
1980,40,1603,1603,573,49,2,2,0.000623830318153,0.000623830318153,-3.89164265702e-07,0.999999999625,0.000624609375609,3.89650265508e-07
1980,40,1603,1603,573,55,2,2,0.000623830318153,0.000623830318153,-3.89164265702e-07,0.999999999625,0.000624609375609,3.89650265508e-07
1980,40,1603,1603,573,60,2,2,0.000623830318153,0.000623830318153,-3.89164265702e-07,0.999999999625,0.000624609375609,3.89650265508e-07
1980,40,1603,1603,573,64,2,2,0.000623830318153,0.00249532127261,-1.55665706336e-06,0.999999999982,0.00250312500244,1.56152526665e-06
1980,40,1603,1603,573,73,2,2,0.000623830318153,0.000623830318153,-3.89164265702e-07,0.999999999625,0.000624609375609,3.89650265508e-07
1980,40,1603,1603,573,77,2,2,0.000623830318153,0.00374298190892,-2.3349855951e-06,1.00000000001,0.00375938967962,2.3452212599e-06
1980,40,1603,1603,573,94,2,2,0.000623830318153,0.000623830318153,-3.89164265702e-07,0.999999999625,0.000624609375609,3.89650265508e-07
1980,40,1603,1603,573,97,2,3,0.000623830318153,0.000623830318153,NaN,NaN,0.00124999902527,3.89893644812e-07
1980,40,1603,1603,573,101,2,2,0.000623830318153,0.00124766063631,-7.78328531736e-07,1.00000000005,0.00124999902527,7.79787289623e-07
1980,40,1603,1603,573,105,2,2,0.000623830318153,0.292576419214,-0.000182518040682,1.0,0.413838411862,0.000258164948136
1980,40,1603,1603,573,115,2,3,0.000623830318153,0.000623830318153,NaN,NaN,0.00124999902527,3.89893644812e-07
1980,40,1603,1603,573,123,2,3,0.000623830318153,0.000623830318153,NaN,NaN,0.00250312500244,7.80762633325e-07
1980,40,1603,1603,573,124,2,2,0.000623830318153,0.00187149095446,-1.16749279755e-06,1.00000000001,0.00187617041199,1.17041198502e-06
1980,40,1603,1603,573,130,2,2,0.000623830318153,0.000623830318153,-3.89164265702e-07,0.999999999625,0.000624609375609,3.89650265508e-07
1980,40,1603,1603,573,131,2,2,0.000623830318153,0.00124766063631,-7.78328531736e-07,1.00000000005,0.00124999902527,7.79787289623e-07
1980,40,1603,1603,573,140,2,3,0.000623830318153,0.00124766063631,NaN,NaN,0.00564969760196,1.76222632625e-06
1980,40,1603,1603,573,146,2,2,0.000623830318153,0.000623830318153,-3.89164265702e-07,0.999999999625,0.000624609375609,3.89650265508e-07
1980,40,1603,1603,573,149,2,2,0.000623830318153,0.000623830318153,-3.89164265702e-07,0.999999999625,0.000624609375609,3.89650265508e-07
1980,40,1603,1603,573,157,2,2,0.000623830318153,0.00124766063631,-7.78328531736e-07,1.00000000005,0.00124999902527,7.79787289623e-07
1980,40,1603,1603,573,159,2,2,0.000623830318153,0.00374298190892,-2.3349855951e-06,1.00000000001,0.00375938967962,2.3452212599e-06
1980,40,1603,1603,573,164,2,2,0.000623830318153,0.000623830318153,-3.89164265702e-07,0.999999999625,0.000624609375609,3.89650265508e-07
1980,40,1603,1603,573,167,2,2,0.000623830318153,0.00311915159077,-1.94582132917e-06,0.999999999968,0.00313086426698,1.95312805176e-06
1980,40,1603,1603,573,177,2,2,0.000623830318153,0.000623830318153,-3.89164265702e-07,0.999999999625,0.000624609375609,3.89650265508e-07
1980,40,1603,1602,573,186,2,2,0.000624219725343,0.000624219725343,-3.89650265498e-07,0.999999999974,0.000624999756164,3.90137176132e-07
1980,40,1603,1603,573,188,2,2,0.000623830318153,0.00623830318153,-3.89164265846e-06,0.999999999996,0.00628138242138,3.91851679437e-06
1980,40,1603,1603,573,192,2,3,0.000623830318153,0.000623830318153,NaN,NaN,0.00124999902527,3.89893644812e-07
1980,40,1603,1603,573,198,2,2,0.000623830318153,0.00311915159077,0.000621884496824,1.0,319.799500624,0.19950062422
1980,40,1603,1603,573,200,2,2,0.000623830318153,0.00124766063631,-7.78328531736e-07,1.00000000005,0.00124999902527,7.79787289623e-07
1980,40,1603,1603,573,207,2,2,0.000623830318153,0.008109794136,-5.05913545601e-06,0.999999999998,0.00818120431222,5.10368328897e-06
1980,40,1603,1603,573,208,2,2,0.000623830318153,0.000623830318153,-3.89164265702e-07,0.999999999625,0.000624609375609,3.89650265508e-07
1980,40,1603,1603,573,211,2,2,0.000623830318153,0.000623830318153,-3.89164265702e-07,0.999999999625,0.000624609375609,3.89650265508e-07
1980,40,1603,1603,573,215,2,2,0.000623830318153,0.00124766063631,-7.78328531736e-07,1.00000000005,0.00124999902527,7.79787289623e-07
1980,40,1603,1603,573,218,2,3,0.000623830318153,0.00124766063631,NaN,NaN,0.00501880486383,1.56544131748e-06
1980,40,1603,1603,573,220,2,2,0.000623830318153,0.00124766063631,-7.78328531736e-07,1.00000000005,0.00124999902527,7.79787289623e-07
1980,40,1603,1603,573,221,2,3,0.000623830318153,0.000623830318153,NaN,NaN,0.00124999902527,3.89893644812e-07
1980,40,1603,1603,573,222,2,2,0.000623830318153,0.000623830318153,-3.89164265702e-07,0.999999999625,0.000624609375609,3.89650265508e-07
1980,40,1603,1603,573,226,2,2,0.000623830318153,0.000623830318153,-3.89164265702e-07,0.999999999625,0.000624609375609,3.89650265508e-07
1980,40,1603,1603,573,227,2,2,0.000623830318153,0.000623830318153,-3.89164265702e-07,0.999999999625,0.000624609375609,3.89650265508e-07
1980,40,1603,1603,573,232,2,2,0.000623830318153,0.000623830318153,-3.89164265702e-07,0.999999999625,0.000624609375609,3.89650265508e-07
1980,40,1603,1603,573,233,2,2,0.000623830318153,0.000623830318153,-3.89164265702e-07,0.999999999625,0.000624609375609,3.89650265508e-07
1980,40,1603,1603,573,240,2,2,0.000623830318153,0.00187149095446,-1.16749279755e-06,1.00000000001,0.00187617041199,1.17041198502e-06
1980,40,1603,1603,573,244,2,2,0.000623830318153,0.000623830318153,-3.89164265702e-07,0.999999999625,0.000624609375609,3.89650265508e-07
1980,40,1603,1603,573,245,2,2,0.000623830318153,0.000623830318153,-3.89164265702e-07,0.999999999625,0.000624609375609,3.89650265508e-07
1980,40,1603,1603,575,15,2,2,0.00187149095446,0.000623830318153,-1.16749279755e-06,1.00000000001,0.00187617041199,1.17041198502e-06
1980,40,1603,1603,575,20,2,3,0.00187149095446,0.000623830318153,NaN,NaN,0.00375468457214,1.1711430356e-06
1980,40,1603,1603,575,22,2,2,0.00187149095446,0.00124766063631,-2.33498559521e-06,1.00000000005,0.00375468457214,2.34228607121e-06
1980,40,1603,1603,575,26,2,2,0.00187149095446,0.00374298190892,-7.00495678529e-06,1.00000000001,0.0112922667502,7.04445835942e-06
1980,40,1603,1603,575,33,2,2,0.00187149095446,0.000623830318153,-1.16749279755e-06,1.00000000001,0.00187617041199,1.17041198502e-06
1980,40,1603,1603,575,35,2,2,0.00187149095446,0.000623830318153,-1.16749279755e-06,1.00000000001,0.00187617041199,1.17041198502e-06
1980,40,1603,1603,575,46,2,3,0.00187149095446,0.000623830318153,NaN,NaN,0.00375468457214,1.1711430356e-06
1980,40,1603,1603,575,48,2,2,0.00187149095446,0.000623830318153,-1.16749279755e-06,1.00000000001,0.00187617041199,1.17041198502e-06
1980,40,1603,1603,575,49,2,2,0.00187149095446,0.000623830318153,-1.16749279755e-06,1.00000000001,0.00187617041199,1.17041198502e-06
1980,40,1603,1603,575,55,2,2,0.00187149095446,0.000623830318153,-1.16749279755e-06,1.00000000001,0.00187617041199,1.17041198502e-06
1980,40,1603,1603,575,60,2,2,0.00187149095446,0.000623830318153,-1.16749279755e-06,1.00000000001,0.00187617041199,1.17041198502e-06
1980,40,1603,1603,575,64,2,2,0.00187149095446,0.00249532127261,-4.6699711902e-06,1.00000000001,0.00751876172608,4.6904315197e-06
1980,40,1603,1603,575,73,2,2,0.00187149095446,0.000623830318153,-1.16749279755e-06,1.00000000001,0.00187617041199,1.17041198502e-06
1980,40,1603,1603,575,77,2,2,0.00187149095446,0.00374298190892,-7.00495678529e-06,1.00000000001,0.0112922667502,7.04445835942e-06
1980,40,1603,1603,575,94,2,2,0.00187149095446,0.000623830318153,-1.16749279755e-06,1.00000000001,0.00187617041199,1.17041198502e-06
1980,40,1603,1603,575,97,2,3,0.00187149095446,0.000623830318153,NaN,NaN,0.00375468457214,1.1711430356e-06
1980,40,1603,1603,575,101,2,2,0.00187149095446,0.00124766063631,-2.33498559521e-06,1.00000000005,0.00375468457214,2.34228607121e-06
1980,40,1603,1603,575,105,2,2,0.00187149095446,0.292576419214,0.00070010651426,0.528806584362,2.03221060976,0.00126775459124
1980,40,1603,1603,575,115,2,3,0.00187149095446,0.000623830318153,NaN,NaN,0.00375468457214,1.1711430356e-06
1980,40,1603,1603,575,123,2,3,0.00187149095446,0.000623830318153,NaN,NaN,0.00751876172608,2.34521575985e-06
1980,40,1603,1603,575,124,2,2,0.00187149095446,0.00187149095446,-3.50247839265e-06,1.00000000001,0.005635546875,3.515625e-06
1980,40,1603,1603,575,130,2,2,0.00187149095446,0.000623830318153,-1.16749279755e-06,1.00000000001,0.00187617041199,1.17041198502e-06
1980,40,1603,1603,575,131,2,2,0.00187149095446,0.00124766063631,-2.33498559521e-06,1.00000000005,0.00375468457214,2.34228607121e-06
1980,40,1603,1603,575,140,2,3,0.00187149095446,0.00124766063631,NaN,NaN,0.0169702791719,5.29328732748e-06
1980,40,1603,1603,575,146,2,2,0.00187149095446,0.000623830318153,-1.16749279755e-06,1.00000000001,0.00187617041199,1.17041198502e-06
1980,40,1603,1603,575,149,2,2,0.00187149095446,0.000623830318153,-1.16749279755e-06,1.00000000001,0.00187617041199,1.17041198502e-06
1980,40,1603,1603,575,157,2,2,0.00187149095446,0.00124766063631,-2.33498559521e-06,1.00000000005,0.00375468457214,2.34228607121e-06
1980,40,1603,1603,575,159,2,2,0.00187149095446,0.00374298190892,-7.00495678529e-06,1.00000000001,0.0112922667502,7.04445835942e-06
1980,40,1603,1603,575,164,2,2,0.00187149095446,0.000623830318153,-1.16749279755e-06,1.00000000001,0.00187617041199,1.17041198502e-06
1980,40,1603,1603,575,167,2,2,0.00187149095446,0.00311915159077,-5.83746398775e-06,1.00000000001,0.00940433354193,5.86670838548e-06
1980,40,1603,1603,575,177,2,2,0.00187149095446,0.000623830318153,-1.16749279755e-06,1.00000000001,0.00187617041199,1.17041198502e-06
1980,40,1603,1602,575,186,2,2,0.00187265917603,0.000624219725343,-1.16895079649e-06,0.999999999974,0.00187734448334,1.17187545776e-06
1980,40,1603,1603,575,188,2,2,0.00187149095446,0.00623830318153,-1.16749279754e-05,0.999999999996,0.0188677024482,1.17702448211e-05
1980,40,1603,1603,575,192,2,3,0.00187149095446,0.000623830318153,NaN,NaN,0.00375468457214,1.1711430356e-06
1980,40,1603,1603,575,198,2,2,0.00187149095446,0.00311915159077,-5.83746398775e-06,1.00000000001,0.00940433354193,5.86670838548e-06
1980,40,1603,1603,575,200,2,2,0.00187149095446,0.00124766063631,-2.33498559521e-06,1.00000000005,0.00375468457214,2.34228607121e-06
1980,40,1603,1603,575,207,2,2,0.00187149095446,0.008109794136,-1.5177406368e-05,0.999999999999,0.0245742924528,1.53301886792e-05
1980,40,1603,1603,575,208,2,2,0.00187149095446,0.000623830318153,-1.16749279755e-06,1.00000000001,0.00187617041199,1.17041198502e-06
1980,40,1603,1603,575,211,2,2,0.00187149095446,0.000623830318153,-1.16749279755e-06,1.00000000001,0.00187617041199,1.17041198502e-06
1980,40,1603,1603,575,215,2,2,0.00187149095446,0.00124766063631,-2.33498559521e-06,1.00000000005,0.00375468457214,2.34228607121e-06
1980,40,1603,1603,575,218,2,3,0.00187149095446,0.00124766063631,NaN,NaN,0.0150752351097,4.70219435737e-06
1980,40,1603,1603,575,220,2,2,0.00187149095446,0.00124766063631,-2.33498559521e-06,1.00000000005,0.00375468457214,2.34228607121e-06
1980,40,1603,1603,575,221,2,3,0.00187149095446,0.000623830318153,NaN,NaN,0.00375468457214,1.1711430356e-06
1980,40,1603,1603,575,222,2,2,0.00187149095446,0.000623830318153,-1.16749279755e-06,1.00000000001,0.00187617041199,1.17041198502e-06
1980,40,1603,1603,575,226,2,2,0.00187149095446,0.000623830318153,-1.16749279755e-06,1.00000000001,0.00187617041199,1.17041198502e-06
1980,40,1603,1603,575,227,2,2,0.00187149095446,0.000623830318153,-1.16749279755e-06,1.00000000001,0.00187617041199,1.17041198502e-06
1980,40,1603,1603,575,232,2,2,0.00187149095446,0.000623830318153,-1.16749279755e-06,1.00000000001,0.00187617041199,1.17041198502e-06
1980,40,1603,1603,575,233,2,2,0.00187149095446,0.000623830318153,-1.16749279755e-06,1.00000000001,0.00187617041199,1.17041198502e-06
1980,40,1603,1603,575,240,2,2,0.00187149095446,0.00187149095446,-3.50247839265e-06,1.00000000001,0.005635546875,3.515625e-06
1980,40,1603,1603,575,244,2,2,0.00187149095446,0.000623830318153,-1.16749279755e-06,1.00000000001,0.00187617041199,1.17041198502e-06
1980,40,1603,1603,575,245,2,2,0.00187149095446,0.000623830318153,-1.16749279755e-06,1.00000000001,0.00187617041199,1.17041198502e-06
1980,40,1603,1603,580,15,2,2,0.000623830318153,0.000623830318153,-3.89164265702e-07,0.999999999625,0.000624609375609,3.89650265508e-07
1980,40,1603,1603,580,20,2,3,0.000623830318153,0.000623830318153,NaN,NaN,0.00124999902527,3.89893644812e-07
1980,40,1603,1603,580,22,2,2,0.000623830318153,0.00124766063631,-7.78328531736e-07,1.00000000005,0.00124999902527,7.79787289623e-07
1980,40,1603,1603,580,26,2,2,0.000623830318153,0.00374298190892,-2.3349855951e-06,1.00000000001,0.00375938967962,2.3452212599e-06
1980,40,1603,1603,580,33,2,2,0.000623830318153,0.000623830318153,-3.89164265702e-07,0.999999999625,0.000624609375609,3.89650265508e-07
1980,40,1603,1603,580,35,2,2,0.000623830318153,0.000623830318153,-3.89164265702e-07,0.999999999625,0.000624609375609,3.89650265508e-07
1980,40,1603,1603,580,46,2,3,0.000623830318153,0.000623830318153,NaN,NaN,0.00124999902527,3.89893644812e-07
1980,40,1603,1603,580,48,2,2,0.000623830318153,0.000623830318153,-3.89164265702e-07,0.999999999625,0.000624609375609,3.89650265508e-07
1980,40,1603,1603,580,49,2,2,0.000623830318153,0.000623830318153,-3.89164265702e-07,0.999999999625,0.000624609375609,3.89650265508e-07
1980,40,1603,1603,580,55,2,2,0.000623830318153,0.000623830318153,-3.89164265702e-07,0.999999999625,0.000624609375609,3.89650265508e-07
1980,40,1603,1603,580,60,2,2,0.000623830318153,0.000623830318153,-3.89164265702e-07,0.999999999625,0.000624609375609,3.89650265508e-07
1980,40,1603,1603,580,64,2,2,0.000623830318153,0.00249532127261,-1.55665706336e-06,0.999999999982,0.00250312500244,1.56152526665e-06
1980,40,1603,1603,580,73,2,2,0.000623830318153,0.000623830318153,-3.89164265702e-07,0.999999999625,0.000624609375609,3.89650265508e-07
1980,40,1603,1603,580,77,2,2,0.000623830318153,0.00374298190892,-2.3349855951e-06,1.00000000001,0.00375938967962,2.3452212599e-06
1980,40,1603,1603,580,94,2,2,0.000623830318153,0.000623830318153,-3.89164265702e-07,0.999999999625,0.000624609375609,3.89650265508e-07
1980,40,1603,1603,580,97,2,3,0.000623830318153,0.000623830318153,NaN,NaN,0.00124999902527,3.89893644812e-07
1980,40,1603,1603,580,101,2,2,0.000623830318153,0.00124766063631,-7.78328531736e-07,1.00000000005,0.00124999902527,7.79787289623e-07
1980,40,1603,1603,580,105,2,2,0.000623830318153,0.292576419214,-0.000182518040682,1.0,0.413838411862,0.000258164948136
1980,40,1603,1603,580,115,2,3,0.000623830318153,0.000623830318153,NaN,NaN,0.00124999902527,3.89893644812e-07
1980,40,1603,1603,580,123,2,3,0.000623830318153,0.000623830318153,NaN,NaN,0.00250312500244,7.80762633325e-07
1980,40,1603,1603,580,124,2,2,0.000623830318153,0.00187149095446,-1.16749279755e-06,1.00000000001,0.00187617041199,1.17041198502e-06
1980,40,1603,1603,580,130,2,2,0.000623830318153,0.000623830318153,-3.89164265702e-07,0.999999999625,0.000624609375609,3.89650265508e-07
1980,40,1603,1603,580,131,2,2,0.000623830318153,0.00124766063631,-7.78328531736e-07,1.00000000005,0.00124999902527,7.79787289623e-07
1980,40,1603,1603,580,140,2,3,0.000623830318153,0.00124766063631,NaN,NaN,0.00564969760196,1.76222632625e-06
1980,40,1603,1603,580,146,2,2,0.000623830318153,0.000623830318153,-3.89164265702e-07,0.999999999625,0.000624609375609,3.89650265508e-07
1980,40,1603,1603,580,149,2,2,0.000623830318153,0.000623830318153,-3.89164265702e-07,0.999999999625,0.000624609375609,3.89650265508e-07
1980,40,1603,1603,580,157,2,2,0.000623830318153,0.00124766063631,-7.78328531736e-07,1.00000000005,0.00124999902527,7.79787289623e-07
1980,40,1603,1603,580,159,2,2,0.000623830318153,0.00374298190892,-2.3349855951e-06,1.00000000001,0.00375938967962,2.3452212599e-06
1980,40,1603,1603,580,164,2,2,0.000623830318153,0.000623830318153,-3.89164265702e-07,0.999999999625,0.000624609375609,3.89650265508e-07
1980,40,1603,1603,580,167,2,2,0.000623830318153,0.00311915159077,-1.94582132917e-06,0.999999999968,0.00313086426698,1.95312805176e-06
1980,40,1603,1603,580,177,2,2,0.000623830318153,0.000623830318153,-3.89164265702e-07,0.999999999625,0.000624609375609,3.89650265508e-07
1980,40,1603,1602,580,186,2,2,0.000624219725343,0.000624219725343,-3.89650265498e-07,0.999999999974,0.000624999756164,3.90137176132e-07
1980,40,1603,1603,580,188,2,2,0.000623830318153,0.00623830318153,-3.89164265846e-06,0.999999999996,0.00628138242138,3.91851679437e-06
1980,40,1603,1603,580,192,2,3,0.000623830318153,0.000623830318153,NaN,NaN,0.00124999902527,3.89893644812e-07
1980,40,1603,1603,580,198,2,2,0.000623830318153,0.00311915159077,-1.94582132917e-06,0.999999999968,0.00313086426698,1.95312805176e-06
1980,40,1603,1603,580,200,2,2,0.000623830318153,0.00124766063631,-7.78328531736e-07,1.00000000005,0.00124999902527,7.79787289623e-07
1980,40,1603,1603,580,207,2,2,0.000623830318153,0.008109794136,-5.05913545601e-06,0.999999999998,0.00818120431222,5.10368328897e-06
1980,40,1603,1603,580,208,2,2,0.000623830318153,0.000623830318153,-3.89164265702e-07,0.999999999625,0.000624609375609,3.89650265508e-07
1980,40,1603,1603,580,211,2,2,0.000623830318153,0.000623830318153,-3.89164265702e-07,0.999999999625,0.000624609375609,3.89650265508e-07
1980,40,1603,1603,580,215,2,2,0.000623830318153,0.00124766063631,-7.78328531736e-07,1.00000000005,0.00124999902527,7.79787289623e-07
1980,40,1603,1603,580,218,2,3,0.000623830318153,0.00124766063631,NaN,NaN,0.00501880486383,1.56544131748e-06
1980,40,1603,1603,580,220,2,2,0.000623830318153,0.00124766063631,-7.78328531736e-07,1.00000000005,0.00124999902527,7.79787289623e-07
1980,40,1603,1603,580,221,2,3,0.000623830318153,0.000623830318153,NaN,NaN,0.00124999902527,3.89893644812e-07
1980,40,1603,1603,580,222,2,2,0.000623830318153,0.000623830318153,-3.89164265702e-07,0.999999999625,0.000624609375609,3.89650265508e-07
1980,40,1603,1603,580,226,2,2,0.000623830318153,0.000623830318153,-3.89164265702e-07,0.999999999625,0.000624609375609,3.89650265508e-07
1980,40,1603,1603,580,227,2,2,0.000623830318153,0.000623830318153,-3.89164265702e-07,0.999999999625,0.000624609375609,3.89650265508e-07
1980,40,1603,1603,580,232,2,2,0.000623830318153,0.000623830318153,-3.89164265702e-07,0.999999999625,0.000624609375609,3.89650265508e-07
1980,40,1603,1603,580,233,2,2,0.000623830318153,0.000623830318153,-3.89164265702e-07,0.999999999625,0.000624609375609,3.89650265508e-07
1980,40,1603,1603,580,240,2,2,0.000623830318153,0.00187149095446,-1.16749279755e-06,1.00000000001,0.00187617041199,1.17041198502e-06
1980,40,1603,1603,580,244,2,2,0.000623830318153,0.000623830318153,-3.89164265702e-07,0.999999999625,0.000624609375609,3.89650265508e-07
1980,40,1603,1603,580,245,2,2,0.000623830318153,0.000623830318153,-3.89164265702e-07,0.999999999625,0.000624609375609,3.89650265508e-07
1980,40,1603,1603,585,15,2,2,0.00124766063631,0.000623830318153,-7.78328531736e-07,1.00000000005,0.00124999902527,7.79787289623e-07
1980,40,1603,1603,585,20,2,3,0.00124766063631,0.000623830318153,NaN,NaN,0.00250155957336,7.80274352265e-07
1980,40,1603,1603,585,22,2,2,0.00124766063631,0.00124766063631,-1.55665706347e-06,1.00000000005,0.00250155957336,1.56054870453e-06
1980,40,1603,1603,585,26,2,2,0.00124766063631,0.00374298190892,-4.66997119031e-06,1.00000000003,0.00752347566115,4.69337221531e-06
1980,40,1603,1603,585,33,2,2,0.00124766063631,0.000623830318153,-7.78328531736e-07,1.00000000005,0.00124999902527,7.79787289623e-07
1980,40,1603,1603,585,35,2,2,0.00124766063631,0.000623830318153,-7.78328531736e-07,1.00000000005,0.00124999902527,7.79787289623e-07
1980,40,1603,1603,585,46,2,3,0.00124766063631,0.000623830318153,NaN,NaN,0.00250155957336,7.80274352265e-07
1980,40,1603,1603,585,48,2,2,0.00124766063631,0.000623830318153,-7.78328531736e-07,1.00000000005,0.00124999902527,7.79787289623e-07
1980,40,1603,1603,585,49,2,2,0.00124766063631,0.000623830318153,-7.78328531736e-07,1.00000000005,0.00124999902527,7.79787289623e-07
1980,40,1603,1603,585,55,2,2,0.00124766063631,0.000623830318153,-7.78328531736e-07,1.00000000005,0.00124999902527,7.79787289623e-07
1980,40,1603,1603,585,60,2,2,0.00124766063631,0.000623830318153,-7.78328531736e-07,1.00000000005,0.00124999902527,7.79787289623e-07
1980,40,1603,1603,585,64,2,2,0.00124766063631,0.00249532127261,-3.11331412683e-06,1.00000000002,0.00500937695679,3.1250012207e-06
1980,40,1603,1603,585,73,2,2,0.00124766063631,0.000623830318153,-7.78328531736e-07,1.00000000005,0.00124999902527,7.79787289623e-07
1980,40,1603,1603,585,77,2,2,0.00124766063631,0.00374298190892,-4.66997119031e-06,1.00000000003,0.00752347566115,4.69337221531e-06
1980,40,1603,1603,585,94,2,2,0.00124766063631,0.000623830318153,-7.78328531736e-07,1.00000000005,0.00124999902527,7.79787289623e-07
1980,40,1603,1603,585,97,2,3,0.00124766063631,0.000623830318153,NaN,NaN,0.00250155957336,7.80274352265e-07
1980,40,1603,1603,585,101,2,2,0.00124766063631,0.00124766063631,-1.55665706347e-06,1.00000000005,0.00250155957336,1.56054870453e-06
1980,40,1603,1603,585,105,2,2,0.00124766063631,0.292576419214,0.000882624554942,1.0,4.84186189602,0.00302050024705
1980,40,1603,1603,585,115,2,3,0.00124766063631,0.000623830318153,NaN,NaN,0.00250155957336,7.80274352265e-07
1980,40,1603,1603,585,123,2,3,0.00124766063631,0.000623830318153,NaN,NaN,0.00500937695679,1.56250061035e-06
1980,40,1603,1603,585,124,2,2,0.00124766063631,0.00187149095446,-2.33498559521e-06,1.00000000005,0.00375468457214,2.34228607121e-06
1980,40,1603,1603,585,130,2,2,0.00124766063631,0.000623830318153,-7.78328531736e-07,1.00000000005,0.00124999902527,7.79787289623e-07
1980,40,1603,1603,585,131,2,2,0.00124766063631,0.00124766063631,-1.55665706347e-06,1.00000000005,0.00250155957336,1.56054870453e-06
1980,40,1603,1603,585,140,2,3,0.00124766063631,0.00124766063631,NaN,NaN,0.0113064529149,3.52665405953e-06
1980,40,1603,1603,585,146,2,2,0.00124766063631,0.000623830318153,-7.78328531736e-07,1.00000000005,0.00124999902527,7.79787289623e-07
1980,40,1603,1603,585,149,2,2,0.00124766063631,0.000623830318153,-7.78328531736e-07,1.00000000005,0.00124999902527,7.79787289623e-07
1980,40,1603,1603,585,157,2,2,0.00124766063631,0.00124766063631,-1.55665706347e-06,1.00000000005,0.00250155957336,1.56054870453e-06
1980,40,1603,1603,585,159,2,2,0.00124766063631,0.00374298190892,-4.66997119031e-06,1.00000000003,0.00752347566115,4.69337221531e-06
1980,40,1603,1603,585,164,2,2,0.00124766063631,0.000623830318153,-7.78328531736e-07,1.00000000005,0.00124999902527,7.79787289623e-07
1980,40,1603,1603,585,167,2,2,0.00124766063631,0.00311915159077,-3.89164265846e-06,0.999999999996,0.00626563966982,3.90869598866e-06
1980,40,1603,1603,585,177,2,2,0.00124766063631,0.000623830318153,-7.78328531736e-07,1.00000000005,0.00124999902527,7.79787289623e-07
1980,40,1603,1602,585,186,2,2,0.00124843945069,0.000624219725343,-7.79300530995e-07,0.999999999974,0.00125078076202,7.80762023735e-07
1980,40,1603,1603,585,188,2,2,0.00124766063631,0.00623830318153,-7.78328531692e-06,0.999999999996,0.0125706116665,7.84192867531e-06
1980,40,1603,1603,585,192,2,3,0.00124766063631,0.000623830318153,NaN,NaN,0.00250155957336,7.80274352265e-07
1980,40,1603,1603,585,198,2,2,0.00124766063631,0.00311915159077,-3.89164265846e-06,0.999999999996,0.00626563966982,3.90869598866e-06
1980,40,1603,1603,585,200,2,2,0.00124766063631,0.00124766063631,-1.55665706347e-06,1.00000000005,0.00250155957336,1.56054870453e-06
1980,40,1603,1603,585,207,2,2,0.00124766063631,0.008109794136,-1.01182709121e-05,1.00000000001,0.0163726287423,1.02137421973e-05
1980,40,1603,1603,585,208,2,2,0.00124766063631,0.000623830318153,-7.78328531736e-07,1.00000000005,0.00124999902527,7.79787289623e-07
1980,40,1603,1603,585,211,2,2,0.00124766063631,0.000623830318153,-7.78328531736e-07,1.00000000005,0.00124999902527,7.79787289623e-07
1980,40,1603,1603,585,215,2,2,0.00124766063631,0.00124766063631,-1.55665706347e-06,1.00000000005,0.00250155957336,1.56054870453e-06
1980,40,1603,1603,585,218,2,3,0.00124766063631,0.00124766063631,NaN,NaN,0.0100438793152,3.13283821436e-06
1980,40,1603,1603,585,220,2,2,0.00124766063631,0.00124766063631,-1.55665706347e-06,1.00000000005,0.00250155957336,1.56054870453e-06
1980,40,1603,1603,585,221,2,3,0.00124766063631,0.000623830318153,NaN,NaN,0.00250155957336,7.80274352265e-07
1980,40,1603,1603,585,222,2,2,0.00124766063631,0.000623830318153,-7.78328531736e-07,1.00000000005,0.00124999902527,7.79787289623e-07
1980,40,1603,1603,585,226,2,2,0.00124766063631,0.000623830318153,-7.78328531736e-07,1.00000000005,0.00124999902527,7.79787289623e-07
1980,40,1603,1603,585,227,2,2,0.00124766063631,0.000623830318153,-7.78328531736e-07,1.00000000005,0.00124999902527,7.79787289623e-07
1980,40,1603,1603,585,232,2,2,0.00124766063631,0.000623830318153,-7.78328531736e-07,1.00000000005,0.00124999902527,7.79787289623e-07
1980,40,1603,1603,585,233,2,2,0.00124766063631,0.000623830318153,-7.78328531736e-07,1.00000000005,0.00124999902527,7.79787289623e-07
1980,40,1603,1603,585,240,2,2,0.00124766063631,0.00187149095446,-2.33498559521e-06,1.00000000005,0.00375468457214,2.34228607121e-06
1980,40,1603,1603,585,244,2,2,0.00124766063631,0.000623830318153,-7.78328531736e-07,1.00000000005,0.00124999902527,7.79787289623e-07
1980,40,1603,1603,585,245,2,2,0.00124766063631,0.000623830318153,-7.78328531736e-07,1.00000000005,0.00124999902527,7.79787289623e-07
1980,40,1603,1603,590,15,4,2,0.000623830318153,0.000623830318153,NaN,NaN,0.00313086426698,6.51042683921e-07
1980,40,1603,1603,590,20,4,3,0.000623830318153,0.000623830318153,NaN,NaN,0.00626563966982,6.51449331444e-07
1980,40,1603,1603,590,22,4,2,0.000623830318153,0.00124766063631,NaN,NaN,0.00626563966982,1.30289866289e-06
1980,40,1603,1603,590,26,4,2,0.000623830318153,0.00374298190892,NaN,NaN,0.0188439995831,3.91848608506e-06
1980,40,1603,1603,590,33,4,2,0.000623830318153,0.000623830318153,NaN,NaN,0.00313086426698,6.51042683921e-07
1980,40,1603,1603,590,35,4,2,0.000623830318153,0.000623830318153,NaN,NaN,0.00313086426698,6.51042683921e-07
1980,40,1603,1603,590,46,4,3,0.000623830318153,0.000623830318153,NaN,NaN,0.00626563966982,6.51449331444e-07
1980,40,1603,1603,590,48,4,2,0.000623830318153,0.000623830318153,NaN,NaN,0.00313086426698,6.51042683921e-07
1980,40,1603,1603,590,49,4,2,0.000623830318153,0.000623830318153,NaN,NaN,0.00313086426698,6.51042683921e-07
1980,40,1603,1603,590,55,4,2,0.000623830318153,0.000623830318153,NaN,NaN,0.00313086426698,6.51042683921e-07
1980,40,1603,1603,590,60,4,2,0.000623830318153,0.000623830318153,NaN,NaN,0.00313086426698,6.51042683921e-07
1980,40,1603,1603,590,64,4,2,0.000623830318153,0.00249532127261,NaN,NaN,0.012546953235,2.60905660948e-06
1980,40,1603,1603,590,73,4,2,0.000623830318153,0.000623830318153,NaN,NaN,0.00313086426698,6.51042683921e-07
1980,40,1603,1603,590,77,4,2,0.000623830318153,0.00374298190892,NaN,NaN,0.0188439995831,3.91848608506e-06
1980,40,1603,1603,590,94,4,2,0.000623830318153,0.000623830318153,NaN,NaN,0.00313086426698,6.51042683921e-07
1980,40,1603,1603,590,97,4,3,0.000623830318153,0.000623830318153,NaN,NaN,0.00626563966982,6.51449331444e-07
1980,40,1603,1603,590,101,4,2,0.000623830318153,0.00124766063631,NaN,NaN,0.00626563966982,1.30289866289e-06
1980,40,1603,1603,590,105,4,2,0.000623830318153,0.292576419214,NaN,NaN,10.1046839575,0.00210120273601
1980,40,1603,1603,590,115,4,3,0.000623830318153,0.000623830318153,NaN,NaN,0.00626563966982,6.51449331444e-07
1980,40,1603,1603,590,123,4,3,0.000623830318153,0.000623830318153,NaN,NaN,0.012546953235,1.30452830474e-06
1980,40,1603,1603,590,124,4,2,0.000623830318153,0.00187149095446,NaN,NaN,0.00940433354193,1.95556946183e-06
1980,40,1603,1603,590,130,4,2,0.000623830318153,0.000623830318153,NaN,NaN,0.00313086426698,6.51042683921e-07
1980,40,1603,1603,590,131,4,2,0.000623830318153,0.00124766063631,NaN,NaN,0.00626563966982,1.30289866289e-06
1980,40,1603,1603,590,140,4,3,0.000623830318153,0.00124766063631,NaN,NaN,0.0283191976168,2.94439567653e-06
1980,40,1603,1603,590,146,4,2,0.000623830318153,0.000623830318153,NaN,NaN,0.00313086426698,6.51042683921e-07
1980,40,1603,1603,590,149,4,2,0.000623830318153,0.000623830318153,NaN,NaN,0.00313086426698,6.51042683921e-07
1980,40,1603,1603,590,157,4,2,0.000623830318153,0.00124766063631,NaN,NaN,0.00626563966982,1.30289866289e-06
1980,40,1603,1603,590,159,4,2,0.000623830318153,0.00374298190892,NaN,NaN,0.0188439995831,3.91848608506e-06
1980,40,1603,1603,590,164,4,2,0.000623830318153,0.000623830318153,NaN,NaN,0.00313086426698,6.51042683921e-07
1980,40,1603,1603,590,167,4,2,0.000623830318153,0.00311915159077,NaN,NaN,0.0156935061192,3.26336163843e-06
1980,40,1603,1603,590,177,4,2,0.000623830318153,0.000623830318153,NaN,NaN,0.00313086426698,6.51042683921e-07
1980,40,1603,1602,590,186,4,2,0.000624219725343,0.000624219725343,NaN,NaN,0.00313282595372,6.51857252127e-07
1980,40,1603,1603,590,188,4,2,0.000623830318153,0.00623830318153,NaN,NaN,0.0314855276566,6.54720891175e-06
1980,40,1603,1603,590,192,4,3,0.000623830318153,0.000623830318153,NaN,NaN,0.00626563966982,6.51449331444e-07
1980,40,1603,1603,590,198,4,2,0.000623830318153,0.00311915159077,NaN,NaN,0.0156935061192,3.26336163843e-06
1980,40,1603,1603,590,200,4,2,0.000623830318153,0.00124766063631,NaN,NaN,0.00626563966982,1.30289866289e-06
1980,40,1603,1603,590,207,4,2,0.000623830318153,0.008109794136,NaN,NaN,0.0410084146063,8.52743077694e-06
1980,40,1603,1603,590,208,4,2,0.000623830318153,0.000623830318153,NaN,NaN,0.00313086426698,6.51042683921e-07
1980,40,1603,1603,590,211,4,2,0.000623830318153,0.000623830318153,NaN,NaN,0.00313086426698,6.51042683921e-07
1980,40,1603,1603,590,215,4,2,0.000623830318153,0.00124766063631,NaN,NaN,0.00626563966982,1.30289866289e-06
1980,40,1603,1603,590,218,4,3,0.000623830318153,0.00124766063631,NaN,NaN,0.0251568378969,2.61559969816e-06
1980,40,1603,1603,590,220,4,2,0.000623830318153,0.00124766063631,NaN,NaN,0.00626563966982,1.30289866289e-06
1980,40,1603,1603,590,221,4,3,0.000623830318153,0.000623830318153,NaN,NaN,0.00626563966982,6.51449331444e-07
1980,40,1603,1603,590,222,4,2,0.000623830318153,0.000623830318153,NaN,NaN,0.00313086426698,6.51042683921e-07
1980,40,1603,1603,590,226,4,2,0.000623830318153,0.000623830318153,NaN,NaN,0.00313086426698,6.51042683921e-07
1980,40,1603,1603,590,227,4,2,0.000623830318153,0.000623830318153,NaN,NaN,0.00313086426698,6.51042683921e-07
1980,40,1603,1603,590,232,4,2,0.000623830318153,0.000623830318153,NaN,NaN,0.00313086426698,6.51042683921e-07
1980,40,1603,1603,590,233,4,2,0.000623830318153,0.000623830318153,NaN,NaN,0.00313086426698,6.51042683921e-07
1980,40,1603,1603,590,240,4,2,0.000623830318153,0.00187149095446,NaN,NaN,0.00940433354193,1.95556946183e-06
1980,40,1603,1603,590,244,4,2,0.000623830318153,0.000623830318153,NaN,NaN,0.00313086426698,6.51042683921e-07
1980,40,1603,1603,590,245,4,2,0.000623830318153,0.000623830318153,NaN,NaN,0.00313086426698,6.51042683921e-07
1980,40,1603,1603,591,15,2,2,0.00124766063631,0.000623830318153,-7.78328531736e-07,1.00000000005,0.00124999902527,7.79787289623e-07
1980,40,1603,1603,591,20,2,3,0.00124766063631,0.000623830318153,NaN,NaN,0.00250155957336,7.80274352265e-07
1980,40,1603,1603,591,22,2,2,0.00124766063631,0.00124766063631,-1.55665706347e-06,1.00000000005,0.00250155957336,1.56054870453e-06
1980,40,1603,1603,591,26,2,2,0.00124766063631,0.00374298190892,-4.66997119031e-06,1.00000000003,0.00752347566115,4.69337221531e-06
1980,40,1603,1603,591,33,2,2,0.00124766063631,0.000623830318153,-7.78328531736e-07,1.00000000005,0.00124999902527,7.79787289623e-07
1980,40,1603,1603,591,35,2,2,0.00124766063631,0.000623830318153,-7.78328531736e-07,1.00000000005,0.00124999902527,7.79787289623e-07
1980,40,1603,1603,591,46,2,3,0.00124766063631,0.000623830318153,NaN,NaN,0.00250155957336,7.80274352265e-07
1980,40,1603,1603,591,48,2,2,0.00124766063631,0.000623830318153,-7.78328531736e-07,1.00000000005,0.00124999902527,7.79787289623e-07
1980,40,1603,1603,591,49,2,2,0.00124766063631,0.000623830318153,-7.78328531736e-07,1.00000000005,0.00124999902527,7.79787289623e-07
1980,40,1603,1603,591,55,2,2,0.00124766063631,0.000623830318153,-7.78328531736e-07,1.00000000005,0.00124999902527,7.79787289623e-07
1980,40,1603,1603,591,60,2,2,0.00124766063631,0.000623830318153,-7.78328531736e-07,1.00000000005,0.00124999902527,7.79787289623e-07
1980,40,1603,1603,591,64,2,2,0.00124766063631,0.00249532127261,-3.11331412683e-06,1.00000000002,0.00500937695679,3.1250012207e-06
1980,40,1603,1603,591,73,2,2,0.00124766063631,0.000623830318153,-7.78328531736e-07,1.00000000005,0.00124999902527,7.79787289623e-07
1980,40,1603,1603,591,77,2,2,0.00124766063631,0.00374298190892,-4.66997119031e-06,1.00000000003,0.00752347566115,4.69337221531e-06
1980,40,1603,1603,591,94,2,2,0.00124766063631,0.000623830318153,-7.78328531736e-07,1.00000000005,0.00124999902527,7.79787289623e-07
1980,40,1603,1603,591,97,2,3,0.00124766063631,0.000623830318153,NaN,NaN,0.00250155957336,7.80274352265e-07
1980,40,1603,1603,591,101,2,2,0.00124766063631,0.00124766063631,-1.55665706347e-06,1.00000000005,0.00250155957336,1.56054870453e-06
1980,40,1603,1603,591,105,2,2,0.00124766063631,0.292576419214,0.000882624554942,1.0,4.84186189602,0.00302050024705
1980,40,1603,1603,591,115,2,3,0.00124766063631,0.000623830318153,NaN,NaN,0.00250155957336,7.80274352265e-07
1980,40,1603,1603,591,123,2,3,0.00124766063631,0.000623830318153,NaN,NaN,0.00500937695679,1.56250061035e-06
1980,40,1603,1603,591,124,2,2,0.00124766063631,0.00187149095446,-2.33498559521e-06,1.00000000005,0.00375468457214,2.34228607121e-06
1980,40,1603,1603,591,130,2,2,0.00124766063631,0.000623830318153,-7.78328531736e-07,1.00000000005,0.00124999902527,7.79787289623e-07
1980,40,1603,1603,591,131,2,2,0.00124766063631,0.00124766063631,-1.55665706347e-06,1.00000000005,0.00250155957336,1.56054870453e-06
1980,40,1603,1603,591,140,2,3,0.00124766063631,0.00124766063631,NaN,NaN,0.0113064529149,3.52665405953e-06
1980,40,1603,1603,591,146,2,2,0.00124766063631,0.000623830318153,-7.78328531736e-07,1.00000000005,0.00124999902527,7.79787289623e-07
1980,40,1603,1603,591,149,2,2,0.00124766063631,0.000623830318153,-7.78328531736e-07,1.00000000005,0.00124999902527,7.79787289623e-07
1980,40,1603,1603,591,157,2,2,0.00124766063631,0.00124766063631,-1.55665706347e-06,1.00000000005,0.00250155957336,1.56054870453e-06
1980,40,1603,1603,591,159,2,2,0.00124766063631,0.00374298190892,-4.66997119031e-06,1.00000000003,0.00752347566115,4.69337221531e-06
1980,40,1603,1603,591,164,2,2,0.00124766063631,0.000623830318153,-7.78328531736e-07,1.00000000005,0.00124999902527,7.79787289623e-07
1980,40,1603,1603,591,167,2,2,0.00124766063631,0.00311915159077,-3.89164265846e-06,0.999999999996,0.00626563966982,3.90869598866e-06
1980,40,1603,1603,591,177,2,2,0.00124766063631,0.000623830318153,-7.78328531736e-07,1.00000000005,0.00124999902527,7.79787289623e-07
1980,40,1603,1602,591,186,2,2,0.00124843945069,0.000624219725343,-7.79300530995e-07,0.999999999974,0.00125078076202,7.80762023735e-07
1980,40,1603,1603,591,188,2,2,0.00124766063631,0.00623830318153,-7.78328531692e-06,0.999999999996,0.0125706116665,7.84192867531e-06
1980,40,1603,1603,591,192,2,3,0.00124766063631,0.000623830318153,NaN,NaN,0.00250155957336,7.80274352265e-07
1980,40,1603,1603,591,198,2,2,0.00124766063631,0.00311915159077,-3.89164265846e-06,0.999999999996,0.00626563966982,3.90869598866e-06
1980,40,1603,1603,591,200,2,2,0.00124766063631,0.00124766063631,-1.55665706347e-06,1.00000000005,0.00250155957336,1.56054870453e-06
1980,40,1603,1603,591,207,2,2,0.00124766063631,0.008109794136,-1.01182709121e-05,1.00000000001,0.0163726287423,1.02137421973e-05
1980,40,1603,1603,591,208,2,2,0.00124766063631,0.000623830318153,-7.78328531736e-07,1.00000000005,0.00124999902527,7.79787289623e-07
1980,40,1603,1603,591,211,2,2,0.00124766063631,0.000623830318153,-7.78328531736e-07,1.00000000005,0.00124999902527,7.79787289623e-07
1980,40,1603,1603,591,215,2,2,0.00124766063631,0.00124766063631,-1.55665706347e-06,1.00000000005,0.00250155957336,1.56054870453e-06
1980,40,1603,1603,591,218,2,3,0.00124766063631,0.00124766063631,NaN,NaN,0.0100438793152,3.13283821436e-06
1980,40,1603,1603,591,220,2,2,0.00124766063631,0.00124766063631,-1.55665706347e-06,1.00000000005,0.00250155957336,1.56054870453e-06
1980,40,1603,1603,591,221,2,3,0.00124766063631,0.000623830318153,NaN,NaN,0.00250155957336,7.80274352265e-07
1980,40,1603,1603,591,222,2,2,0.00124766063631,0.000623830318153,-7.78328531736e-07,1.00000000005,0.00124999902527,7.79787289623e-07
1980,40,1603,1603,591,226,2,2,0.00124766063631,0.000623830318153,-7.78328531736e-07,1.00000000005,0.00124999902527,7.79787289623e-07
1980,40,1603,1603,591,227,2,2,0.00124766063631,0.000623830318153,-7.78328531736e-07,1.00000000005,0.00124999902527,7.79787289623e-07
1980,40,1603,1603,591,232,2,2,0.00124766063631,0.000623830318153,-7.78328531736e-07,1.00000000005,0.00124999902527,7.79787289623e-07
1980,40,1603,1603,591,233,2,2,0.00124766063631,0.000623830318153,-7.78328531736e-07,1.00000000005,0.00124999902527,7.79787289623e-07
1980,40,1603,1603,591,240,2,2,0.00124766063631,0.00187149095446,-2.33498559521e-06,1.00000000005,0.00375468457214,2.34228607121e-06
1980,40,1603,1603,591,244,2,2,0.00124766063631,0.000623830318153,-7.78328531736e-07,1.00000000005,0.00124999902527,7.79787289623e-07
1980,40,1603,1603,591,245,2,2,0.00124766063631,0.000623830318153,-7.78328531736e-07,1.00000000005,0.00124999902527,7.79787289623e-07
1980,40,1603,1603,592,15,2,2,0.00187149095446,0.000623830318153,-1.16749279755e-06,1.00000000001,0.00187617041199,1.17041198502e-06
1980,40,1603,1603,592,20,2,3,0.00187149095446,0.000623830318153,NaN,NaN,0.00375468457214,1.1711430356e-06
1980,40,1603,1603,592,22,2,2,0.00187149095446,0.00124766063631,-2.33498559521e-06,1.00000000005,0.00375468457214,2.34228607121e-06
1980,40,1603,1603,592,26,2,2,0.00187149095446,0.00374298190892,-7.00495678529e-06,1.00000000001,0.0112922667502,7.04445835942e-06
1980,40,1603,1603,592,33,2,2,0.00187149095446,0.000623830318153,-1.16749279755e-06,1.00000000001,0.00187617041199,1.17041198502e-06
1980,40,1603,1603,592,35,2,2,0.00187149095446,0.000623830318153,-1.16749279755e-06,1.00000000001,0.00187617041199,1.17041198502e-06
1980,40,1603,1603,592,46,2,3,0.00187149095446,0.000623830318153,NaN,NaN,0.00375468457214,1.1711430356e-06
1980,40,1603,1603,592,48,2,2,0.00187149095446,0.000623830318153,-1.16749279755e-06,1.00000000001,0.00187617041199,1.17041198502e-06
1980,40,1603,1603,592,49,2,2,0.00187149095446,0.000623830318153,-1.16749279755e-06,1.00000000001,0.00187617041199,1.17041198502e-06
1980,40,1603,1603,592,55,2,2,0.00187149095446,0.000623830318153,-1.16749279755e-06,1.00000000001,0.00187617041199,1.17041198502e-06
1980,40,1603,1603,592,60,2,2,0.00187149095446,0.000623830318153,-1.16749279755e-06,1.00000000001,0.00187617041199,1.17041198502e-06
1980,40,1603,1603,592,64,2,2,0.00187149095446,0.00249532127261,-4.6699711902e-06,1.00000000001,0.00751876172608,4.6904315197e-06
1980,40,1603,1603,592,73,2,2,0.00187149095446,0.000623830318153,-1.16749279755e-06,1.00000000001,0.00187617041199,1.17041198502e-06
1980,40,1603,1603,592,77,2,2,0.00187149095446,0.00374298190892,-7.00495678529e-06,1.00000000001,0.0112922667502,7.04445835942e-06
1980,40,1603,1603,592,94,2,2,0.00187149095446,0.000623830318153,-1.16749279755e-06,1.00000000001,0.00187617041199,1.17041198502e-06
1980,40,1603,1603,592,97,2,3,0.00187149095446,0.000623830318153,NaN,NaN,0.00375468457214,1.1711430356e-06
1980,40,1603,1603,592,101,2,2,0.00187149095446,0.00124766063631,-2.33498559521e-06,1.00000000005,0.00375468457214,2.34228607121e-06
1980,40,1603,1603,592,105,2,2,0.00187149095446,0.292576419214,7.62761961062e-05,0.0576131687243,0.0241222897856,1.50482157116e-05
1980,40,1603,1603,592,115,2,3,0.00187149095446,0.000623830318153,NaN,NaN,0.00375468457214,1.1711430356e-06
1980,40,1603,1603,592,123,2,3,0.00187149095446,0.000623830318153,NaN,NaN,0.00751876172608,2.34521575985e-06
1980,40,1603,1603,592,124,2,2,0.00187149095446,0.00187149095446,-3.50247839265e-06,1.00000000001,0.005635546875,3.515625e-06
1980,40,1603,1603,592,130,2,2,0.00187149095446,0.000623830318153,-1.16749279755e-06,1.00000000001,0.00187617041199,1.17041198502e-06
1980,40,1603,1603,592,131,2,2,0.00187149095446,0.00124766063631,-2.33498559521e-06,1.00000000005,0.00375468457214,2.34228607121e-06
1980,40,1603,1603,592,140,2,3,0.00187149095446,0.00124766063631,NaN,NaN,0.0169702791719,5.29328732748e-06
1980,40,1603,1603,592,146,2,2,0.00187149095446,0.000623830318153,-1.16749279755e-06,1.00000000001,0.00187617041199,1.17041198502e-06
1980,40,1603,1603,592,149,2,2,0.00187149095446,0.000623830318153,-1.16749279755e-06,1.00000000001,0.00187617041199,1.17041198502e-06
1980,40,1603,1603,592,157,2,2,0.00187149095446,0.00124766063631,-2.33498559521e-06,1.00000000005,0.00375468457214,2.34228607121e-06
1980,40,1603,1603,592,159,2,2,0.00187149095446,0.00374298190892,-7.00495678529e-06,1.00000000001,0.0112922667502,7.04445835942e-06
1980,40,1603,1603,592,164,2,2,0.00187149095446,0.000623830318153,-1.16749279755e-06,1.00000000001,0.00187617041199,1.17041198502e-06
1980,40,1603,1603,592,167,2,2,0.00187149095446,0.00311915159077,-5.83746398775e-06,1.00000000001,0.00940433354193,5.86670838548e-06
1980,40,1603,1603,592,177,2,2,0.00187149095446,0.000623830318153,-1.16749279755e-06,1.00000000001,0.00187617041199,1.17041198502e-06
1980,40,1603,1602,592,186,2,2,0.00187265917603,0.000624219725343,-1.16895079649e-06,0.999999999974,0.00187734448334,1.17187545776e-06
1980,40,1603,1603,592,188,2,2,0.00187149095446,0.00623830318153,-1.16749279754e-05,0.999999999996,0.0188677024482,1.17702448211e-05
1980,40,1603,1603,592,192,2,3,0.00187149095446,0.000623830318153,NaN,NaN,0.00375468457214,1.1711430356e-06
1980,40,1603,1603,592,198,2,2,0.00187149095446,0.00311915159077,-5.83746398775e-06,1.00000000001,0.00940433354193,5.86670838548e-06
1980,40,1603,1603,592,200,2,2,0.00187149095446,0.00124766063631,-2.33498559521e-06,1.00000000005,0.00375468457214,2.34228607121e-06
1980,40,1603,1603,592,207,2,2,0.00187149095446,0.008109794136,-1.5177406368e-05,0.999999999999,0.0245742924528,1.53301886792e-05
1980,40,1603,1603,592,208,2,2,0.00187149095446,0.000623830318153,-1.16749279755e-06,1.00000000001,0.00187617041199,1.17041198502e-06
1980,40,1603,1603,592,211,2,2,0.00187149095446,0.000623830318153,-1.16749279755e-06,1.00000000001,0.00187617041199,1.17041198502e-06
1980,40,1603,1603,592,215,2,2,0.00187149095446,0.00124766063631,-2.33498559521e-06,1.00000000005,0.00375468457214,2.34228607121e-06
1980,40,1603,1603,592,218,2,3,0.00187149095446,0.00124766063631,NaN,NaN,0.0150752351097,4.70219435737e-06
1980,40,1603,1603,592,220,2,2,0.00187149095446,0.00124766063631,-2.33498559521e-06,1.00000000005,0.00375468457214,2.34228607121e-06
1980,40,1603,1603,592,221,2,3,0.00187149095446,0.000623830318153,NaN,NaN,0.00375468457214,1.1711430356e-06
1980,40,1603,1603,592,222,2,2,0.00187149095446,0.000623830318153,-1.16749279755e-06,1.00000000001,0.00187617041199,1.17041198502e-06
1980,40,1603,1603,592,226,2,2,0.00187149095446,0.000623830318153,-1.16749279755e-06,1.00000000001,0.00187617041199,1.17041198502e-06
1980,40,1603,1603,592,227,2,2,0.00187149095446,0.000623830318153,-1.16749279755e-06,1.00000000001,0.00187617041199,1.17041198502e-06
1980,40,1603,1603,592,232,2,2,0.00187149095446,0.000623830318153,-1.16749279755e-06,1.00000000001,0.00187617041199,1.17041198502e-06
1980,40,1603,1603,592,233,2,2,0.00187149095446,0.000623830318153,-1.16749279755e-06,1.00000000001,0.00187617041199,1.17041198502e-06
1980,40,1603,1603,592,240,2,2,0.00187149095446,0.00187149095446,-3.50247839265e-06,1.00000000001,0.005635546875,3.515625e-06
1980,40,1603,1603,592,244,2,2,0.00187149095446,0.000623830318153,-1.16749279755e-06,1.00000000001,0.00187617041199,1.17041198502e-06
1980,40,1603,1603,592,245,2,2,0.00187149095446,0.000623830318153,-1.16749279755e-06,1.00000000001,0.00187617041199,1.17041198502e-06
1980,40,1603,1603,602,15,2,2,0.000623830318153,0.000623830318153,-3.89164265702e-07,0.999999999625,0.000624609375609,3.89650265508e-07
1980,40,1603,1603,602,20,2,3,0.000623830318153,0.000623830318153,NaN,NaN,0.00124999902527,3.89893644812e-07
1980,40,1603,1603,602,22,2,2,0.000623830318153,0.00124766063631,-7.78328531736e-07,1.00000000005,0.00124999902527,7.79787289623e-07
1980,40,1603,1603,602,26,2,2,0.000623830318153,0.00374298190892,-2.3349855951e-06,1.00000000001,0.00375938967962,2.3452212599e-06
1980,40,1603,1603,602,33,2,2,0.000623830318153,0.000623830318153,-3.89164265702e-07,0.999999999625,0.000624609375609,3.89650265508e-07
1980,40,1603,1603,602,35,2,2,0.000623830318153,0.000623830318153,-3.89164265702e-07,0.999999999625,0.000624609375609,3.89650265508e-07
1980,40,1603,1603,602,46,2,3,0.000623830318153,0.000623830318153,NaN,NaN,0.00124999902527,3.89893644812e-07
1980,40,1603,1603,602,48,2,2,0.000623830318153,0.000623830318153,-3.89164265702e-07,0.999999999625,0.000624609375609,3.89650265508e-07
1980,40,1603,1603,602,49,2,2,0.000623830318153,0.000623830318153,-3.89164265702e-07,0.999999999625,0.000624609375609,3.89650265508e-07
1980,40,1603,1603,602,55,2,2,0.000623830318153,0.000623830318153,-3.89164265702e-07,0.999999999625,0.000624609375609,3.89650265508e-07
1980,40,1603,1603,602,60,2,2,0.000623830318153,0.000623830318153,-3.89164265702e-07,0.999999999625,0.000624609375609,3.89650265508e-07
1980,40,1603,1603,602,64,2,2,0.000623830318153,0.00249532127261,-1.55665706336e-06,0.999999999982,0.00250312500244,1.56152526665e-06
1980,40,1603,1603,602,73,2,2,0.000623830318153,0.000623830318153,-3.89164265702e-07,0.999999999625,0.000624609375609,3.89650265508e-07
1980,40,1603,1603,602,77,2,2,0.000623830318153,0.00374298190892,-2.3349855951e-06,1.00000000001,0.00375938967962,2.3452212599e-06
1980,40,1603,1603,602,94,2,2,0.000623830318153,0.000623830318153,-3.89164265702e-07,0.999999999625,0.000624609375609,3.89650265508e-07
1980,40,1603,1603,602,97,2,3,0.000623830318153,0.000623830318153,NaN,NaN,0.00124999902527,3.89893644812e-07
1980,40,1603,1603,602,101,2,2,0.000623830318153,0.00124766063631,-7.78328531736e-07,1.00000000005,0.00124999902527,7.79787289623e-07
1980,40,1603,1603,602,105,2,2,0.000623830318153,0.292576419214,0.000441312277471,1.0,2.41941975516,0.00150930739561
1980,40,1603,1603,602,115,2,3,0.000623830318153,0.000623830318153,NaN,NaN,0.00124999902527,3.89893644812e-07
1980,40,1603,1603,602,123,2,3,0.000623830318153,0.000623830318153,NaN,NaN,0.00250312500244,7.80762633325e-07
1980,40,1603,1603,602,124,2,2,0.000623830318153,0.00187149095446,-1.16749279755e-06,1.00000000001,0.00187617041199,1.17041198502e-06
1980,40,1603,1603,602,130,2,2,0.000623830318153,0.000623830318153,-3.89164265702e-07,0.999999999625,0.000624609375609,3.89650265508e-07
1980,40,1603,1603,602,131,2,2,0.000623830318153,0.00124766063631,-7.78328531736e-07,1.00000000005,0.00124999902527,7.79787289623e-07
1980,40,1603,1603,602,140,2,3,0.000623830318153,0.00124766063631,NaN,NaN,0.00564969760196,1.76222632625e-06
1980,40,1603,1603,602,146,2,2,0.000623830318153,0.000623830318153,-3.89164265702e-07,0.999999999625,0.000624609375609,3.89650265508e-07
1980,40,1603,1603,602,149,2,2,0.000623830318153,0.000623830318153,-3.89164265702e-07,0.999999999625,0.000624609375609,3.89650265508e-07
1980,40,1603,1603,602,157,2,2,0.000623830318153,0.00124766063631,-7.78328531736e-07,1.00000000005,0.00124999902527,7.79787289623e-07
1980,40,1603,1603,602,159,2,2,0.000623830318153,0.00374298190892,-2.3349855951e-06,1.00000000001,0.00375938967962,2.3452212599e-06
1980,40,1603,1603,602,164,2,2,0.000623830318153,0.000623830318153,-3.89164265702e-07,0.999999999625,0.000624609375609,3.89650265508e-07
1980,40,1603,1603,602,167,2,2,0.000623830318153,0.00311915159077,-1.94582132917e-06,0.999999999968,0.00313086426698,1.95312805176e-06
1980,40,1603,1603,602,177,2,2,0.000623830318153,0.000623830318153,-3.89164265702e-07,0.999999999625,0.000624609375609,3.89650265508e-07
1980,40,1603,1602,602,186,2,2,0.000624219725343,0.000624219725343,-3.89650265498e-07,0.999999999974,0.000624999756164,3.90137176132e-07
1980,40,1603,1603,602,188,2,2,0.000623830318153,0.00623830318153,-3.89164265846e-06,0.999999999996,0.00628138242138,3.91851679437e-06
1980,40,1603,1603,602,192,2,3,0.000623830318153,0.000623830318153,NaN,NaN,0.00124999902527,3.89893644812e-07
1980,40,1603,1603,602,198,2,2,0.000623830318153,0.00311915159077,-1.94582132917e-06,0.999999999968,0.00313086426698,1.95312805176e-06
1980,40,1603,1603,602,200,2,2,0.000623830318153,0.00124766063631,-7.78328531736e-07,1.00000000005,0.00124999902527,7.79787289623e-07
1980,40,1603,1603,602,207,2,2,0.000623830318153,0.008109794136,-5.05913545601e-06,0.999999999998,0.00818120431222,5.10368328897e-06
1980,40,1603,1603,602,208,2,2,0.000623830318153,0.000623830318153,-3.89164265702e-07,0.999999999625,0.000624609375609,3.89650265508e-07
1980,40,1603,1603,602,211,2,2,0.000623830318153,0.000623830318153,-3.89164265702e-07,0.999999999625,0.000624609375609,3.89650265508e-07
1980,40,1603,1603,602,215,2,2,0.000623830318153,0.00124766063631,-7.78328531736e-07,1.00000000005,0.00124999902527,7.79787289623e-07
1980,40,1603,1603,602,218,2,3,0.000623830318153,0.00124766063631,NaN,NaN,0.00501880486383,1.56544131748e-06
1980,40,1603,1603,602,220,2,2,0.000623830318153,0.00124766063631,-7.78328531736e-07,1.00000000005,0.00124999902527,7.79787289623e-07
1980,40,1603,1603,602,221,2,3,0.000623830318153,0.000623830318153,NaN,NaN,0.00124999902527,3.89893644812e-07
1980,40,1603,1603,602,222,2,2,0.000623830318153,0.000623830318153,-3.89164265702e-07,0.999999999625,0.000624609375609,3.89650265508e-07
1980,40,1603,1603,602,226,2,2,0.000623830318153,0.000623830318153,-3.89164265702e-07,0.999999999625,0.000624609375609,3.89650265508e-07
1980,40,1603,1603,602,227,2,2,0.000623830318153,0.000623830318153,-3.89164265702e-07,0.999999999625,0.000624609375609,3.89650265508e-07
1980,40,1603,1603,602,232,2,2,0.000623830318153,0.000623830318153,-3.89164265702e-07,0.999999999625,0.000624609375609,3.89650265508e-07
1980,40,1603,1603,602,233,2,2,0.000623830318153,0.000623830318153,-3.89164265702e-07,0.999999999625,0.000624609375609,3.89650265508e-07
1980,40,1603,1603,602,240,2,2,0.000623830318153,0.00187149095446,-1.16749279755e-06,1.00000000001,0.00187617041199,1.17041198502e-06
1980,40,1603,1603,602,244,2,2,0.000623830318153,0.000623830318153,-3.89164265702e-07,0.999999999625,0.000624609375609,3.89650265508e-07
1980,40,1603,1603,602,245,2,2,0.000623830318153,0.000623830318153,-3.89164265702e-07,0.999999999625,0.000624609375609,3.89650265508e-07
1980,40,1603,1603,610,15,2,2,0.000623830318153,0.000623830318153,-3.89164265702e-07,0.999999999625,0.000624609375609,3.89650265508e-07
1980,40,1603,1603,610,20,2,3,0.000623830318153,0.000623830318153,NaN,NaN,0.00124999902527,3.89893644812e-07
1980,40,1603,1603,610,22,2,2,0.000623830318153,0.00124766063631,-7.78328531736e-07,1.00000000005,0.00124999902527,7.79787289623e-07
1980,40,1603,1603,610,26,2,2,0.000623830318153,0.00374298190892,-2.3349855951e-06,1.00000000001,0.00375938967962,2.3452212599e-06
1980,40,1603,1603,610,33,2,2,0.000623830318153,0.000623830318153,-3.89164265702e-07,0.999999999625,0.000624609375609,3.89650265508e-07
1980,40,1603,1603,610,35,2,2,0.000623830318153,0.000623830318153,-3.89164265702e-07,0.999999999625,0.000624609375609,3.89650265508e-07
1980,40,1603,1603,610,46,2,3,0.000623830318153,0.000623830318153,NaN,NaN,0.00124999902527,3.89893644812e-07
1980,40,1603,1603,610,48,2,2,0.000623830318153,0.000623830318153,-3.89164265702e-07,0.999999999625,0.000624609375609,3.89650265508e-07
1980,40,1603,1603,610,49,2,2,0.000623830318153,0.000623830318153,-3.89164265702e-07,0.999999999625,0.000624609375609,3.89650265508e-07
1980,40,1603,1603,610,55,2,2,0.000623830318153,0.000623830318153,-3.89164265702e-07,0.999999999625,0.000624609375609,3.89650265508e-07
1980,40,1603,1603,610,60,2,2,0.000623830318153,0.000623830318153,-3.89164265702e-07,0.999999999625,0.000624609375609,3.89650265508e-07
1980,40,1603,1603,610,64,2,2,0.000623830318153,0.00249532127261,-1.55665706336e-06,0.999999999982,0.00250312500244,1.56152526665e-06
1980,40,1603,1603,610,73,2,2,0.000623830318153,0.000623830318153,-3.89164265702e-07,0.999999999625,0.000624609375609,3.89650265508e-07
1980,40,1603,1603,610,77,2,2,0.000623830318153,0.00374298190892,-2.3349855951e-06,1.00000000001,0.00375938967962,2.3452212599e-06
1980,40,1603,1603,610,94,2,2,0.000623830318153,0.000623830318153,-3.89164265702e-07,0.999999999625,0.000624609375609,3.89650265508e-07
1980,40,1603,1603,610,97,2,3,0.000623830318153,0.000623830318153,NaN,NaN,0.00124999902527,3.89893644812e-07
1980,40,1603,1603,610,101,2,2,0.000623830318153,0.00124766063631,-7.78328531736e-07,1.00000000005,0.00124999902527,7.79787289623e-07
1980,40,1603,1603,610,105,2,2,0.000623830318153,0.292576419214,0.000441312277471,1.0,2.41941975516,0.00150930739561
1980,40,1603,1603,610,115,2,3,0.000623830318153,0.000623830318153,NaN,NaN,0.00124999902527,3.89893644812e-07
1980,40,1603,1603,610,123,2,3,0.000623830318153,0.000623830318153,NaN,NaN,0.00250312500244,7.80762633325e-07
1980,40,1603,1603,610,124,2,2,0.000623830318153,0.00187149095446,-1.16749279755e-06,1.00000000001,0.00187617041199,1.17041198502e-06
1980,40,1603,1603,610,130,2,2,0.000623830318153,0.000623830318153,-3.89164265702e-07,0.999999999625,0.000624609375609,3.89650265508e-07
1980,40,1603,1603,610,131,2,2,0.000623830318153,0.00124766063631,-7.78328531736e-07,1.00000000005,0.00124999902527,7.79787289623e-07
1980,40,1603,1603,610,140,2,3,0.000623830318153,0.00124766063631,NaN,NaN,0.00564969760196,1.76222632625e-06
1980,40,1603,1603,610,146,2,2,0.000623830318153,0.000623830318153,-3.89164265702e-07,0.999999999625,0.000624609375609,3.89650265508e-07
1980,40,1603,1603,610,149,2,2,0.000623830318153,0.000623830318153,-3.89164265702e-07,0.999999999625,0.000624609375609,3.89650265508e-07
1980,40,1603,1603,610,157,2,2,0.000623830318153,0.00124766063631,-7.78328531736e-07,1.00000000005,0.00124999902527,7.79787289623e-07
1980,40,1603,1603,610,159,2,2,0.000623830318153,0.00374298190892,-2.3349855951e-06,1.00000000001,0.00375938967962,2.3452212599e-06
1980,40,1603,1603,610,164,2,2,0.000623830318153,0.000623830318153,-3.89164265702e-07,0.999999999625,0.000624609375609,3.89650265508e-07
1980,40,1603,1603,610,167,2,2,0.000623830318153,0.00311915159077,-1.94582132917e-06,0.999999999968,0.00313086426698,1.95312805176e-06
1980,40,1603,1603,610,177,2,2,0.000623830318153,0.000623830318153,-3.89164265702e-07,0.999999999625,0.000624609375609,3.89650265508e-07
1980,40,1603,1602,610,186,2,2,0.000624219725343,0.000624219725343,-3.89650265498e-07,0.999999999974,0.000624999756164,3.90137176132e-07
1980,40,1603,1603,610,188,2,2,0.000623830318153,0.00623830318153,-3.89164265846e-06,0.999999999996,0.00628138242138,3.91851679437e-06
1980,40,1603,1603,610,192,2,3,0.000623830318153,0.000623830318153,NaN,NaN,0.00124999902527,3.89893644812e-07
1980,40,1603,1603,610,198,2,2,0.000623830318153,0.00311915159077,-1.94582132917e-06,0.999999999968,0.00313086426698,1.95312805176e-06
1980,40,1603,1603,610,200,2,2,0.000623830318153,0.00124766063631,-7.78328531736e-07,1.00000000005,0.00124999902527,7.79787289623e-07
1980,40,1603,1603,610,207,2,2,0.000623830318153,0.008109794136,-5.05913545601e-06,0.999999999998,0.00818120431222,5.10368328897e-06
1980,40,1603,1603,610,208,2,2,0.000623830318153,0.000623830318153,-3.89164265702e-07,0.999999999625,0.000624609375609,3.89650265508e-07
1980,40,1603,1603,610,211,2,2,0.000623830318153,0.000623830318153,-3.89164265702e-07,0.999999999625,0.000624609375609,3.89650265508e-07
1980,40,1603,1603,610,215,2,2,0.000623830318153,0.00124766063631,-7.78328531736e-07,1.00000000005,0.00124999902527,7.79787289623e-07
1980,40,1603,1603,610,218,2,3,0.000623830318153,0.00124766063631,NaN,NaN,0.00501880486383,1.56544131748e-06
1980,40,1603,1603,610,220,2,2,0.000623830318153,0.00124766063631,-7.78328531736e-07,1.00000000005,0.00124999902527,7.79787289623e-07
1980,40,1603,1603,610,221,2,3,0.000623830318153,0.000623830318153,NaN,NaN,0.00124999902527,3.89893644812e-07
1980,40,1603,1603,610,222,2,2,0.000623830318153,0.000623830318153,-3.89164265702e-07,0.999999999625,0.000624609375609,3.89650265508e-07
1980,40,1603,1603,610,226,2,2,0.000623830318153,0.000623830318153,-3.89164265702e-07,0.999999999625,0.000624609375609,3.89650265508e-07
1980,40,1603,1603,610,227,2,2,0.000623830318153,0.000623830318153,-3.89164265702e-07,0.999999999625,0.000624609375609,3.89650265508e-07
1980,40,1603,1603,610,232,2,2,0.000623830318153,0.000623830318153,-3.89164265702e-07,0.999999999625,0.000624609375609,3.89650265508e-07
1980,40,1603,1603,610,233,2,2,0.000623830318153,0.000623830318153,-3.89164265702e-07,0.999999999625,0.000624609375609,3.89650265508e-07
1980,40,1603,1603,610,240,2,2,0.000623830318153,0.00187149095446,-1.16749279755e-06,1.00000000001,0.00187617041199,1.17041198502e-06
1980,40,1603,1603,610,244,2,2,0.000623830318153,0.000623830318153,-3.89164265702e-07,0.999999999625,0.000624609375609,3.89650265508e-07
1980,40,1603,1603,610,245,2,2,0.000623830318153,0.000623830318153,-3.89164265702e-07,0.999999999625,0.000624609375609,3.89650265508e-07
1980,40,1603,1603,612,15,2,2,0.000623830318153,0.000623830318153,-3.89164265702e-07,0.999999999625,0.000624609375609,3.89650265508e-07
1980,40,1603,1603,612,20,2,3,0.000623830318153,0.000623830318153,NaN,NaN,0.00124999902527,3.89893644812e-07
1980,40,1603,1603,612,22,2,2,0.000623830318153,0.00124766063631,-7.78328531736e-07,1.00000000005,0.00124999902527,7.79787289623e-07
1980,40,1603,1603,612,26,2,2,0.000623830318153,0.00374298190892,-2.3349855951e-06,1.00000000001,0.00375938967962,2.3452212599e-06
1980,40,1603,1603,612,33,2,2,0.000623830318153,0.000623830318153,-3.89164265702e-07,0.999999999625,0.000624609375609,3.89650265508e-07
1980,40,1603,1603,612,35,2,2,0.000623830318153,0.000623830318153,-3.89164265702e-07,0.999999999625,0.000624609375609,3.89650265508e-07
1980,40,1603,1603,612,46,2,3,0.000623830318153,0.000623830318153,NaN,NaN,0.00124999902527,3.89893644812e-07
1980,40,1603,1603,612,48,2,2,0.000623830318153,0.000623830318153,-3.89164265702e-07,0.999999999625,0.000624609375609,3.89650265508e-07
1980,40,1603,1603,612,49,2,2,0.000623830318153,0.000623830318153,-3.89164265702e-07,0.999999999625,0.000624609375609,3.89650265508e-07
1980,40,1603,1603,612,55,2,2,0.000623830318153,0.000623830318153,-3.89164265702e-07,0.999999999625,0.000624609375609,3.89650265508e-07
1980,40,1603,1603,612,60,2,2,0.000623830318153,0.000623830318153,-3.89164265702e-07,0.999999999625,0.000624609375609,3.89650265508e-07
1980,40,1603,1603,612,64,2,2,0.000623830318153,0.00249532127261,-1.55665706336e-06,0.999999999982,0.00250312500244,1.56152526665e-06
1980,40,1603,1603,612,73,2,2,0.000623830318153,0.000623830318153,-3.89164265702e-07,0.999999999625,0.000624609375609,3.89650265508e-07
1980,40,1603,1603,612,77,2,2,0.000623830318153,0.00374298190892,-2.3349855951e-06,1.00000000001,0.00375938967962,2.3452212599e-06
1980,40,1603,1603,612,94,2,2,0.000623830318153,0.000623830318153,-3.89164265702e-07,0.999999999625,0.000624609375609,3.89650265508e-07
1980,40,1603,1603,612,97,2,3,0.000623830318153,0.000623830318153,NaN,NaN,0.00124999902527,3.89893644812e-07
1980,40,1603,1603,612,101,2,2,0.000623830318153,0.00124766063631,-7.78328531736e-07,1.00000000005,0.00124999902527,7.79787289623e-07
1980,40,1603,1603,612,105,2,2,0.000623830318153,0.292576419214,0.000441312277471,1.0,2.41941975516,0.00150930739561
1980,40,1603,1603,612,115,2,3,0.000623830318153,0.000623830318153,NaN,NaN,0.00124999902527,3.89893644812e-07
1980,40,1603,1603,612,123,2,3,0.000623830318153,0.000623830318153,NaN,NaN,0.00250312500244,7.80762633325e-07
1980,40,1603,1603,612,124,2,2,0.000623830318153,0.00187149095446,-1.16749279755e-06,1.00000000001,0.00187617041199,1.17041198502e-06
1980,40,1603,1603,612,130,2,2,0.000623830318153,0.000623830318153,-3.89164265702e-07,0.999999999625,0.000624609375609,3.89650265508e-07
1980,40,1603,1603,612,131,2,2,0.000623830318153,0.00124766063631,-7.78328531736e-07,1.00000000005,0.00124999902527,7.79787289623e-07
1980,40,1603,1603,612,140,2,3,0.000623830318153,0.00124766063631,NaN,NaN,0.00564969760196,1.76222632625e-06
1980,40,1603,1603,612,146,2,2,0.000623830318153,0.000623830318153,-3.89164265702e-07,0.999999999625,0.000624609375609,3.89650265508e-07
1980,40,1603,1603,612,149,2,2,0.000623830318153,0.000623830318153,-3.89164265702e-07,0.999999999625,0.000624609375609,3.89650265508e-07
1980,40,1603,1603,612,157,2,2,0.000623830318153,0.00124766063631,-7.78328531736e-07,1.00000000005,0.00124999902527,7.79787289623e-07
1980,40,1603,1603,612,159,2,2,0.000623830318153,0.00374298190892,-2.3349855951e-06,1.00000000001,0.00375938967962,2.3452212599e-06
1980,40,1603,1603,612,164,2,2,0.000623830318153,0.000623830318153,-3.89164265702e-07,0.999999999625,0.000624609375609,3.89650265508e-07
1980,40,1603,1603,612,167,2,2,0.000623830318153,0.00311915159077,-1.94582132917e-06,0.999999999968,0.00313086426698,1.95312805176e-06
1980,40,1603,1603,612,177,2,2,0.000623830318153,0.000623830318153,-3.89164265702e-07,0.999999999625,0.000624609375609,3.89650265508e-07
1980,40,1603,1602,612,186,2,2,0.000624219725343,0.000624219725343,-3.89650265498e-07,0.999999999974,0.000624999756164,3.90137176132e-07
1980,40,1603,1603,612,188,2,2,0.000623830318153,0.00623830318153,-3.89164265846e-06,0.999999999996,0.00628138242138,3.91851679437e-06
1980,40,1603,1603,612,192,2,3,0.000623830318153,0.000623830318153,NaN,NaN,0.00124999902527,3.89893644812e-07
1980,40,1603,1603,612,198,2,2,0.000623830318153,0.00311915159077,-1.94582132917e-06,0.999999999968,0.00313086426698,1.95312805176e-06
1980,40,1603,1603,612,200,2,2,0.000623830318153,0.00124766063631,-7.78328531736e-07,1.00000000005,0.00124999902527,7.79787289623e-07
1980,40,1603,1603,612,207,2,2,0.000623830318153,0.008109794136,-5.05913545601e-06,0.999999999998,0.00818120431222,5.10368328897e-06
1980,40,1603,1603,612,208,2,2,0.000623830318153,0.000623830318153,-3.89164265702e-07,0.999999999625,0.000624609375609,3.89650265508e-07
1980,40,1603,1603,612,211,2,2,0.000623830318153,0.000623830318153,-3.89164265702e-07,0.999999999625,0.000624609375609,3.89650265508e-07
1980,40,1603,1603,612,215,2,2,0.000623830318153,0.00124766063631,-7.78328531736e-07,1.00000000005,0.00124999902527,7.79787289623e-07
1980,40,1603,1603,612,218,2,3,0.000623830318153,0.00124766063631,NaN,NaN,0.00501880486383,1.56544131748e-06
1980,40,1603,1603,612,220,2,2,0.000623830318153,0.00124766063631,-7.78328531736e-07,1.00000000005,0.00124999902527,7.79787289623e-07
1980,40,1603,1603,612,221,2,3,0.000623830318153,0.000623830318153,NaN,NaN,0.00124999902527,3.89893644812e-07
1980,40,1603,1603,612,222,2,2,0.000623830318153,0.000623830318153,-3.89164265702e-07,0.999999999625,0.000624609375609,3.89650265508e-07
1980,40,1603,1603,612,226,2,2,0.000623830318153,0.000623830318153,-3.89164265702e-07,0.999999999625,0.000624609375609,3.89650265508e-07
1980,40,1603,1603,612,227,2,2,0.000623830318153,0.000623830318153,-3.89164265702e-07,0.999999999625,0.000624609375609,3.89650265508e-07
1980,40,1603,1603,612,232,2,2,0.000623830318153,0.000623830318153,-3.89164265702e-07,0.999999999625,0.000624609375609,3.89650265508e-07
1980,40,1603,1603,612,233,2,2,0.000623830318153,0.000623830318153,-3.89164265702e-07,0.999999999625,0.000624609375609,3.89650265508e-07
1980,40,1603,1603,612,240,2,2,0.000623830318153,0.00187149095446,-1.16749279755e-06,1.00000000001,0.00187617041199,1.17041198502e-06
1980,40,1603,1603,612,244,2,2,0.000623830318153,0.000623830318153,-3.89164265702e-07,0.999999999625,0.000624609375609,3.89650265508e-07
1980,40,1603,1603,612,245,2,2,0.000623830318153,0.000623830318153,-3.89164265702e-07,0.999999999625,0.000624609375609,3.89650265508e-07
1980,40,1603,1603,614,15,2,2,0.0193387398628,0.000623830318153,-1.20640922412e-05,0.999999999993,0.0197324114577,1.23096765176e-05
1980,40,1603,1603,614,20,2,3,0.0193387398628,0.000623830318153,NaN,NaN,0.0394894730234,1.23173652599e-05
1980,40,1603,1603,614,22,2,2,0.0193387398628,0.00124766063631,-2.41281844825e-05,0.999999999998,0.0394894730234,2.46347305199e-05
1980,40,1603,1603,614,26,2,2,0.0193387398628,0.00374298190892,-7.23845534476e-05,1.0,0.118765146482,7.40892991152e-05
1980,40,1603,1603,614,33,2,2,0.0193387398628,0.000623830318153,-1.20640922412e-05,0.999999999993,0.0197324114577,1.23096765176e-05
1980,40,1603,1603,614,35,2,2,0.0193387398628,0.000623830318153,-1.20640922412e-05,0.999999999993,0.0197324114577,1.23096765176e-05
1980,40,1603,1603,614,46,2,3,0.0193387398628,0.000623830318153,NaN,NaN,0.0394894730234,1.23173652599e-05
1980,40,1603,1603,614,48,2,2,0.0193387398628,0.000623830318153,-1.20640922412e-05,0.999999999993,0.0197324114577,1.23096765176e-05
1980,40,1603,1603,614,49,2,2,0.0193387398628,0.000623830318153,-1.20640922412e-05,0.999999999993,0.0197324114577,1.23096765176e-05
1980,40,1603,1603,614,55,2,2,0.0193387398628,0.000623830318153,-1.20640922412e-05,0.999999999993,0.0197324114577,1.23096765176e-05
1980,40,1603,1603,614,60,2,2,0.0193387398628,0.000623830318153,-1.20640922412e-05,0.999999999993,0.0197324114577,1.23096765176e-05
1980,40,1603,1603,614,64,2,2,0.0193387398628,0.00249532127261,-4.82563689651e-05,1.0,0.0790777314702,4.93310863819e-05
1980,40,1603,1603,614,73,2,2,0.0193387398628,0.000623830318153,-1.20640922412e-05,0.999999999993,0.0197324114577,1.23096765176e-05
1980,40,1603,1603,614,77,2,2,0.0193387398628,0.00374298190892,-7.23845534476e-05,1.0,0.118765146482,7.40892991152e-05
1980,40,1603,1603,614,94,2,2,0.0193387398628,0.000623830318153,-1.20640922412e-05,0.999999999993,0.0197324114577,1.23096765176e-05
1980,40,1603,1603,614,97,2,3,0.0193387398628,0.000623830318153,NaN,NaN,0.0394894730234,1.23173652599e-05
1980,40,1603,1603,614,101,2,2,0.0193387398628,0.00124766063631,-2.41281844825e-05,0.999999999998,0.0394894730234,2.46347305199e-05
1980,40,1603,1603,614,105,2,2,0.0193387398628,0.292576419214,-0.00565805926116,1.0,13.0738188358,0.00815584456382
1980,40,1603,1603,614,115,2,3,0.0193387398628,0.000623830318153,NaN,NaN,0.0394894730234,1.23173652599e-05
1980,40,1603,1603,614,123,2,3,0.0193387398628,0.000623830318153,NaN,NaN,0.0790777314702,2.4665543191e-05
1980,40,1603,1603,614,124,2,2,0.0193387398628,0.00187149095446,-3.61922767238e-05,1.0,0.059271230916,3.69751908397e-05
1980,40,1603,1603,614,130,2,2,0.0193387398628,0.000623830318153,-1.20640922412e-05,0.999999999993,0.0197324114577,1.23096765176e-05
1980,40,1603,1603,614,131,2,2,0.0193387398628,0.00124766063631,-2.41281844825e-05,0.999999999998,0.0394894730234,2.46347305199e-05
1980,40,1603,1603,614,140,2,3,0.0193387398628,0.00124766063631,NaN,NaN,0.178483004013,5.56715545893e-05
1980,40,1603,1603,614,146,2,2,0.0193387398628,0.000623830318153,-1.20640922412e-05,0.999999999993,0.0197324114577,1.23096765176e-05
1980,40,1603,1603,614,149,2,2,0.0193387398628,0.000623830318153,-1.20640922412e-05,0.999999999993,0.0197324114577,1.23096765176e-05
1980,40,1603,1603,614,157,2,2,0.0193387398628,0.00124766063631,-2.41281844825e-05,0.999999999998,0.0394894730234,2.46347305199e-05
1980,40,1603,1603,614,159,2,2,0.0193387398628,0.00374298190892,-7.23845534476e-05,1.0,0.118765146482,7.40892991152e-05
1980,40,1603,1603,614,164,2,2,0.0193387398628,0.000623830318153,-1.20640922412e-05,0.999999999993,0.0197324114577,1.23096765176e-05
1980,40,1603,1603,614,167,2,2,0.0193387398628,0.00311915159077,-6.03204612063e-05,0.999999999999,0.0989090211365,6.17024461238e-05
1980,40,1603,1603,614,177,2,2,0.0193387398628,0.000623830318153,-1.20640922412e-05,0.999999999993,0.0197324114577,1.23096765176e-05
1980,40,1603,1602,614,186,2,2,0.0193508114856,0.000624219725343,-1.20791582308e-05,1.0,0.019744979566,1.23252057216e-05
1980,40,1603,1603,614,188,2,2,0.0193387398628,0.00623830318153,-0.000120640922413,1.0,0.198438940083,0.000123792227126
1980,40,1603,1603,614,192,2,3,0.0193387398628,0.000623830318153,NaN,NaN,0.0394894730234,1.23173652599e-05
1980,40,1603,1603,614,198,2,2,0.0193387398628,0.00311915159077,-6.03204612063e-05,0.999999999999,0.0989090211365,6.17024461238e-05
1980,40,1603,1603,614,200,2,2,0.0193387398628,0.00124766063631,0.000599702133671,0.490139949109,24.395135611,0.0152184252096
1980,40,1603,1603,614,207,2,2,0.0193387398628,0.008109794136,-0.000156833199137,1.0,0.258457359131,0.000161233536576
1980,40,1603,1603,614,208,2,2,0.0193387398628,0.000623830318153,-1.20640922412e-05,0.999999999993,0.0197324114577,1.23096765176e-05
1980,40,1603,1603,614,211,2,2,0.0193387398628,0.000623830318153,-1.20640922412e-05,0.999999999993,0.0197324114577,1.23096765176e-05
1980,40,1603,1603,614,215,2,2,0.0193387398628,0.00124766063631,-2.41281844825e-05,0.999999999998,0.0394894730234,2.46347305199e-05
1980,40,1603,1603,614,218,2,3,0.0193387398628,0.00124766063631,NaN,NaN,0.158552091061,4.94548007051e-05
1980,40,1603,1603,614,220,2,2,0.0193387398628,0.00124766063631,-2.41281844825e-05,0.999999999998,0.0394894730234,2.46347305199e-05
1980,40,1603,1603,614,221,2,3,0.0193387398628,0.000623830318153,NaN,NaN,0.0394894730234,1.23173652599e-05
1980,40,1603,1603,614,222,2,2,0.0193387398628,0.000623830318153,-1.20640922412e-05,0.999999999993,0.0197324114577,1.23096765176e-05
1980,40,1603,1603,614,226,2,2,0.0193387398628,0.000623830318153,-1.20640922412e-05,0.999999999993,0.0197324114577,1.23096765176e-05
1980,40,1603,1603,614,227,2,2,0.0193387398628,0.000623830318153,-1.20640922412e-05,0.999999999993,0.0197324114577,1.23096765176e-05
1980,40,1603,1603,614,232,2,2,0.0193387398628,0.000623830318153,-1.20640922412e-05,0.999999999993,0.0197324114577,1.23096765176e-05
1980,40,1603,1603,614,233,2,2,0.0193387398628,0.000623830318153,-1.20640922412e-05,0.999999999993,0.0197324114577,1.23096765176e-05
1980,40,1603,1603,614,240,2,2,0.0193387398628,0.00187149095446,-3.61922767238e-05,1.0,0.059271230916,3.69751908397e-05
1980,40,1603,1603,614,244,2,2,0.0193387398628,0.000623830318153,-1.20640922412e-05,0.999999999993,0.0197324114577,1.23096765176e-05
1980,40,1603,1603,614,245,2,2,0.0193387398628,0.000623830318153,-1.20640922412e-05,0.999999999993,0.0197324114577,1.23096765176e-05
1980,40,1603,1603,626,15,2,2,0.000623830318153,0.000623830318153,-3.89164265702e-07,0.999999999625,0.000624609375609,3.89650265508e-07
1980,40,1603,1603,626,20,2,3,0.000623830318153,0.000623830318153,NaN,NaN,0.00124999902527,3.89893644812e-07
1980,40,1603,1603,626,22,2,2,0.000623830318153,0.00124766063631,-7.78328531736e-07,1.00000000005,0.00124999902527,7.79787289623e-07
1980,40,1603,1603,626,26,2,2,0.000623830318153,0.00374298190892,-2.3349855951e-06,1.00000000001,0.00375938967962,2.3452212599e-06
1980,40,1603,1603,626,33,2,2,0.000623830318153,0.000623830318153,-3.89164265702e-07,0.999999999625,0.000624609375609,3.89650265508e-07
1980,40,1603,1603,626,35,2,2,0.000623830318153,0.000623830318153,-3.89164265702e-07,0.999999999625,0.000624609375609,3.89650265508e-07
1980,40,1603,1603,626,46,2,3,0.000623830318153,0.000623830318153,NaN,NaN,0.00124999902527,3.89893644812e-07
1980,40,1603,1603,626,48,2,2,0.000623830318153,0.000623830318153,-3.89164265702e-07,0.999999999625,0.000624609375609,3.89650265508e-07
1980,40,1603,1603,626,49,2,2,0.000623830318153,0.000623830318153,-3.89164265702e-07,0.999999999625,0.000624609375609,3.89650265508e-07
1980,40,1603,1603,626,55,2,2,0.000623830318153,0.000623830318153,-3.89164265702e-07,0.999999999625,0.000624609375609,3.89650265508e-07
1980,40,1603,1603,626,60,2,2,0.000623830318153,0.000623830318153,-3.89164265702e-07,0.999999999625,0.000624609375609,3.89650265508e-07
1980,40,1603,1603,626,64,2,2,0.000623830318153,0.00249532127261,-1.55665706336e-06,0.999999999982,0.00250312500244,1.56152526665e-06
1980,40,1603,1603,626,73,2,2,0.000623830318153,0.000623830318153,-3.89164265702e-07,0.999999999625,0.000624609375609,3.89650265508e-07
1980,40,1603,1603,626,77,2,2,0.000623830318153,0.00374298190892,-2.3349855951e-06,1.00000000001,0.00375938967962,2.3452212599e-06
1980,40,1603,1603,626,94,2,2,0.000623830318153,0.000623830318153,-3.89164265702e-07,0.999999999625,0.000624609375609,3.89650265508e-07
1980,40,1603,1603,626,97,2,3,0.000623830318153,0.000623830318153,NaN,NaN,0.00124999902527,3.89893644812e-07
1980,40,1603,1603,626,101,2,2,0.000623830318153,0.00124766063631,-7.78328531736e-07,1.00000000005,0.00124999902527,7.79787289623e-07
1980,40,1603,1603,626,105,2,2,0.000623830318153,0.292576419214,-0.000182518040682,1.0,0.413838411862,0.000258164948136
1980,40,1603,1603,626,115,2,3,0.000623830318153,0.000623830318153,NaN,NaN,0.00124999902527,3.89893644812e-07
1980,40,1603,1603,626,123,2,3,0.000623830318153,0.000623830318153,NaN,NaN,0.00250312500244,7.80762633325e-07
1980,40,1603,1603,626,124,2,2,0.000623830318153,0.00187149095446,-1.16749279755e-06,1.00000000001,0.00187617041199,1.17041198502e-06
1980,40,1603,1603,626,130,2,2,0.000623830318153,0.000623830318153,-3.89164265702e-07,0.999999999625,0.000624609375609,3.89650265508e-07
1980,40,1603,1603,626,131,2,2,0.000623830318153,0.00124766063631,-7.78328531736e-07,1.00000000005,0.00124999902527,7.79787289623e-07
1980,40,1603,1603,626,140,2,3,0.000623830318153,0.00124766063631,NaN,NaN,0.00564969760196,1.76222632625e-06
1980,40,1603,1603,626,146,2,2,0.000623830318153,0.000623830318153,-3.89164265702e-07,0.999999999625,0.000624609375609,3.89650265508e-07
1980,40,1603,1603,626,149,2,2,0.000623830318153,0.000623830318153,-3.89164265702e-07,0.999999999625,0.000624609375609,3.89650265508e-07
1980,40,1603,1603,626,157,2,2,0.000623830318153,0.00124766063631,-7.78328531736e-07,1.00000000005,0.00124999902527,7.79787289623e-07
1980,40,1603,1603,626,159,2,2,0.000623830318153,0.00374298190892,-2.3349855951e-06,1.00000000001,0.00375938967962,2.3452212599e-06
1980,40,1603,1603,626,164,2,2,0.000623830318153,0.000623830318153,-3.89164265702e-07,0.999999999625,0.000624609375609,3.89650265508e-07
1980,40,1603,1603,626,167,2,2,0.000623830318153,0.00311915159077,-1.94582132917e-06,0.999999999968,0.00313086426698,1.95312805176e-06
1980,40,1603,1603,626,177,2,2,0.000623830318153,0.000623830318153,-3.89164265702e-07,0.999999999625,0.000624609375609,3.89650265508e-07
1980,40,1603,1602,626,186,2,2,0.000624219725343,0.000624219725343,-3.89650265498e-07,0.999999999974,0.000624999756164,3.90137176132e-07
1980,40,1603,1603,626,188,2,2,0.000623830318153,0.00623830318153,-3.89164265846e-06,0.999999999996,0.00628138242138,3.91851679437e-06
1980,40,1603,1603,626,192,2,3,0.000623830318153,0.000623830318153,NaN,NaN,0.00124999902527,3.89893644812e-07
1980,40,1603,1603,626,198,2,2,0.000623830318153,0.00311915159077,-1.94582132917e-06,0.999999999968,0.00313086426698,1.95312805176e-06
1980,40,1603,1603,626,200,2,2,0.000623830318153,0.00124766063631,-7.78328531736e-07,1.00000000005,0.00124999902527,7.79787289623e-07
1980,40,1603,1603,626,207,2,2,0.000623830318153,0.008109794136,-5.05913545601e-06,0.999999999998,0.00818120431222,5.10368328897e-06
1980,40,1603,1603,626,208,2,2,0.000623830318153,0.000623830318153,-3.89164265702e-07,0.999999999625,0.000624609375609,3.89650265508e-07
1980,40,1603,1603,626,211,2,2,0.000623830318153,0.000623830318153,-3.89164265702e-07,0.999999999625,0.000624609375609,3.89650265508e-07
1980,40,1603,1603,626,215,2,2,0.000623830318153,0.00124766063631,-7.78328531736e-07,1.00000000005,0.00124999902527,7.79787289623e-07
1980,40,1603,1603,626,218,2,3,0.000623830318153,0.00124766063631,NaN,NaN,0.00501880486383,1.56544131748e-06
1980,40,1603,1603,626,220,2,2,0.000623830318153,0.00124766063631,-7.78328531736e-07,1.00000000005,0.00124999902527,7.79787289623e-07
1980,40,1603,1603,626,221,2,3,0.000623830318153,0.000623830318153,NaN,NaN,0.00124999902527,3.89893644812e-07
1980,40,1603,1603,626,222,2,2,0.000623830318153,0.000623830318153,-3.89164265702e-07,0.999999999625,0.000624609375609,3.89650265508e-07
1980,40,1603,1603,626,226,2,2,0.000623830318153,0.000623830318153,-3.89164265702e-07,0.999999999625,0.000624609375609,3.89650265508e-07
1980,40,1603,1603,626,227,2,2,0.000623830318153,0.000623830318153,-3.89164265702e-07,0.999999999625,0.000624609375609,3.89650265508e-07
1980,40,1603,1603,626,232,2,2,0.000623830318153,0.000623830318153,-3.89164265702e-07,0.999999999625,0.000624609375609,3.89650265508e-07
1980,40,1603,1603,626,233,2,2,0.000623830318153,0.000623830318153,-3.89164265702e-07,0.999999999625,0.000624609375609,3.89650265508e-07
1980,40,1603,1603,626,240,2,2,0.000623830318153,0.00187149095446,-1.16749279755e-06,1.00000000001,0.00187617041199,1.17041198502e-06
1980,40,1603,1603,626,244,2,2,0.000623830318153,0.000623830318153,-3.89164265702e-07,0.999999999625,0.000624609375609,3.89650265508e-07
1980,40,1603,1603,626,245,2,2,0.000623830318153,0.000623830318153,-3.89164265702e-07,0.999999999625,0.000624609375609,3.89650265508e-07
1980,40,1603,1603,628,15,5,2,0.000623830318153,0.000623830318153,NaN,NaN,0.00628138242138,9.79629198593e-07
1980,40,1603,1603,628,20,5,3,0.000623830318153,0.000623830318153,NaN,NaN,0.0125706116665,9.80241084413e-07
1980,40,1603,1603,628,22,5,2,0.000623830318153,0.00124766063631,NaN,NaN,0.0125706116665,1.96048216883e-06
1980,40,1603,1603,628,26,5,2,0.000623830318153,0.00374298190892,NaN,NaN,0.0378062916933,5.89617774382e-06
1980,40,1603,1603,628,33,5,2,0.000623830318153,0.000623830318153,NaN,NaN,0.00628138242138,9.79629198593e-07
1980,40,1603,1603,628,35,5,2,0.000623830318153,0.000623830318153,NaN,NaN,0.00628138242138,9.79629198593e-07
1980,40,1603,1603,628,46,5,3,0.000623830318153,0.000623830318153,NaN,NaN,0.0125706116665,9.80241084413e-07
1980,40,1603,1603,628,48,5,2,0.000623830318153,0.000623830318153,NaN,NaN,0.00628138242138,9.79629198593e-07
1980,40,1603,1603,628,49,5,2,0.000623830318153,0.000623830318153,NaN,NaN,0.00628138242138,9.79629198593e-07
1980,40,1603,1603,628,55,5,2,0.000623830318153,0.000623830318153,NaN,NaN,0.00628138242138,9.79629198593e-07
1980,40,1603,1603,628,60,5,2,0.000623830318153,0.000623830318153,NaN,NaN,0.00628138242138,9.79629198593e-07
1980,40,1603,1603,628,64,5,2,0.000623830318153,0.00249532127261,NaN,NaN,0.0251726695161,3.92586860824e-06
1980,40,1603,1603,628,73,5,2,0.000623830318153,0.000623830318153,NaN,NaN,0.00628138242138,9.79629198593e-07
1980,40,1603,1603,628,77,5,2,0.000623830318153,0.00374298190892,NaN,NaN,951.897314003,0.148455601061
1980,40,1603,1603,628,94,5,2,0.000623830318153,0.000623830318153,NaN,NaN,0.00628138242138,9.79629198593e-07
1980,40,1603,1603,628,97,5,3,0.000623830318153,0.000623830318153,NaN,NaN,0.0125706116665,9.80241084413e-07
1980,40,1603,1603,628,101,5,2,0.000623830318153,0.00124766063631,NaN,NaN,0.0125706116665,1.96048216883e-06
1980,40,1603,1603,628,105,5,2,0.000623830318153,0.292576419214,NaN,NaN,2.0101028353,0.000313490772816
1980,40,1603,1603,628,115,5,3,0.000623830318153,0.000623830318153,NaN,NaN,0.0125706116665,9.80241084413e-07
1980,40,1603,1603,628,123,5,3,0.000623830318153,0.000623830318153,NaN,NaN,0.0251726695161,1.96293430412e-06
1980,40,1603,1603,628,124,5,2,0.000623830318153,0.00187149095446,NaN,NaN,0.0188677024482,2.94256120527e-06
1980,40,1603,1603,628,130,5,2,0.000623830318153,0.000623830318153,NaN,NaN,1603.0,0.25
1980,40,1603,1603,628,131,5,2,0.000623830318153,0.00124766063631,NaN,NaN,0.0125706116665,1.96048216883e-06
1980,40,1603,1603,628,140,5,3,0.000623830318153,0.00124766063631,NaN,NaN,0.0568161679745,4.43045601798e-06
1980,40,1603,1603,628,146,5,2,0.000623830318153,0.000623830318153,NaN,NaN,0.00628138242138,9.79629198593e-07
1980,40,1603,1603,628,149,5,2,0.000623830318153,0.000623830318153,NaN,NaN,0.00628138242138,9.79629198593e-07
1980,40,1603,1603,628,157,5,2,0.000623830318153,0.00124766063631,NaN,NaN,0.0125706116665,1.96048216883e-06
1980,40,1603,1603,628,159,5,2,0.000623830318153,0.00374298190892,NaN,NaN,0.0378062916933,5.89617774382e-06
1980,40,1603,1603,628,164,5,2,0.000623830318153,0.000623830318153,NaN,NaN,0.00628138242138,9.79629198593e-07
1980,40,1603,1603,628,167,5,2,0.000623830318153,0.00311915159077,NaN,NaN,0.0314855276566,4.91040668381e-06
1980,40,1603,1603,628,177,5,2,0.000623830318153,0.000623830318153,NaN,NaN,0.00628138242138,9.79629198593e-07
1980,40,1603,1602,628,186,5,2,0.000624219725343,0.000624219725343,NaN,NaN,0.00628533046243,9.80856813738e-07
1980,40,1603,1603,628,188,5,2,0.000623830318153,0.00623830318153,NaN,NaN,0.0631687045766,9.85163826833e-06
1980,40,1603,1603,628,192,5,3,0.000623830318153,0.000623830318153,NaN,NaN,0.0125706116665,9.80241084413e-07
1980,40,1603,1603,628,198,5,2,0.000623830318153,0.00311915159077,NaN,NaN,0.0314855276566,4.91040668381e-06
1980,40,1603,1603,628,200,5,2,0.000623830318153,0.00124766063631,NaN,NaN,0.0125706116665,1.96048216883e-06
1980,40,1603,1603,628,207,5,2,0.000623830318153,0.008109794136,NaN,NaN,0.0822742580551,1.28312941446e-05
1980,40,1603,1603,628,208,5,2,0.000623830318153,0.000623830318153,NaN,NaN,0.00628138242138,9.79629198593e-07
1980,40,1603,1603,628,211,5,2,0.000623830318153,0.000623830318153,NaN,NaN,0.00628138242138,9.79629198593e-07
1980,40,1603,1603,628,215,5,2,0.000623830318153,0.00124766063631,NaN,NaN,0.0125706116665,1.96048216883e-06
1980,40,1603,1603,628,218,5,3,0.000623830318153,0.00124766063631,NaN,NaN,0.0504715969357,3.93571404676e-06
1980,40,1603,1603,628,220,5,2,0.000623830318153,0.00124766063631,NaN,NaN,0.0125706116665,1.96048216883e-06
1980,40,1603,1603,628,221,5,3,0.000623830318153,0.000623830318153,NaN,NaN,0.0125706116665,9.80241084413e-07
1980,40,1603,1603,628,222,5,2,0.000623830318153,0.000623830318153,NaN,NaN,0.00628138242138,9.79629198593e-07
1980,40,1603,1603,628,226,5,2,0.000623830318153,0.000623830318153,NaN,NaN,0.00628138242138,9.79629198593e-07
1980,40,1603,1603,628,227,5,2,0.000623830318153,0.000623830318153,NaN,NaN,0.00628138242138,9.79629198593e-07
1980,40,1603,1603,628,232,5,2,0.000623830318153,0.000623830318153,NaN,NaN,0.00628138242138,9.79629198593e-07
1980,40,1603,1603,628,233,5,2,0.000623830318153,0.000623830318153,NaN,NaN,0.00628138242138,9.79629198593e-07
1980,40,1603,1603,628,240,5,2,0.000623830318153,0.00187149095446,NaN,NaN,0.0188677024482,2.94256120527e-06
1980,40,1603,1603,628,244,5,2,0.000623830318153,0.000623830318153,NaN,NaN,0.00628138242138,9.79629198593e-07
1980,40,1603,1603,628,245,5,2,0.000623830318153,0.000623830318153,NaN,NaN,0.00628138242138,9.79629198593e-07
1980,40,1603,1603,630,15,2,2,0.00187149095446,0.000623830318153,-1.16749279755e-06,1.00000000001,0.00187617041199,1.17041198502e-06
1980,40,1603,1603,630,20,2,3,0.00187149095446,0.000623830318153,NaN,NaN,0.00375468457214,1.1711430356e-06
1980,40,1603,1603,630,22,2,2,0.00187149095446,0.00124766063631,-2.33498559521e-06,1.00000000005,0.00375468457214,2.34228607121e-06
1980,40,1603,1603,630,26,2,2,0.00187149095446,0.00374298190892,-7.00495678529e-06,1.00000000001,0.0112922667502,7.04445835942e-06
1980,40,1603,1603,630,33,2,2,0.00187149095446,0.000623830318153,-1.16749279755e-06,1.00000000001,0.00187617041199,1.17041198502e-06
1980,40,1603,1603,630,35,2,2,0.00187149095446,0.000623830318153,-1.16749279755e-06,1.00000000001,0.00187617041199,1.17041198502e-06
1980,40,1603,1603,630,46,2,3,0.00187149095446,0.000623830318153,NaN,NaN,0.00375468457214,1.1711430356e-06
1980,40,1603,1603,630,48,2,2,0.00187149095446,0.000623830318153,-1.16749279755e-06,1.00000000001,0.00187617041199,1.17041198502e-06
1980,40,1603,1603,630,49,2,2,0.00187149095446,0.000623830318153,-1.16749279755e-06,1.00000000001,0.00187617041199,1.17041198502e-06
1980,40,1603,1603,630,55,2,2,0.00187149095446,0.000623830318153,-1.16749279755e-06,1.00000000001,0.00187617041199,1.17041198502e-06
1980,40,1603,1603,630,60,2,2,0.00187149095446,0.000623830318153,-1.16749279755e-06,1.00000000001,0.00187617041199,1.17041198502e-06
1980,40,1603,1603,630,64,2,2,0.00187149095446,0.00249532127261,-4.6699711902e-06,1.00000000001,0.00751876172608,4.6904315197e-06
1980,40,1603,1603,630,73,2,2,0.00187149095446,0.000623830318153,-1.16749279755e-06,1.00000000001,0.00187617041199,1.17041198502e-06
1980,40,1603,1603,630,77,2,2,0.00187149095446,0.00374298190892,-7.00495678529e-06,1.00000000001,0.0112922667502,7.04445835942e-06
1980,40,1603,1603,630,94,2,2,0.00187149095446,0.000623830318153,-1.16749279755e-06,1.00000000001,0.00187617041199,1.17041198502e-06
1980,40,1603,1603,630,97,2,3,0.00187149095446,0.000623830318153,NaN,NaN,0.00375468457214,1.1711430356e-06
1980,40,1603,1603,630,101,2,2,0.00187149095446,0.00124766063631,-2.33498559521e-06,1.00000000005,0.00375468457214,2.34228607121e-06
1980,40,1603,1603,630,105,2,2,0.00187149095446,0.292576419214,-0.000547554122047,1.0,1.24306712963,0.000775462962963
1980,40,1603,1603,630,115,2,3,0.00187149095446,0.000623830318153,NaN,NaN,0.00375468457214,1.1711430356e-06
1980,40,1603,1603,630,123,2,3,0.00187149095446,0.000623830318153,NaN,NaN,0.00751876172608,2.34521575985e-06
1980,40,1603,1603,630,124,2,2,0.00187149095446,0.00187149095446,-3.50247839265e-06,1.00000000001,0.005635546875,3.515625e-06
1980,40,1603,1603,630,130,2,2,0.00187149095446,0.000623830318153,-1.16749279755e-06,1.00000000001,0.00187617041199,1.17041198502e-06
1980,40,1603,1603,630,131,2,2,0.00187149095446,0.00124766063631,-2.33498559521e-06,1.00000000005,0.00375468457214,2.34228607121e-06
1980,40,1603,1603,630,140,2,3,0.00187149095446,0.00124766063631,NaN,NaN,0.0169702791719,5.29328732748e-06
1980,40,1603,1603,630,146,2,2,0.00187149095446,0.000623830318153,-1.16749279755e-06,1.00000000001,0.00187617041199,1.17041198502e-06
1980,40,1603,1603,630,149,2,2,0.00187149095446,0.000623830318153,-1.16749279755e-06,1.00000000001,0.00187617041199,1.17041198502e-06
1980,40,1603,1603,630,157,2,2,0.00187149095446,0.00124766063631,-2.33498559521e-06,1.00000000005,0.00375468457214,2.34228607121e-06
1980,40,1603,1603,630,159,2,2,0.00187149095446,0.00374298190892,-7.00495678529e-06,1.00000000001,0.0112922667502,7.04445835942e-06
1980,40,1603,1603,630,164,2,2,0.00187149095446,0.000623830318153,-1.16749279755e-06,1.00000000001,0.00187617041199,1.17041198502e-06
1980,40,1603,1603,630,167,2,2,0.00187149095446,0.00311915159077,-5.83746398775e-06,1.00000000001,0.00940433354193,5.86670838548e-06
1980,40,1603,1603,630,177,2,2,0.00187149095446,0.000623830318153,-1.16749279755e-06,1.00000000001,0.00187617041199,1.17041198502e-06
1980,40,1603,1602,630,186,2,2,0.00187265917603,0.000624219725343,-1.16895079649e-06,0.999999999974,0.00187734448334,1.17187545776e-06
1980,40,1603,1603,630,188,2,2,0.00187149095446,0.00623830318153,-1.16749279754e-05,0.999999999996,0.0188677024482,1.17702448211e-05
1980,40,1603,1603,630,192,2,3,0.00187149095446,0.000623830318153,NaN,NaN,0.00375468457214,1.1711430356e-06
1980,40,1603,1603,630,198,2,2,0.00187149095446,0.00311915159077,-5.83746398775e-06,1.00000000001,0.00940433354193,5.86670838548e-06
1980,40,1603,1603,630,200,2,2,0.00187149095446,0.00124766063631,-2.33498559521e-06,1.00000000005,0.00375468457214,2.34228607121e-06
1980,40,1603,1603,630,207,2,2,0.00187149095446,0.008109794136,-1.5177406368e-05,0.999999999999,0.0245742924528,1.53301886792e-05
1980,40,1603,1603,630,208,2,2,0.00187149095446,0.000623830318153,-1.16749279755e-06,1.00000000001,0.00187617041199,1.17041198502e-06
1980,40,1603,1603,630,211,2,2,0.00187149095446,0.000623830318153,-1.16749279755e-06,1.00000000001,0.00187617041199,1.17041198502e-06
1980,40,1603,1603,630,215,2,2,0.00187149095446,0.00124766063631,-2.33498559521e-06,1.00000000005,0.00375468457214,2.34228607121e-06
1980,40,1603,1603,630,218,2,3,0.00187149095446,0.00124766063631,NaN,NaN,0.0150752351097,4.70219435737e-06
1980,40,1603,1603,630,220,2,2,0.00187149095446,0.00124766063631,-2.33498559521e-06,1.00000000005,0.00375468457214,2.34228607121e-06
1980,40,1603,1603,630,221,2,3,0.00187149095446,0.000623830318153,NaN,NaN,0.00375468457214,1.1711430356e-06
1980,40,1603,1603,630,222,2,2,0.00187149095446,0.000623830318153,-1.16749279755e-06,1.00000000001,0.00187617041199,1.17041198502e-06
1980,40,1603,1603,630,226,2,2,0.00187149095446,0.000623830318153,-1.16749279755e-06,1.00000000001,0.00187617041199,1.17041198502e-06
1980,40,1603,1603,630,227,2,2,0.00187149095446,0.000623830318153,-1.16749279755e-06,1.00000000001,0.00187617041199,1.17041198502e-06
1980,40,1603,1603,630,232,2,2,0.00187149095446,0.000623830318153,-1.16749279755e-06,1.00000000001,0.00187617041199,1.17041198502e-06
1980,40,1603,1603,630,233,2,2,0.00187149095446,0.000623830318153,-1.16749279755e-06,1.00000000001,0.00187617041199,1.17041198502e-06
1980,40,1603,1603,630,240,2,2,0.00187149095446,0.00187149095446,-3.50247839265e-06,1.00000000001,0.005635546875,3.515625e-06
1980,40,1603,1603,630,244,2,2,0.00187149095446,0.000623830318153,-1.16749279755e-06,1.00000000001,0.00187617041199,1.17041198502e-06
1980,40,1603,1603,630,245,2,2,0.00187149095446,0.000623830318153,-1.16749279755e-06,1.00000000001,0.00187617041199,1.17041198502e-06
1980,40,1603,1603,633,15,2,2,0.00187149095446,0.000623830318153,-1.16749279755e-06,1.00000000001,0.00187617041199,1.17041198502e-06
1980,40,1603,1603,633,20,2,3,0.00187149095446,0.000623830318153,NaN,NaN,0.00375468457214,1.1711430356e-06
1980,40,1603,1603,633,22,2,2,0.00187149095446,0.00124766063631,-2.33498559521e-06,1.00000000005,0.00375468457214,2.34228607121e-06
1980,40,1603,1603,633,26,2,2,0.00187149095446,0.00374298190892,-7.00495678529e-06,1.00000000001,0.0112922667502,7.04445835942e-06
1980,40,1603,1603,633,33,2,2,0.00187149095446,0.000623830318153,-1.16749279755e-06,1.00000000001,0.00187617041199,1.17041198502e-06
1980,40,1603,1603,633,35,2,2,0.00187149095446,0.000623830318153,-1.16749279755e-06,1.00000000001,0.00187617041199,1.17041198502e-06
1980,40,1603,1603,633,46,2,3,0.00187149095446,0.000623830318153,NaN,NaN,0.00375468457214,1.1711430356e-06
1980,40,1603,1603,633,48,2,2,0.00187149095446,0.000623830318153,-1.16749279755e-06,1.00000000001,0.00187617041199,1.17041198502e-06
1980,40,1603,1603,633,49,2,2,0.00187149095446,0.000623830318153,-1.16749279755e-06,1.00000000001,0.00187617041199,1.17041198502e-06
1980,40,1603,1603,633,55,2,2,0.00187149095446,0.000623830318153,-1.16749279755e-06,1.00000000001,0.00187617041199,1.17041198502e-06
1980,40,1603,1603,633,60,2,2,0.00187149095446,0.000623830318153,-1.16749279755e-06,1.00000000001,0.00187617041199,1.17041198502e-06
1980,40,1603,1603,633,64,2,2,0.00187149095446,0.00249532127261,-4.6699711902e-06,1.00000000001,0.00751876172608,4.6904315197e-06
1980,40,1603,1603,633,73,2,2,0.00187149095446,0.000623830318153,-1.16749279755e-06,1.00000000001,0.00187617041199,1.17041198502e-06
1980,40,1603,1603,633,77,2,2,0.00187149095446,0.00374298190892,-7.00495678529e-06,1.00000000001,0.0112922667502,7.04445835942e-06
1980,40,1603,1603,633,94,2,2,0.00187149095446,0.000623830318153,-1.16749279755e-06,1.00000000001,0.00187617041199,1.17041198502e-06
1980,40,1603,1603,633,97,2,3,0.00187149095446,0.000623830318153,NaN,NaN,0.00375468457214,1.1711430356e-06
1980,40,1603,1603,633,101,2,2,0.00187149095446,0.00124766063631,-2.33498559521e-06,1.00000000005,0.00375468457214,2.34228607121e-06
1980,40,1603,1603,633,105,2,2,0.00187149095446,0.292576419214,-0.000547554122047,1.0,1.24306712963,0.000775462962963
1980,40,1603,1603,633,115,2,3,0.00187149095446,0.000623830318153,NaN,NaN,0.00375468457214,1.1711430356e-06
1980,40,1603,1603,633,123,2,3,0.00187149095446,0.000623830318153,NaN,NaN,0.00751876172608,2.34521575985e-06
1980,40,1603,1603,633,124,2,2,0.00187149095446,0.00187149095446,-3.50247839265e-06,1.00000000001,0.005635546875,3.515625e-06
1980,40,1603,1603,633,130,2,2,0.00187149095446,0.000623830318153,-1.16749279755e-06,1.00000000001,0.00187617041199,1.17041198502e-06
1980,40,1603,1603,633,131,2,2,0.00187149095446,0.00124766063631,-2.33498559521e-06,1.00000000005,0.00375468457214,2.34228607121e-06
1980,40,1603,1603,633,140,2,3,0.00187149095446,0.00124766063631,NaN,NaN,0.0169702791719,5.29328732748e-06
1980,40,1603,1603,633,146,2,2,0.00187149095446,0.000623830318153,-1.16749279755e-06,1.00000000001,0.00187617041199,1.17041198502e-06
1980,40,1603,1603,633,149,2,2,0.00187149095446,0.000623830318153,-1.16749279755e-06,1.00000000001,0.00187617041199,1.17041198502e-06
1980,40,1603,1603,633,157,2,2,0.00187149095446,0.00124766063631,-2.33498559521e-06,1.00000000005,0.00375468457214,2.34228607121e-06
1980,40,1603,1603,633,159,2,2,0.00187149095446,0.00374298190892,-7.00495678529e-06,1.00000000001,0.0112922667502,7.04445835942e-06
1980,40,1603,1603,633,164,2,2,0.00187149095446,0.000623830318153,-1.16749279755e-06,1.00000000001,0.00187617041199,1.17041198502e-06
1980,40,1603,1603,633,167,2,2,0.00187149095446,0.00311915159077,-5.83746398775e-06,1.00000000001,0.00940433354193,5.86670838548e-06
1980,40,1603,1603,633,177,2,2,0.00187149095446,0.000623830318153,-1.16749279755e-06,1.00000000001,0.00187617041199,1.17041198502e-06
1980,40,1603,1602,633,186,2,2,0.00187265917603,0.000624219725343,-1.16895079649e-06,0.999999999974,0.00187734448334,1.17187545776e-06
1980,40,1603,1603,633,188,2,2,0.00187149095446,0.00623830318153,-1.16749279754e-05,0.999999999996,0.0188677024482,1.17702448211e-05
1980,40,1603,1603,633,192,2,3,0.00187149095446,0.000623830318153,NaN,NaN,0.00375468457214,1.1711430356e-06
1980,40,1603,1603,633,198,2,2,0.00187149095446,0.00311915159077,-5.83746398775e-06,1.00000000001,0.00940433354193,5.86670838548e-06
1980,40,1603,1603,633,200,2,2,0.00187149095446,0.00124766063631,-2.33498559521e-06,1.00000000005,0.00375468457214,2.34228607121e-06
1980,40,1603,1603,633,207,2,2,0.00187149095446,0.008109794136,-1.5177406368e-05,0.999999999999,0.0245742924528,1.53301886792e-05
1980,40,1603,1603,633,208,2,2,0.00187149095446,0.000623830318153,-1.16749279755e-06,1.00000000001,0.00187617041199,1.17041198502e-06
1980,40,1603,1603,633,211,2,2,0.00187149095446,0.000623830318153,-1.16749279755e-06,1.00000000001,0.00187617041199,1.17041198502e-06
1980,40,1603,1603,633,215,2,2,0.00187149095446,0.00124766063631,-2.33498559521e-06,1.00000000005,0.00375468457214,2.34228607121e-06
1980,40,1603,1603,633,218,2,3,0.00187149095446,0.00124766063631,NaN,NaN,0.0150752351097,4.70219435737e-06
1980,40,1603,1603,633,220,2,2,0.00187149095446,0.00124766063631,-2.33498559521e-06,1.00000000005,0.00375468457214,2.34228607121e-06
1980,40,1603,1603,633,221,2,3,0.00187149095446,0.000623830318153,NaN,NaN,0.00375468457214,1.1711430356e-06
1980,40,1603,1603,633,222,2,2,0.00187149095446,0.000623830318153,-1.16749279755e-06,1.00000000001,0.00187617041199,1.17041198502e-06
1980,40,1603,1603,633,226,2,2,0.00187149095446,0.000623830318153,-1.16749279755e-06,1.00000000001,0.00187617041199,1.17041198502e-06
1980,40,1603,1603,633,227,2,2,0.00187149095446,0.000623830318153,-1.16749279755e-06,1.00000000001,0.00187617041199,1.17041198502e-06
1980,40,1603,1603,633,232,2,2,0.00187149095446,0.000623830318153,-1.16749279755e-06,1.00000000001,0.00187617041199,1.17041198502e-06
1980,40,1603,1603,633,233,2,2,0.00187149095446,0.000623830318153,-1.16749279755e-06,1.00000000001,0.00187617041199,1.17041198502e-06
1980,40,1603,1603,633,240,2,2,0.00187149095446,0.00187149095446,-3.50247839265e-06,1.00000000001,0.005635546875,3.515625e-06
1980,40,1603,1603,633,244,2,2,0.00187149095446,0.000623830318153,-1.16749279755e-06,1.00000000001,0.00187617041199,1.17041198502e-06
1980,40,1603,1603,633,245,2,2,0.00187149095446,0.000623830318153,-1.16749279755e-06,1.00000000001,0.00187617041199,1.17041198502e-06
1980,40,1603,1603,642,15,2,2,0.431690580162,0.000623830318153,0.000354528646187,1.0,1.31729575747,0.000821769031485
1980,40,1603,1603,642,20,2,3,0.431690580162,0.000623830318153,NaN,NaN,2.07612633786,0.000647575276936
1980,40,1603,1603,642,22,2,2,0.431690580162,0.00124766063631,8.52269742205e-05,0.120197585071,0.03808692871,2.37597808547e-05
1980,40,1603,1603,642,26,2,2,0.431690580162,0.00374298190892,0.00212717187712,1.0,7.92852023845,0.00494605130284
1980,40,1603,1603,642,33,2,2,0.431690580162,0.000623830318153,0.000354528646187,1.0,1.31729575747,0.000821769031485
1980,40,1603,1603,642,35,2,2,0.431690580162,0.000623830318153,-0.000269301671966,1.0,0.760078990176,0.000474160318263
1980,40,1603,1603,642,46,2,3,0.431690580162,0.000623830318153,NaN,NaN,1.52110748565,0.000474456483359
1980,40,1603,1603,642,48,2,2,0.431690580162,0.000623830318153,0.000354528646187,1.0,1.31729575747,0.000821769031485
1980,40,1603,1603,642,49,2,2,0.431690580162,0.000623830318153,-0.000269301671966,1.0,0.760078990176,0.000474160318263
1980,40,1603,1603,642,55,2,2,0.431690580162,0.000623830318153,0.000354528646187,1.0,1.31729575747,0.000821769031485
1980,40,1603,1603,642,60,2,2,0.431690580162,0.000623830318153,0.000354528646187,1.0,1.31729575747,0.000821769031485
1980,40,1603,1603,642,64,2,2,0.431690580162,0.00249532127261,-0.00107720668787,1.0,3.04602011823,0.00190019969946
1980,40,1603,1603,642,73,2,2,0.431690580162,0.000623830318153,-0.000269301671966,1.0,0.760078990176,0.000474160318263
1980,40,1603,1603,642,77,2,2,0.431690580162,0.00374298190892,-0.0016158100318,1.0,4.57475219384,0.00285386911656
1980,40,1603,1603,642,94,2,2,0.431690580162,0.000623830318153,-0.000269301671966,1.0,0.760078990176,0.000474160318263
1980,40,1603,1603,642,97,2,3,0.431690580162,0.000623830318153,NaN,NaN,2.63623710614,0.000822282316327
1980,40,1603,1603,642,101,2,2,0.431690580162,0.00124766063631,0.000709057292374,1.0,2.63623710614,0.00164456463265
1980,40,1603,1603,642,105,2,2,0.431690580162,0.292576419214,0.124477303745,0.748627881449,489.144966024,0.305143459778
1980,40,1603,1603,642,115,2,3,0.431690580162,0.000623830318153,NaN,NaN,2.07612633786,0.000647575276936
1980,40,1603,1603,642,123,2,3,0.431690580162,0.000623830318153,NaN,NaN,1.43496207372,0.000447586423494
1980,40,1603,1603,642,124,2,2,0.431690580162,0.00187149095446,-0.000807905015899,1.0,2.28308726674,0.00142425905598
1980,40,1603,1603,642,130,2,2,0.431690580162,0.000623830318153,0.000354528646187,1.0,1.31729575747,0.000821769031485
1980,40,1603,1603,642,131,2,2,0.431690580162,0.00124766063631,0.000709057292374,1.0,2.63623710614,0.00164456463265
1980,40,1603,1603,642,140,2,3,0.431690580162,0.00124766063631,NaN,NaN,5.37656003314,0.00167703057802
1980,40,1603,1603,642,146,2,2,0.431690580162,0.000623830318153,0.000354528646187,1.0,1.31729575747,0.000821769031485
1980,40,1603,1603,642,149,2,2,0.431690580162,0.000623830318153,0.000354528646187,1.0,1.31729575747,0.000821769031485
1980,40,1603,1603,642,157,2,2,0.431690580162,0.00124766063631,-0.000538603343933,1.0,1.52110748565,0.000948912966717
1980,40,1603,1603,642,159,2,2,0.431690580162,0.00374298190892,0.000255680922662,0.120197585071,0.114546974699,7.14578756699e-05
1980,40,1603,1603,642,164,2,2,0.431690580162,0.000623830318153,-0.000269301671966,1.0,0.760078990176,0.000474160318263
1980,40,1603,1603,642,167,2,2,0.431690580162,0.00311915159077,-0.000722678041679,0.536705202312,1.09745337668,0.000684624689131
1980,40,1603,1603,642,177,2,2,0.431690580162,0.000623830318153,-0.000269301671966,1.0,0.760078990176,0.000474160318263
1980,40,1603,1602,642,186,2,2,0.431335830212,0.000624219725343,-0.000269248333466,1.0,0.758980905869,0.000473770852602
1980,40,1603,1603,642,188,2,2,0.431690580162,0.00623830318153,-0.00269301671966,1.0,7.64373221758,0.00476839190118
1980,40,1603,1603,642,192,2,3,0.431690580162,0.000623830318153,NaN,NaN,2.07612633786,0.000647575276936
1980,40,1603,1603,642,198,2,2,0.431690580162,0.00311915159077,-9.88477235252e-05,0.0734104046242,0.0205319266864,1.28084383571e-05
1980,40,1603,1603,642,200,2,2,0.431690580162,0.00124766063631,8.52269742205e-05,0.120197585071,0.03808692871,2.37597808547e-05
1980,40,1603,1603,642,207,2,2,0.431690580162,0.008109794136,0.00211355112782,0.458583129275,3.62850879328,0.00226357379493
1980,40,1603,1603,642,208,2,2,0.431690580162,0.000623830318153,-0.000269301671966,1.0,0.760078990176,0.000474160318263
1980,40,1603,1603,642,211,2,2,0.431690580162,0.000623830318153,0.000354528646187,1.0,1.31729575747,0.000821769031485
1980,40,1603,1603,642,215,2,2,0.431690580162,0.00124766063631,-0.000538603343933,1.0,1.52110748565,0.000948912966717
1980,40,1603,1603,642,218,2,3,0.431690580162,0.00124766063631,NaN,NaN,1.39448504745,0.000434961025405
1980,40,1603,1603,642,220,2,2,0.431690580162,0.00124766063631,8.52269742205e-05,0.120197585071,0.03808692871,2.37597808547e-05
1980,40,1603,1603,642,221,2,3,0.431690580162,0.000623830318153,NaN,NaN,2.07612633786,0.000647575276936
1980,40,1603,1603,642,222,2,2,0.431690580162,0.000623830318153,0.000354528646187,1.0,1.31729575747,0.000821769031485
1980,40,1603,1603,642,226,2,2,0.431690580162,0.000623830318153,0.000354528646187,1.0,1.31729575747,0.000821769031485
1980,40,1603,1603,642,227,2,2,0.431690580162,0.000623830318153,0.000354528646187,1.0,1.31729575747,0.000821769031485
1980,40,1603,1603,642,232,2,2,0.431690580162,0.000623830318153,0.000354528646187,1.0,1.31729575747,0.000821769031485
1980,40,1603,1603,642,233,2,2,0.431690580162,0.000623830318153,-0.000269301671966,1.0,0.760078990176,0.000474160318263
1980,40,1603,1603,642,240,2,2,0.431690580162,0.00187149095446,0.000439755620408,0.413465056714,0.676432865861,0.00042197932992
1980,40,1603,1603,642,244,2,2,0.431690580162,0.000623830318153,0.000354528646187,1.0,1.31729575747,0.000821769031485
1980,40,1603,1603,642,245,2,2,0.431690580162,0.000623830318153,-0.000269301671966,1.0,0.760078990176,0.000474160318263
1980,40,1603,1603,643,15,2,2,0.0224578914535,0.000623830318153,-1.40099135705e-05,0.999999999998,0.0229881760754,1.43407211949e-05
1980,40,1603,1603,643,20,2,3,0.0224578914535,0.000623830318153,NaN,NaN,0.0460050694225,1.43496785473e-05
1980,40,1603,1603,643,22,2,2,0.0224578914535,0.00124766063631,-2.80198271412e-05,1.00000000001,0.0460050694225,2.86993570945e-05
1980,40,1603,1603,643,26,2,2,0.0224578914535,0.00374298190892,-8.40594814231e-05,1.0,0.13836089445,8.63137208047e-05
1980,40,1603,1603,643,33,2,2,0.0224578914535,0.000623830318153,-1.40099135705e-05,0.999999999998,0.0229881760754,1.43407211949e-05
1980,40,1603,1603,643,35,2,2,0.0224578914535,0.000623830318153,-1.40099135705e-05,0.999999999998,0.0229881760754,1.43407211949e-05
1980,40,1603,1603,643,46,2,3,0.0224578914535,0.000623830318153,NaN,NaN,0.0460050694225,1.43496785473e-05
1980,40,1603,1603,643,48,2,2,0.0224578914535,0.000623830318153,-1.40099135705e-05,0.999999999998,0.0229881760754,1.43407211949e-05
1980,40,1603,1603,643,49,2,2,0.0224578914535,0.000623830318153,-1.40099135705e-05,0.999999999998,0.0229881760754,1.43407211949e-05
1980,40,1603,1603,643,55,2,2,0.0224578914535,0.000623830318153,-1.40099135705e-05,0.999999999998,0.0229881760754,1.43407211949e-05
1980,40,1603,1603,643,60,2,2,0.0224578914535,0.000623830318153,-1.40099135705e-05,0.999999999998,0.0229881760754,1.43407211949e-05
1980,40,1603,1603,643,64,2,2,0.0224578914535,0.00249532127261,-5.6039654282e-05,1.0,0.0921252234465,5.74705074526e-05
1980,40,1603,1603,643,73,2,2,0.0224578914535,0.000623830318153,-1.40099135705e-05,0.999999999998,0.0229881760754,1.43407211949e-05
1980,40,1603,1603,643,77,2,2,0.0224578914535,0.00374298190892,-8.40594814231e-05,1.0,0.13836089445,8.63137208047e-05
1980,40,1603,1603,643,94,2,2,0.0224578914535,0.000623830318153,-1.40099135705e-05,0.999999999998,0.0229881760754,1.43407211949e-05
1980,40,1603,1603,643,97,2,3,0.0224578914535,0.000623830318153,NaN,NaN,0.0460050694225,1.43496785473e-05
1980,40,1603,1603,643,101,2,2,0.0224578914535,0.00124766063631,-2.80198271412e-05,1.00000000001,0.0460050694225,2.86993570945e-05
1980,40,1603,1603,643,105,2,2,0.0224578914535,0.292576419214,0.01214426008,0.764403292181,52.0298215251,0.0324577801155
1980,40,1603,1603,643,115,2,3,0.0224578914535,0.000623830318153,NaN,NaN,0.0460050694225,1.43496785473e-05
1980,40,1603,1603,643,123,2,3,0.0224578914535,0.000623830318153,NaN,NaN,0.0921252234465,2.87352537263e-05
1980,40,1603,1603,643,124,2,2,0.0224578914535,0.00187149095446,-4.20297407115e-05,1.0,0.0690507338864,4.30759412891e-05
1980,40,1603,1603,643,130,2,2,0.0224578914535,0.000623830318153,-1.40099135705e-05,0.999999999998,0.0229881760754,1.43407211949e-05
1980,40,1603,1603,643,131,2,2,0.0224578914535,0.00124766063631,-2.80198271412e-05,1.00000000001,0.0460050694225,2.86993570945e-05
1980,40,1603,1603,643,140,2,3,0.0224578914535,0.00124766063631,NaN,NaN,0.207931946458,6.48571261567e-05
1980,40,1603,1603,643,146,2,2,0.0224578914535,0.000623830318153,-1.40099135705e-05,0.999999999998,0.0229881760754,1.43407211949e-05
1980,40,1603,1603,643,149,2,2,0.0224578914535,0.000623830318153,-1.40099135705e-05,0.999999999998,0.0229881760754,1.43407211949e-05
1980,40,1603,1603,643,157,2,2,0.0224578914535,0.00124766063631,-2.80198271412e-05,1.00000000001,0.0460050694225,2.86993570945e-05
1980,40,1603,1603,643,159,2,2,0.0224578914535,0.00374298190892,-8.40594814231e-05,1.0,0.13836089445,8.63137208047e-05
1980,40,1603,1603,643,164,2,2,0.0224578914535,0.000623830318153,-1.40099135705e-05,0.999999999998,0.0229881760754,1.43407211949e-05
1980,40,1603,1603,643,167,2,2,0.0224578914535,0.00311915159077,-7.00495678525e-05,0.999999999999,0.115228592218,7.18830893435e-05
1980,40,1603,1603,643,177,2,2,0.0224578914535,0.000623830318153,-1.40099135705e-05,0.999999999998,0.0229881760754,1.43407211949e-05
1980,40,1603,1602,643,186,2,2,0.0224719101124,0.000624219725343,-1.40274095581e-05,0.99999999999,0.0230028645889,1.43588418158e-05
1980,40,1603,1603,643,188,2,2,0.0224578914535,0.00623830318153,-0.000140099135705,1.0,0.231180527764,0.000144217422186
1980,40,1603,1603,643,192,2,3,0.0224578914535,0.000623830318153,NaN,NaN,0.0460050694225,1.43496785473e-05
1980,40,1603,1603,643,198,2,2,0.0224578914535,0.00311915159077,-7.00495678525e-05,0.999999999999,0.115228592218,7.18830893435e-05
1980,40,1603,1603,643,200,2,2,0.0224578914535,0.00124766063631,0.000595810491012,0.488513082323,20.8013288057,0.0129764995669
1980,40,1603,1603,643,207,2,2,0.0224578914535,0.008109794136,0.00106553175989,0.1344067547,10.30595961,0.00642917006236
1980,40,1603,1603,643,208,2,2,0.0224578914535,0.000623830318153,-1.40099135705e-05,0.999999999998,0.0229881760754,1.43407211949e-05
1980,40,1603,1603,643,211,2,2,0.0224578914535,0.000623830318153,-1.40099135705e-05,0.999999999998,0.0229881760754,1.43407211949e-05
1980,40,1603,1603,643,215,2,2,0.0224578914535,0.00124766063631,-2.80198271412e-05,1.00000000001,0.0460050694225,2.86993570945e-05
1980,40,1603,1603,643,218,2,3,0.0224578914535,0.00124766063631,NaN,NaN,0.184712516979,5.76146341171e-05
1980,40,1603,1603,643,220,2,2,0.0224578914535,0.00124766063631,-2.80198271412e-05,1.00000000001,0.0460050694225,2.86993570945e-05
1980,40,1603,1603,643,221,2,3,0.0224578914535,0.000623830318153,NaN,NaN,0.0460050694225,1.43496785473e-05
1980,40,1603,1603,643,222,2,2,0.0224578914535,0.000623830318153,-1.40099135705e-05,0.999999999998,0.0229881760754,1.43407211949e-05
1980,40,1603,1603,643,226,2,2,0.0224578914535,0.000623830318153,-1.40099135705e-05,0.999999999998,0.0229881760754,1.43407211949e-05
1980,40,1603,1603,643,227,2,2,0.0224578914535,0.000623830318153,-1.40099135705e-05,0.999999999998,0.0229881760754,1.43407211949e-05
1980,40,1603,1603,643,232,2,2,0.0224578914535,0.000623830318153,-1.40099135705e-05,0.999999999998,0.0229881760754,1.43407211949e-05
1980,40,1603,1603,643,233,2,2,0.0224578914535,0.000623830318153,-1.40099135705e-05,0.999999999998,0.0229881760754,1.43407211949e-05
1980,40,1603,1603,643,240,2,2,0.0224578914535,0.00187149095446,-4.20297407115e-05,1.0,0.0690507338864,4.30759412891e-05
1980,40,1603,1603,643,244,2,2,0.0224578914535,0.000623830318153,-1.40099135705e-05,0.999999999998,0.0229881760754,1.43407211949e-05
1980,40,1603,1603,643,245,2,2,0.0224578914535,0.000623830318153,-1.40099135705e-05,0.999999999998,0.0229881760754,1.43407211949e-05
1980,40,1603,1603,644,15,4,2,0.000623830318153,0.000623830318153,NaN,NaN,0.0184358973139,3.83362389559e-06
1980,40,1603,1603,644,20,4,3,0.000623830318153,0.000623830318153,NaN,NaN,0.0368948251053,3.83601841395e-06
1980,40,1603,1603,644,22,4,2,0.000623830318153,0.00124766063631,NaN,NaN,0.0368948251053,7.67203682789e-06
1980,40,1603,1603,644,26,4,2,0.000623830318153,0.00374298190892,NaN,NaN,0.110961706312,2.30737588506e-05
1980,40,1603,1603,644,33,4,2,0.000623830318153,0.000623830318153,NaN,NaN,0.0184358973139,3.83362389559e-06
1980,40,1603,1603,644,35,4,2,0.000623830318153,0.000623830318153,NaN,NaN,0.0184358973139,3.83362389559e-06
1980,40,1603,1603,644,46,4,3,0.000623830318153,0.000623830318153,NaN,NaN,0.0368948251053,3.83601841395e-06
1980,40,1603,1603,644,48,4,2,0.000623830318153,0.000623830318153,NaN,NaN,0.0184358973139,3.83362389559e-06
1980,40,1603,1603,644,49,4,2,0.000623830318153,0.000623830318153,NaN,NaN,0.0184358973139,3.83362389559e-06
1980,40,1603,1603,644,55,4,2,0.000623830318153,0.000623830318153,NaN,NaN,0.0184358973139,3.83362389559e-06
1980,40,1603,1603,644,60,4,2,0.000623830318153,0.000623830318153,NaN,NaN,0.0184358973139,3.83362389559e-06
1980,40,1603,1603,644,64,4,2,0.000623830318153,0.00249532127261,NaN,NaN,17.418252361,0.00362201130401
1980,40,1603,1603,644,73,4,2,0.000623830318153,0.000623830318153,NaN,NaN,0.0184358973139,3.83362389559e-06
1980,40,1603,1603,644,77,4,2,0.000623830318153,0.00374298190892,NaN,NaN,0.110961706312,2.30737588506e-05
1980,40,1603,1603,644,94,4,2,0.000623830318153,0.000623830318153,NaN,NaN,0.0184358973139,3.83362389559e-06
1980,40,1603,1603,644,97,4,3,0.000623830318153,0.000623830318153,NaN,NaN,0.0368948251053,3.83601841395e-06
1980,40,1603,1603,644,101,4,2,0.000623830318153,0.00124766063631,NaN,NaN,0.0368948251053,7.67203682789e-06
1980,40,1603,1603,644,105,4,2,0.000623830318153,0.292576419214,NaN,NaN,5.02749969008,0.00104543557706
1980,40,1603,1603,644,115,4,3,0.000623830318153,0.000623830318153,NaN,NaN,0.0368948251053,3.83601841395e-06
1980,40,1603,1603,644,123,4,3,0.000623830318153,0.000623830318153,NaN,NaN,0.0738819449577,7.68163287146e-06
1980,40,1603,1603,644,124,4,2,0.000623830318153,0.00187149095446,NaN,NaN,0.0553768265565,1.15152477764e-05
1980,40,1603,1603,644,130,4,2,0.000623830318153,0.000623830318153,NaN,NaN,0.0184358973139,3.83362389559e-06
1980,40,1603,1603,644,131,4,2,0.000623830318153,0.00124766063631,NaN,NaN,0.0368948251053,7.67203682789e-06
1980,40,1603,1603,644,140,4,3,0.000623830318153,0.00124766063631,NaN,NaN,0.166755813972,1.73378887474e-05
1980,40,1603,1603,644,146,4,2,0.000623830318153,0.000623830318153,NaN,NaN,0.0184358973139,3.83362389559e-06
1980,40,1603,1603,644,149,4,2,0.000623830318153,0.000623830318153,NaN,NaN,0.0184358973139,3.83362389559e-06
1980,40,1603,1603,644,157,4,2,0.000623830318153,0.00124766063631,NaN,NaN,0.0368948251053,7.67203682789e-06
1980,40,1603,1603,644,159,4,2,0.000623830318153,0.00374298190892,NaN,NaN,0.110961706312,2.30737588506e-05
1980,40,1603,1603,644,164,4,2,0.000623830318153,0.000623830318153,NaN,NaN,0.0184358973139,3.83362389559e-06
1980,40,1603,1603,644,167,4,2,0.000623830318153,0.00311915159077,NaN,NaN,0.0924102237072,1.9216099752e-05
1980,40,1603,1603,644,177,4,2,0.000623830318153,0.000623830318153,NaN,NaN,0.0184358973139,3.83362389559e-06
1980,40,1603,1602,644,186,4,2,0.000624219725343,0.000624219725343,NaN,NaN,0.0184476247164,3.83845707791e-06
1980,40,1603,1603,644,188,4,2,0.000623830318153,0.00623830318153,NaN,NaN,0.185400549258,3.85528278765e-05
1980,40,1603,1603,644,192,4,3,0.000623830318153,0.000623830318153,NaN,NaN,0.0368948251053,3.83601841395e-06
1980,40,1603,1603,644,198,4,2,0.000623830318153,0.00311915159077,NaN,NaN,0.0924102237072,1.9216099752e-05
1980,40,1603,1603,644,200,4,2,0.000623830318153,0.00124766063631,NaN,NaN,0.0368948251053,7.67203682789e-06
1980,40,1603,1603,644,207,4,2,0.000623830318153,0.008109794136,NaN,NaN,0.2414754701,5.02132397795e-05
1980,40,1603,1603,644,208,4,2,0.000623830318153,0.000623830318153,NaN,NaN,0.0184358973139,3.83362389559e-06
1980,40,1603,1603,644,211,4,2,0.000623830318153,0.000623830318153,NaN,NaN,0.0184358973139,3.83362389559e-06
1980,40,1603,1603,644,215,4,2,0.000623830318153,0.00124766063631,NaN,NaN,0.0368948251053,7.67203682789e-06
1980,40,1603,1603,644,218,4,3,0.000623830318153,0.00124766063631,NaN,NaN,0.148134457664,1.5401794309e-05
1980,40,1603,1603,644,220,4,2,0.000623830318153,0.00124766063631,NaN,NaN,0.0368948251053,7.67203682789e-06
1980,40,1603,1603,644,221,4,3,0.000623830318153,0.000623830318153,NaN,NaN,0.0368948251053,3.83601841395e-06
1980,40,1603,1603,644,222,4,2,0.000623830318153,0.000623830318153,NaN,NaN,0.0184358973139,3.83362389559e-06
1980,40,1603,1603,644,226,4,2,0.000623830318153,0.000623830318153,NaN,NaN,0.0184358973139,3.83362389559e-06
1980,40,1603,1603,644,227,4,2,0.000623830318153,0.000623830318153,NaN,NaN,0.0184358973139,3.83362389559e-06
1980,40,1603,1603,644,232,4,2,0.000623830318153,0.000623830318153,NaN,NaN,0.0184358973139,3.83362389559e-06
1980,40,1603,1603,644,233,4,2,0.000623830318153,0.000623830318153,NaN,NaN,0.0184358973139,3.83362389559e-06
1980,40,1603,1603,644,240,4,2,0.000623830318153,0.00187149095446,NaN,NaN,0.0553768265565,1.15152477764e-05
1980,40,1603,1603,644,244,4,2,0.000623830318153,0.000623830318153,NaN,NaN,0.0184358973139,3.83362389559e-06
1980,40,1603,1603,644,245,4,2,0.000623830318153,0.000623830318153,NaN,NaN,0.0184358973139,3.83362389559e-06
1980,40,1603,1603,657,15,2,2,0.000623830318153,0.000623830318153,-3.89164265702e-07,0.999999999625,0.000624609375609,3.89650265508e-07
1980,40,1603,1603,657,20,2,3,0.000623830318153,0.000623830318153,NaN,NaN,0.00124999902527,3.89893644812e-07
1980,40,1603,1603,657,22,2,2,0.000623830318153,0.00124766063631,-7.78328531736e-07,1.00000000005,0.00124999902527,7.79787289623e-07
1980,40,1603,1603,657,26,2,2,0.000623830318153,0.00374298190892,-2.3349855951e-06,1.00000000001,0.00375938967962,2.3452212599e-06
1980,40,1603,1603,657,33,2,2,0.000623830318153,0.000623830318153,-3.89164265702e-07,0.999999999625,0.000624609375609,3.89650265508e-07
1980,40,1603,1603,657,35,2,2,0.000623830318153,0.000623830318153,-3.89164265702e-07,0.999999999625,0.000624609375609,3.89650265508e-07
1980,40,1603,1603,657,46,2,3,0.000623830318153,0.000623830318153,NaN,NaN,0.00124999902527,3.89893644812e-07
1980,40,1603,1603,657,48,2,2,0.000623830318153,0.000623830318153,-3.89164265702e-07,0.999999999625,0.000624609375609,3.89650265508e-07
1980,40,1603,1603,657,49,2,2,0.000623830318153,0.000623830318153,-3.89164265702e-07,0.999999999625,0.000624609375609,3.89650265508e-07
1980,40,1603,1603,657,55,2,2,0.000623830318153,0.000623830318153,-3.89164265702e-07,0.999999999625,0.000624609375609,3.89650265508e-07
1980,40,1603,1603,657,60,2,2,0.000623830318153,0.000623830318153,-3.89164265702e-07,0.999999999625,0.000624609375609,3.89650265508e-07
1980,40,1603,1603,657,64,2,2,0.000623830318153,0.00249532127261,-1.55665706336e-06,0.999999999982,0.00250312500244,1.56152526665e-06
1980,40,1603,1603,657,73,2,2,0.000623830318153,0.000623830318153,-3.89164265702e-07,0.999999999625,0.000624609375609,3.89650265508e-07
1980,40,1603,1603,657,77,2,2,0.000623830318153,0.00374298190892,-2.3349855951e-06,1.00000000001,0.00375938967962,2.3452212599e-06
1980,40,1603,1603,657,94,2,2,0.000623830318153,0.000623830318153,-3.89164265702e-07,0.999999999625,0.000624609375609,3.89650265508e-07
1980,40,1603,1603,657,97,2,3,0.000623830318153,0.000623830318153,NaN,NaN,0.00124999902527,3.89893644812e-07
1980,40,1603,1603,657,101,2,2,0.000623830318153,0.00124766063631,-7.78328531736e-07,1.00000000005,0.00124999902527,7.79787289623e-07
1980,40,1603,1603,657,105,2,2,0.000623830318153,0.292576419214,-0.000182518040682,1.0,0.413838411862,0.000258164948136
1980,40,1603,1603,657,115,2,3,0.000623830318153,0.000623830318153,NaN,NaN,0.00124999902527,3.89893644812e-07
1980,40,1603,1603,657,123,2,3,0.000623830318153,0.000623830318153,NaN,NaN,0.00250312500244,7.80762633325e-07
1980,40,1603,1603,657,124,2,2,0.000623830318153,0.00187149095446,-1.16749279755e-06,1.00000000001,0.00187617041199,1.17041198502e-06
1980,40,1603,1603,657,130,2,2,0.000623830318153,0.000623830318153,-3.89164265702e-07,0.999999999625,0.000624609375609,3.89650265508e-07
1980,40,1603,1603,657,131,2,2,0.000623830318153,0.00124766063631,-7.78328531736e-07,1.00000000005,0.00124999902527,7.79787289623e-07
1980,40,1603,1603,657,140,2,3,0.000623830318153,0.00124766063631,NaN,NaN,0.00564969760196,1.76222632625e-06
1980,40,1603,1603,657,146,2,2,0.000623830318153,0.000623830318153,-3.89164265702e-07,0.999999999625,0.000624609375609,3.89650265508e-07
1980,40,1603,1603,657,149,2,2,0.000623830318153,0.000623830318153,-3.89164265702e-07,0.999999999625,0.000624609375609,3.89650265508e-07
1980,40,1603,1603,657,157,2,2,0.000623830318153,0.00124766063631,-7.78328531736e-07,1.00000000005,0.00124999902527,7.79787289623e-07
1980,40,1603,1603,657,159,2,2,0.000623830318153,0.00374298190892,-2.3349855951e-06,1.00000000001,0.00375938967962,2.3452212599e-06
1980,40,1603,1603,657,164,2,2,0.000623830318153,0.000623830318153,-3.89164265702e-07,0.999999999625,0.000624609375609,3.89650265508e-07
1980,40,1603,1603,657,167,2,2,0.000623830318153,0.00311915159077,-1.94582132917e-06,0.999999999968,0.00313086426698,1.95312805176e-06
1980,40,1603,1603,657,177,2,2,0.000623830318153,0.000623830318153,-3.89164265702e-07,0.999999999625,0.000624609375609,3.89650265508e-07
1980,40,1603,1602,657,186,2,2,0.000624219725343,0.000624219725343,-3.89650265498e-07,0.999999999974,0.000624999756164,3.90137176132e-07
1980,40,1603,1603,657,188,2,2,0.000623830318153,0.00623830318153,-3.89164265846e-06,0.999999999996,0.00628138242138,3.91851679437e-06
1980,40,1603,1603,657,192,2,3,0.000623830318153,0.000623830318153,NaN,NaN,0.00124999902527,3.89893644812e-07
1980,40,1603,1603,657,198,2,2,0.000623830318153,0.00311915159077,-1.94582132917e-06,0.999999999968,0.00313086426698,1.95312805176e-06
1980,40,1603,1603,657,200,2,2,0.000623830318153,0.00124766063631,-7.78328531736e-07,1.00000000005,0.00124999902527,7.79787289623e-07
1980,40,1603,1603,657,207,2,2,0.000623830318153,0.008109794136,-5.05913545601e-06,0.999999999998,0.00818120431222,5.10368328897e-06
1980,40,1603,1603,657,208,2,2,0.000623830318153,0.000623830318153,-3.89164265702e-07,0.999999999625,0.000624609375609,3.89650265508e-07
1980,40,1603,1603,657,211,2,2,0.000623830318153,0.000623830318153,-3.89164265702e-07,0.999999999625,0.000624609375609,3.89650265508e-07
1980,40,1603,1603,657,215,2,2,0.000623830318153,0.00124766063631,-7.78328531736e-07,1.00000000005,0.00124999902527,7.79787289623e-07
1980,40,1603,1603,657,218,2,3,0.000623830318153,0.00124766063631,NaN,NaN,0.00501880486383,1.56544131748e-06
1980,40,1603,1603,657,220,2,2,0.000623830318153,0.00124766063631,-7.78328531736e-07,1.00000000005,0.00124999902527,7.79787289623e-07
1980,40,1603,1603,657,221,2,3,0.000623830318153,0.000623830318153,NaN,NaN,0.00124999902527,3.89893644812e-07
1980,40,1603,1603,657,222,2,2,0.000623830318153,0.000623830318153,-3.89164265702e-07,0.999999999625,0.000624609375609,3.89650265508e-07
1980,40,1603,1603,657,226,2,2,0.000623830318153,0.000623830318153,-3.89164265702e-07,0.999999999625,0.000624609375609,3.89650265508e-07
1980,40,1603,1603,657,227,2,2,0.000623830318153,0.000623830318153,-3.89164265702e-07,0.999999999625,0.000624609375609,3.89650265508e-07
1980,40,1603,1603,657,232,2,2,0.000623830318153,0.000623830318153,-3.89164265702e-07,0.999999999625,0.000624609375609,3.89650265508e-07
1980,40,1603,1603,657,233,2,2,0.000623830318153,0.000623830318153,-3.89164265702e-07,0.999999999625,0.000624609375609,3.89650265508e-07
1980,40,1603,1603,657,240,2,2,0.000623830318153,0.00187149095446,-1.16749279755e-06,1.00000000001,0.00187617041199,1.17041198502e-06
1980,40,1603,1603,657,244,2,2,0.000623830318153,0.000623830318153,-3.89164265702e-07,0.999999999625,0.000624609375609,3.89650265508e-07
1980,40,1603,1603,657,245,2,2,0.000623830318153,0.000623830318153,-3.89164265702e-07,0.999999999625,0.000624609375609,3.89650265508e-07
1980,40,1603,1603,666,15,2,2,0.000623830318153,0.000623830318153,-3.89164265702e-07,0.999999999625,0.000624609375609,3.89650265508e-07
1980,40,1603,1603,666,20,2,3,0.000623830318153,0.000623830318153,NaN,NaN,0.00124999902527,3.89893644812e-07
1980,40,1603,1603,666,22,2,2,0.000623830318153,0.00124766063631,-7.78328531736e-07,1.00000000005,0.00124999902527,7.79787289623e-07
1980,40,1603,1603,666,26,2,2,0.000623830318153,0.00374298190892,-2.3349855951e-06,1.00000000001,0.00375938967962,2.3452212599e-06
1980,40,1603,1603,666,33,2,2,0.000623830318153,0.000623830318153,-3.89164265702e-07,0.999999999625,0.000624609375609,3.89650265508e-07
1980,40,1603,1603,666,35,2,2,0.000623830318153,0.000623830318153,-3.89164265702e-07,0.999999999625,0.000624609375609,3.89650265508e-07
1980,40,1603,1603,666,46,2,3,0.000623830318153,0.000623830318153,NaN,NaN,0.00124999902527,3.89893644812e-07
1980,40,1603,1603,666,48,2,2,0.000623830318153,0.000623830318153,-3.89164265702e-07,0.999999999625,0.000624609375609,3.89650265508e-07
1980,40,1603,1603,666,49,2,2,0.000623830318153,0.000623830318153,-3.89164265702e-07,0.999999999625,0.000624609375609,3.89650265508e-07
1980,40,1603,1603,666,55,2,2,0.000623830318153,0.000623830318153,-3.89164265702e-07,0.999999999625,0.000624609375609,3.89650265508e-07
1980,40,1603,1603,666,60,2,2,0.000623830318153,0.000623830318153,-3.89164265702e-07,0.999999999625,0.000624609375609,3.89650265508e-07
1980,40,1603,1603,666,64,2,2,0.000623830318153,0.00249532127261,-1.55665706336e-06,0.999999999982,0.00250312500244,1.56152526665e-06
1980,40,1603,1603,666,73,2,2,0.000623830318153,0.000623830318153,-3.89164265702e-07,0.999999999625,0.000624609375609,3.89650265508e-07
1980,40,1603,1603,666,77,2,2,0.000623830318153,0.00374298190892,-2.3349855951e-06,1.00000000001,0.00375938967962,2.3452212599e-06
1980,40,1603,1603,666,94,2,2,0.000623830318153,0.000623830318153,-3.89164265702e-07,0.999999999625,0.000624609375609,3.89650265508e-07
1980,40,1603,1603,666,97,2,3,0.000623830318153,0.000623830318153,NaN,NaN,0.00124999902527,3.89893644812e-07
1980,40,1603,1603,666,101,2,2,0.000623830318153,0.00124766063631,-7.78328531736e-07,1.00000000005,0.00124999902527,7.79787289623e-07
1980,40,1603,1603,666,105,2,2,0.000623830318153,0.292576419214,0.000441312277471,1.0,2.41941975516,0.00150930739561
1980,40,1603,1603,666,115,2,3,0.000623830318153,0.000623830318153,NaN,NaN,0.00124999902527,3.89893644812e-07
1980,40,1603,1603,666,123,2,3,0.000623830318153,0.000623830318153,NaN,NaN,0.00250312500244,7.80762633325e-07
1980,40,1603,1603,666,124,2,2,0.000623830318153,0.00187149095446,-1.16749279755e-06,1.00000000001,0.00187617041199,1.17041198502e-06
1980,40,1603,1603,666,130,2,2,0.000623830318153,0.000623830318153,-3.89164265702e-07,0.999999999625,0.000624609375609,3.89650265508e-07
1980,40,1603,1603,666,131,2,2,0.000623830318153,0.00124766063631,-7.78328531736e-07,1.00000000005,0.00124999902527,7.79787289623e-07
1980,40,1603,1603,666,140,2,3,0.000623830318153,0.00124766063631,NaN,NaN,0.00564969760196,1.76222632625e-06
1980,40,1603,1603,666,146,2,2,0.000623830318153,0.000623830318153,-3.89164265702e-07,0.999999999625,0.000624609375609,3.89650265508e-07
1980,40,1603,1603,666,149,2,2,0.000623830318153,0.000623830318153,-3.89164265702e-07,0.999999999625,0.000624609375609,3.89650265508e-07
1980,40,1603,1603,666,157,2,2,0.000623830318153,0.00124766063631,-7.78328531736e-07,1.00000000005,0.00124999902527,7.79787289623e-07
1980,40,1603,1603,666,159,2,2,0.000623830318153,0.00374298190892,-2.3349855951e-06,1.00000000001,0.00375938967962,2.3452212599e-06
1980,40,1603,1603,666,164,2,2,0.000623830318153,0.000623830318153,-3.89164265702e-07,0.999999999625,0.000624609375609,3.89650265508e-07
1980,40,1603,1603,666,167,2,2,0.000623830318153,0.00311915159077,-1.94582132917e-06,0.999999999968,0.00313086426698,1.95312805176e-06
1980,40,1603,1603,666,177,2,2,0.000623830318153,0.000623830318153,-3.89164265702e-07,0.999999999625,0.000624609375609,3.89650265508e-07
1980,40,1603,1602,666,186,2,2,0.000624219725343,0.000624219725343,-3.89650265498e-07,0.999999999974,0.000624999756164,3.90137176132e-07
1980,40,1603,1603,666,188,2,2,0.000623830318153,0.00623830318153,-3.89164265846e-06,0.999999999996,0.00628138242138,3.91851679437e-06
1980,40,1603,1603,666,192,2,3,0.000623830318153,0.000623830318153,NaN,NaN,0.00124999902527,3.89893644812e-07
1980,40,1603,1603,666,198,2,2,0.000623830318153,0.00311915159077,-1.94582132917e-06,0.999999999968,0.00313086426698,1.95312805176e-06
1980,40,1603,1603,666,200,2,2,0.000623830318153,0.00124766063631,-7.78328531736e-07,1.00000000005,0.00124999902527,7.79787289623e-07
1980,40,1603,1603,666,207,2,2,0.000623830318153,0.008109794136,-5.05913545601e-06,0.999999999998,0.00818120431222,5.10368328897e-06
1980,40,1603,1603,666,208,2,2,0.000623830318153,0.000623830318153,-3.89164265702e-07,0.999999999625,0.000624609375609,3.89650265508e-07
1980,40,1603,1603,666,211,2,2,0.000623830318153,0.000623830318153,-3.89164265702e-07,0.999999999625,0.000624609375609,3.89650265508e-07
1980,40,1603,1603,666,215,2,2,0.000623830318153,0.00124766063631,-7.78328531736e-07,1.00000000005,0.00124999902527,7.79787289623e-07
1980,40,1603,1603,666,218,2,3,0.000623830318153,0.00124766063631,NaN,NaN,0.00501880486383,1.56544131748e-06
1980,40,1603,1603,666,220,2,2,0.000623830318153,0.00124766063631,-7.78328531736e-07,1.00000000005,0.00124999902527,7.79787289623e-07
1980,40,1603,1603,666,221,2,3,0.000623830318153,0.000623830318153,NaN,NaN,0.00124999902527,3.89893644812e-07
1980,40,1603,1603,666,222,2,2,0.000623830318153,0.000623830318153,-3.89164265702e-07,0.999999999625,0.000624609375609,3.89650265508e-07
1980,40,1603,1603,666,226,2,2,0.000623830318153,0.000623830318153,-3.89164265702e-07,0.999999999625,0.000624609375609,3.89650265508e-07
1980,40,1603,1603,666,227,2,2,0.000623830318153,0.000623830318153,-3.89164265702e-07,0.999999999625,0.000624609375609,3.89650265508e-07
1980,40,1603,1603,666,232,2,2,0.000623830318153,0.000623830318153,-3.89164265702e-07,0.999999999625,0.000624609375609,3.89650265508e-07
1980,40,1603,1603,666,233,2,2,0.000623830318153,0.000623830318153,-3.89164265702e-07,0.999999999625,0.000624609375609,3.89650265508e-07
1980,40,1603,1603,666,240,2,2,0.000623830318153,0.00187149095446,-1.16749279755e-06,1.00000000001,0.00187617041199,1.17041198502e-06
1980,40,1603,1603,666,244,2,2,0.000623830318153,0.000623830318153,-3.89164265702e-07,0.999999999625,0.000624609375609,3.89650265508e-07
1980,40,1603,1603,666,245,2,2,0.000623830318153,0.000623830318153,-3.89164265702e-07,0.999999999625,0.000624609375609,3.89650265508e-07
1980,40,1603,1603,669,15,2,2,0.000623830318153,0.000623830318153,-3.89164265702e-07,0.999999999625,0.000624609375609,3.89650265508e-07
1980,40,1603,1603,669,20,2,3,0.000623830318153,0.000623830318153,NaN,NaN,0.00124999902527,3.89893644812e-07
1980,40,1603,1603,669,22,2,2,0.000623830318153,0.00124766063631,-7.78328531736e-07,1.00000000005,0.00124999902527,7.79787289623e-07
1980,40,1603,1603,669,26,2,2,0.000623830318153,0.00374298190892,-2.3349855951e-06,1.00000000001,0.00375938967962,2.3452212599e-06
1980,40,1603,1603,669,33,2,2,0.000623830318153,0.000623830318153,-3.89164265702e-07,0.999999999625,0.000624609375609,3.89650265508e-07
1980,40,1603,1603,669,35,2,2,0.000623830318153,0.000623830318153,-3.89164265702e-07,0.999999999625,0.000624609375609,3.89650265508e-07
1980,40,1603,1603,669,46,2,3,0.000623830318153,0.000623830318153,NaN,NaN,0.00124999902527,3.89893644812e-07
1980,40,1603,1603,669,48,2,2,0.000623830318153,0.000623830318153,-3.89164265702e-07,0.999999999625,0.000624609375609,3.89650265508e-07
1980,40,1603,1603,669,49,2,2,0.000623830318153,0.000623830318153,-3.89164265702e-07,0.999999999625,0.000624609375609,3.89650265508e-07
1980,40,1603,1603,669,55,2,2,0.000623830318153,0.000623830318153,-3.89164265702e-07,0.999999999625,0.000624609375609,3.89650265508e-07
1980,40,1603,1603,669,60,2,2,0.000623830318153,0.000623830318153,-3.89164265702e-07,0.999999999625,0.000624609375609,3.89650265508e-07
1980,40,1603,1603,669,64,2,2,0.000623830318153,0.00249532127261,-1.55665706336e-06,0.999999999982,0.00250312500244,1.56152526665e-06
1980,40,1603,1603,669,73,2,2,0.000623830318153,0.000623830318153,-3.89164265702e-07,0.999999999625,0.000624609375609,3.89650265508e-07
1980,40,1603,1603,669,77,2,2,0.000623830318153,0.00374298190892,-2.3349855951e-06,1.00000000001,0.00375938967962,2.3452212599e-06
1980,40,1603,1603,669,94,2,2,0.000623830318153,0.000623830318153,-3.89164265702e-07,0.999999999625,0.000624609375609,3.89650265508e-07
1980,40,1603,1603,669,97,2,3,0.000623830318153,0.000623830318153,NaN,NaN,0.00124999902527,3.89893644812e-07
1980,40,1603,1603,669,101,2,2,0.000623830318153,0.00124766063631,-7.78328531736e-07,1.00000000005,0.00124999902527,7.79787289623e-07
1980,40,1603,1603,669,105,2,2,0.000623830318153,0.292576419214,-0.000182518040682,1.0,0.413838411862,0.000258164948136
1980,40,1603,1603,669,115,2,3,0.000623830318153,0.000623830318153,NaN,NaN,0.00124999902527,3.89893644812e-07
1980,40,1603,1603,669,123,2,3,0.000623830318153,0.000623830318153,NaN,NaN,0.00250312500244,7.80762633325e-07
1980,40,1603,1603,669,124,2,2,0.000623830318153,0.00187149095446,-1.16749279755e-06,1.00000000001,0.00187617041199,1.17041198502e-06
1980,40,1603,1603,669,130,2,2,0.000623830318153,0.000623830318153,-3.89164265702e-07,0.999999999625,0.000624609375609,3.89650265508e-07
1980,40,1603,1603,669,131,2,2,0.000623830318153,0.00124766063631,-7.78328531736e-07,1.00000000005,0.00124999902527,7.79787289623e-07
1980,40,1603,1603,669,140,2,3,0.000623830318153,0.00124766063631,NaN,NaN,0.00564969760196,1.76222632625e-06
1980,40,1603,1603,669,146,2,2,0.000623830318153,0.000623830318153,-3.89164265702e-07,0.999999999625,0.000624609375609,3.89650265508e-07
1980,40,1603,1603,669,149,2,2,0.000623830318153,0.000623830318153,-3.89164265702e-07,0.999999999625,0.000624609375609,3.89650265508e-07
1980,40,1603,1603,669,157,2,2,0.000623830318153,0.00124766063631,-7.78328531736e-07,1.00000000005,0.00124999902527,7.79787289623e-07
1980,40,1603,1603,669,159,2,2,0.000623830318153,0.00374298190892,-2.3349855951e-06,1.00000000001,0.00375938967962,2.3452212599e-06
1980,40,1603,1603,669,164,2,2,0.000623830318153,0.000623830318153,-3.89164265702e-07,0.999999999625,0.000624609375609,3.89650265508e-07
1980,40,1603,1603,669,167,2,2,0.000623830318153,0.00311915159077,-1.94582132917e-06,0.999999999968,0.00313086426698,1.95312805176e-06
1980,40,1603,1603,669,177,2,2,0.000623830318153,0.000623830318153,-3.89164265702e-07,0.999999999625,0.000624609375609,3.89650265508e-07
1980,40,1603,1602,669,186,2,2,0.000624219725343,0.000624219725343,-3.89650265498e-07,0.999999999974,0.000624999756164,3.90137176132e-07
1980,40,1603,1603,669,188,2,2,0.000623830318153,0.00623830318153,-3.89164265846e-06,0.999999999996,0.00628138242138,3.91851679437e-06
1980,40,1603,1603,669,192,2,3,0.000623830318153,0.000623830318153,NaN,NaN,0.00124999902527,3.89893644812e-07
1980,40,1603,1603,669,198,2,2,0.000623830318153,0.00311915159077,-1.94582132917e-06,0.999999999968,0.00313086426698,1.95312805176e-06
1980,40,1603,1603,669,200,2,2,0.000623830318153,0.00124766063631,-7.78328531736e-07,1.00000000005,0.00124999902527,7.79787289623e-07
1980,40,1603,1603,669,207,2,2,0.000623830318153,0.008109794136,-5.05913545601e-06,0.999999999998,0.00818120431222,5.10368328897e-06
1980,40,1603,1603,669,208,2,2,0.000623830318153,0.000623830318153,-3.89164265702e-07,0.999999999625,0.000624609375609,3.89650265508e-07
1980,40,1603,1603,669,211,2,2,0.000623830318153,0.000623830318153,-3.89164265702e-07,0.999999999625,0.000624609375609,3.89650265508e-07
1980,40,1603,1603,669,215,2,2,0.000623830318153,0.00124766063631,-7.78328531736e-07,1.00000000005,0.00124999902527,7.79787289623e-07
1980,40,1603,1603,669,218,2,3,0.000623830318153,0.00124766063631,NaN,NaN,0.00501880486383,1.56544131748e-06
1980,40,1603,1603,669,220,2,2,0.000623830318153,0.00124766063631,-7.78328531736e-07,1.00000000005,0.00124999902527,7.79787289623e-07
1980,40,1603,1603,669,221,2,3,0.000623830318153,0.000623830318153,NaN,NaN,0.00124999902527,3.89893644812e-07
1980,40,1603,1603,669,222,2,2,0.000623830318153,0.000623830318153,-3.89164265702e-07,0.999999999625,0.000624609375609,3.89650265508e-07
1980,40,1603,1603,669,226,2,2,0.000623830318153,0.000623830318153,-3.89164265702e-07,0.999999999625,0.000624609375609,3.89650265508e-07
1980,40,1603,1603,669,227,2,2,0.000623830318153,0.000623830318153,-3.89164265702e-07,0.999999999625,0.000624609375609,3.89650265508e-07
1980,40,1603,1603,669,232,2,2,0.000623830318153,0.000623830318153,-3.89164265702e-07,0.999999999625,0.000624609375609,3.89650265508e-07
1980,40,1603,1603,669,233,2,2,0.000623830318153,0.000623830318153,-3.89164265702e-07,0.999999999625,0.000624609375609,3.89650265508e-07
1980,40,1603,1603,669,240,2,2,0.000623830318153,0.00187149095446,-1.16749279755e-06,1.00000000001,0.00187617041199,1.17041198502e-06
1980,40,1603,1603,669,244,2,2,0.000623830318153,0.000623830318153,-3.89164265702e-07,0.999999999625,0.000624609375609,3.89650265508e-07
1980,40,1603,1603,669,245,2,2,0.000623830318153,0.000623830318153,-3.89164265702e-07,0.999999999625,0.000624609375609,3.89650265508e-07
1980,40,1603,1603,670,15,2,2,0.000623830318153,0.000623830318153,-3.89164265702e-07,0.999999999625,0.000624609375609,3.89650265508e-07
1980,40,1603,1603,670,20,2,3,0.000623830318153,0.000623830318153,NaN,NaN,0.00124999902527,3.89893644812e-07
1980,40,1603,1603,670,22,2,2,0.000623830318153,0.00124766063631,-7.78328531736e-07,1.00000000005,0.00124999902527,7.79787289623e-07
1980,40,1603,1603,670,26,2,2,0.000623830318153,0.00374298190892,-2.3349855951e-06,1.00000000001,0.00375938967962,2.3452212599e-06
1980,40,1603,1603,670,33,2,2,0.000623830318153,0.000623830318153,-3.89164265702e-07,0.999999999625,0.000624609375609,3.89650265508e-07
1980,40,1603,1603,670,35,2,2,0.000623830318153,0.000623830318153,-3.89164265702e-07,0.999999999625,0.000624609375609,3.89650265508e-07
1980,40,1603,1603,670,46,2,3,0.000623830318153,0.000623830318153,NaN,NaN,0.00124999902527,3.89893644812e-07
1980,40,1603,1603,670,48,2,2,0.000623830318153,0.000623830318153,-3.89164265702e-07,0.999999999625,0.000624609375609,3.89650265508e-07
1980,40,1603,1603,670,49,2,2,0.000623830318153,0.000623830318153,-3.89164265702e-07,0.999999999625,0.000624609375609,3.89650265508e-07
1980,40,1603,1603,670,55,2,2,0.000623830318153,0.000623830318153,-3.89164265702e-07,0.999999999625,0.000624609375609,3.89650265508e-07
1980,40,1603,1603,670,60,2,2,0.000623830318153,0.000623830318153,-3.89164265702e-07,0.999999999625,0.000624609375609,3.89650265508e-07
1980,40,1603,1603,670,64,2,2,0.000623830318153,0.00249532127261,-1.55665706336e-06,0.999999999982,0.00250312500244,1.56152526665e-06
1980,40,1603,1603,670,73,2,2,0.000623830318153,0.000623830318153,-3.89164265702e-07,0.999999999625,0.000624609375609,3.89650265508e-07
1980,40,1603,1603,670,77,2,2,0.000623830318153,0.00374298190892,-2.3349855951e-06,1.00000000001,0.00375938967962,2.3452212599e-06
1980,40,1603,1603,670,94,2,2,0.000623830318153,0.000623830318153,-3.89164265702e-07,0.999999999625,0.000624609375609,3.89650265508e-07
1980,40,1603,1603,670,97,2,3,0.000623830318153,0.000623830318153,NaN,NaN,0.00124999902527,3.89893644812e-07
1980,40,1603,1603,670,101,2,2,0.000623830318153,0.00124766063631,-7.78328531736e-07,1.00000000005,0.00124999902527,7.79787289623e-07
1980,40,1603,1603,670,105,2,2,0.000623830318153,0.292576419214,-0.000182518040682,1.0,0.413838411862,0.000258164948136
1980,40,1603,1603,670,115,2,3,0.000623830318153,0.000623830318153,NaN,NaN,0.00124999902527,3.89893644812e-07
1980,40,1603,1603,670,123,2,3,0.000623830318153,0.000623830318153,NaN,NaN,0.00250312500244,7.80762633325e-07
1980,40,1603,1603,670,124,2,2,0.000623830318153,0.00187149095446,-1.16749279755e-06,1.00000000001,0.00187617041199,1.17041198502e-06
1980,40,1603,1603,670,130,2,2,0.000623830318153,0.000623830318153,-3.89164265702e-07,0.999999999625,0.000624609375609,3.89650265508e-07
1980,40,1603,1603,670,131,2,2,0.000623830318153,0.00124766063631,-7.78328531736e-07,1.00000000005,0.00124999902527,7.79787289623e-07
1980,40,1603,1603,670,140,2,3,0.000623830318153,0.00124766063631,NaN,NaN,0.00564969760196,1.76222632625e-06
1980,40,1603,1603,670,146,2,2,0.000623830318153,0.000623830318153,-3.89164265702e-07,0.999999999625,0.000624609375609,3.89650265508e-07
1980,40,1603,1603,670,149,2,2,0.000623830318153,0.000623830318153,-3.89164265702e-07,0.999999999625,0.000624609375609,3.89650265508e-07
1980,40,1603,1603,670,157,2,2,0.000623830318153,0.00124766063631,-7.78328531736e-07,1.00000000005,0.00124999902527,7.79787289623e-07
1980,40,1603,1603,670,159,2,2,0.000623830318153,0.00374298190892,-2.3349855951e-06,1.00000000001,0.00375938967962,2.3452212599e-06
1980,40,1603,1603,670,164,2,2,0.000623830318153,0.000623830318153,-3.89164265702e-07,0.999999999625,0.000624609375609,3.89650265508e-07
1980,40,1603,1603,670,167,2,2,0.000623830318153,0.00311915159077,-1.94582132917e-06,0.999999999968,0.00313086426698,1.95312805176e-06
1980,40,1603,1603,670,177,2,2,0.000623830318153,0.000623830318153,-3.89164265702e-07,0.999999999625,0.000624609375609,3.89650265508e-07
1980,40,1603,1602,670,186,2,2,0.000624219725343,0.000624219725343,-3.89650265498e-07,0.999999999974,0.000624999756164,3.90137176132e-07
1980,40,1603,1603,670,188,2,2,0.000623830318153,0.00623830318153,-3.89164265846e-06,0.999999999996,0.00628138242138,3.91851679437e-06
1980,40,1603,1603,670,192,2,3,0.000623830318153,0.000623830318153,NaN,NaN,0.00124999902527,3.89893644812e-07
1980,40,1603,1603,670,198,2,2,0.000623830318153,0.00311915159077,-1.94582132917e-06,0.999999999968,0.00313086426698,1.95312805176e-06
1980,40,1603,1603,670,200,2,2,0.000623830318153,0.00124766063631,-7.78328531736e-07,1.00000000005,0.00124999902527,7.79787289623e-07
1980,40,1603,1603,670,207,2,2,0.000623830318153,0.008109794136,-5.05913545601e-06,0.999999999998,0.00818120431222,5.10368328897e-06
1980,40,1603,1603,670,208,2,2,0.000623830318153,0.000623830318153,-3.89164265702e-07,0.999999999625,0.000624609375609,3.89650265508e-07
1980,40,1603,1603,670,211,2,2,0.000623830318153,0.000623830318153,-3.89164265702e-07,0.999999999625,0.000624609375609,3.89650265508e-07
1980,40,1603,1603,670,215,2,2,0.000623830318153,0.00124766063631,-7.78328531736e-07,1.00000000005,0.00124999902527,7.79787289623e-07
1980,40,1603,1603,670,218,2,3,0.000623830318153,0.00124766063631,NaN,NaN,0.00501880486383,1.56544131748e-06
1980,40,1603,1603,670,220,2,2,0.000623830318153,0.00124766063631,-7.78328531736e-07,1.00000000005,0.00124999902527,7.79787289623e-07
1980,40,1603,1603,670,221,2,3,0.000623830318153,0.000623830318153,NaN,NaN,0.00124999902527,3.89893644812e-07
1980,40,1603,1603,670,222,2,2,0.000623830318153,0.000623830318153,-3.89164265702e-07,0.999999999625,0.000624609375609,3.89650265508e-07
1980,40,1603,1603,670,226,2,2,0.000623830318153,0.000623830318153,-3.89164265702e-07,0.999999999625,0.000624609375609,3.89650265508e-07
1980,40,1603,1603,670,227,2,2,0.000623830318153,0.000623830318153,-3.89164265702e-07,0.999999999625,0.000624609375609,3.89650265508e-07
1980,40,1603,1603,670,232,2,2,0.000623830318153,0.000623830318153,-3.89164265702e-07,0.999999999625,0.000624609375609,3.89650265508e-07
1980,40,1603,1603,670,233,2,2,0.000623830318153,0.000623830318153,-3.89164265702e-07,0.999999999625,0.000624609375609,3.89650265508e-07
1980,40,1603,1603,670,240,2,2,0.000623830318153,0.00187149095446,-1.16749279755e-06,1.00000000001,0.00187617041199,1.17041198502e-06
1980,40,1603,1603,670,244,2,2,0.000623830318153,0.000623830318153,-3.89164265702e-07,0.999999999625,0.000624609375609,3.89650265508e-07
1980,40,1603,1603,670,245,2,2,0.000623830318153,0.000623830318153,-3.89164265702e-07,0.999999999625,0.000624609375609,3.89650265508e-07
1980,40,1603,1603,673,15,2,2,0.000623830318153,0.000623830318153,-3.89164265702e-07,0.999999999625,0.000624609375609,3.89650265508e-07
1980,40,1603,1603,673,20,2,3,0.000623830318153,0.000623830318153,NaN,NaN,0.00124999902527,3.89893644812e-07
1980,40,1603,1603,673,22,2,2,0.000623830318153,0.00124766063631,-7.78328531736e-07,1.00000000005,0.00124999902527,7.79787289623e-07
1980,40,1603,1603,673,26,2,2,0.000623830318153,0.00374298190892,-2.3349855951e-06,1.00000000001,0.00375938967962,2.3452212599e-06
1980,40,1603,1603,673,33,2,2,0.000623830318153,0.000623830318153,-3.89164265702e-07,0.999999999625,0.000624609375609,3.89650265508e-07
1980,40,1603,1603,673,35,2,2,0.000623830318153,0.000623830318153,-3.89164265702e-07,0.999999999625,0.000624609375609,3.89650265508e-07
1980,40,1603,1603,673,46,2,3,0.000623830318153,0.000623830318153,NaN,NaN,0.00124999902527,3.89893644812e-07
1980,40,1603,1603,673,48,2,2,0.000623830318153,0.000623830318153,-3.89164265702e-07,0.999999999625,0.000624609375609,3.89650265508e-07
1980,40,1603,1603,673,49,2,2,0.000623830318153,0.000623830318153,-3.89164265702e-07,0.999999999625,0.000624609375609,3.89650265508e-07
1980,40,1603,1603,673,55,2,2,0.000623830318153,0.000623830318153,-3.89164265702e-07,0.999999999625,0.000624609375609,3.89650265508e-07
1980,40,1603,1603,673,60,2,2,0.000623830318153,0.000623830318153,-3.89164265702e-07,0.999999999625,0.000624609375609,3.89650265508e-07
1980,40,1603,1603,673,64,2,2,0.000623830318153,0.00249532127261,-1.55665706336e-06,0.999999999982,0.00250312500244,1.56152526665e-06
1980,40,1603,1603,673,73,2,2,0.000623830318153,0.000623830318153,-3.89164265702e-07,0.999999999625,0.000624609375609,3.89650265508e-07
1980,40,1603,1603,673,77,2,2,0.000623830318153,0.00374298190892,-2.3349855951e-06,1.00000000001,0.00375938967962,2.3452212599e-06
1980,40,1603,1603,673,94,2,2,0.000623830318153,0.000623830318153,-3.89164265702e-07,0.999999999625,0.000624609375609,3.89650265508e-07
1980,40,1603,1603,673,97,2,3,0.000623830318153,0.000623830318153,NaN,NaN,0.00124999902527,3.89893644812e-07
1980,40,1603,1603,673,101,2,2,0.000623830318153,0.00124766063631,-7.78328531736e-07,1.00000000005,0.00124999902527,7.79787289623e-07
1980,40,1603,1603,673,105,2,2,0.000623830318153,0.292576419214,0.000441312277471,1.0,2.41941975516,0.00150930739561
1980,40,1603,1603,673,115,2,3,0.000623830318153,0.000623830318153,NaN,NaN,0.00124999902527,3.89893644812e-07
1980,40,1603,1603,673,123,2,3,0.000623830318153,0.000623830318153,NaN,NaN,0.00250312500244,7.80762633325e-07
1980,40,1603,1603,673,124,2,2,0.000623830318153,0.00187149095446,-1.16749279755e-06,1.00000000001,0.00187617041199,1.17041198502e-06
1980,40,1603,1603,673,130,2,2,0.000623830318153,0.000623830318153,-3.89164265702e-07,0.999999999625,0.000624609375609,3.89650265508e-07
1980,40,1603,1603,673,131,2,2,0.000623830318153,0.00124766063631,-7.78328531736e-07,1.00000000005,0.00124999902527,7.79787289623e-07
1980,40,1603,1603,673,140,2,3,0.000623830318153,0.00124766063631,NaN,NaN,0.00564969760196,1.76222632625e-06
1980,40,1603,1603,673,146,2,2,0.000623830318153,0.000623830318153,-3.89164265702e-07,0.999999999625,0.000624609375609,3.89650265508e-07
1980,40,1603,1603,673,149,2,2,0.000623830318153,0.000623830318153,-3.89164265702e-07,0.999999999625,0.000624609375609,3.89650265508e-07
1980,40,1603,1603,673,157,2,2,0.000623830318153,0.00124766063631,-7.78328531736e-07,1.00000000005,0.00124999902527,7.79787289623e-07
1980,40,1603,1603,673,159,2,2,0.000623830318153,0.00374298190892,-2.3349855951e-06,1.00000000001,0.00375938967962,2.3452212599e-06
1980,40,1603,1603,673,164,2,2,0.000623830318153,0.000623830318153,-3.89164265702e-07,0.999999999625,0.000624609375609,3.89650265508e-07
1980,40,1603,1603,673,167,2,2,0.000623830318153,0.00311915159077,-1.94582132917e-06,0.999999999968,0.00313086426698,1.95312805176e-06
1980,40,1603,1603,673,177,2,2,0.000623830318153,0.000623830318153,-3.89164265702e-07,0.999999999625,0.000624609375609,3.89650265508e-07
1980,40,1603,1602,673,186,2,2,0.000624219725343,0.000624219725343,-3.89650265498e-07,0.999999999974,0.000624999756164,3.90137176132e-07
1980,40,1603,1603,673,188,2,2,0.000623830318153,0.00623830318153,-3.89164265846e-06,0.999999999996,0.00628138242138,3.91851679437e-06
1980,40,1603,1603,673,192,2,3,0.000623830318153,0.000623830318153,NaN,NaN,0.00124999902527,3.89893644812e-07
1980,40,1603,1603,673,198,2,2,0.000623830318153,0.00311915159077,-1.94582132917e-06,0.999999999968,0.00313086426698,1.95312805176e-06
1980,40,1603,1603,673,200,2,2,0.000623830318153,0.00124766063631,-7.78328531736e-07,1.00000000005,0.00124999902527,7.79787289623e-07
1980,40,1603,1603,673,207,2,2,0.000623830318153,0.008109794136,-5.05913545601e-06,0.999999999998,0.00818120431222,5.10368328897e-06
1980,40,1603,1603,673,208,2,2,0.000623830318153,0.000623830318153,-3.89164265702e-07,0.999999999625,0.000624609375609,3.89650265508e-07
1980,40,1603,1603,673,211,2,2,0.000623830318153,0.000623830318153,-3.89164265702e-07,0.999999999625,0.000624609375609,3.89650265508e-07
1980,40,1603,1603,673,215,2,2,0.000623830318153,0.00124766063631,-7.78328531736e-07,1.00000000005,0.00124999902527,7.79787289623e-07
1980,40,1603,1603,673,218,2,3,0.000623830318153,0.00124766063631,NaN,NaN,0.00501880486383,1.56544131748e-06
1980,40,1603,1603,673,220,2,2,0.000623830318153,0.00124766063631,-7.78328531736e-07,1.00000000005,0.00124999902527,7.79787289623e-07
1980,40,1603,1603,673,221,2,3,0.000623830318153,0.000623830318153,NaN,NaN,0.00124999902527,3.89893644812e-07
1980,40,1603,1603,673,222,2,2,0.000623830318153,0.000623830318153,-3.89164265702e-07,0.999999999625,0.000624609375609,3.89650265508e-07
1980,40,1603,1603,673,226,2,2,0.000623830318153,0.000623830318153,-3.89164265702e-07,0.999999999625,0.000624609375609,3.89650265508e-07
1980,40,1603,1603,673,227,2,2,0.000623830318153,0.000623830318153,-3.89164265702e-07,0.999999999625,0.000624609375609,3.89650265508e-07
1980,40,1603,1603,673,232,2,2,0.000623830318153,0.000623830318153,-3.89164265702e-07,0.999999999625,0.000624609375609,3.89650265508e-07
1980,40,1603,1603,673,233,2,2,0.000623830318153,0.000623830318153,-3.89164265702e-07,0.999999999625,0.000624609375609,3.89650265508e-07
1980,40,1603,1603,673,240,2,2,0.000623830318153,0.00187149095446,-1.16749279755e-06,1.00000000001,0.00187617041199,1.17041198502e-06
1980,40,1603,1603,673,244,2,2,0.000623830318153,0.000623830318153,-3.89164265702e-07,0.999999999625,0.000624609375609,3.89650265508e-07
1980,40,1603,1603,673,245,2,2,0.000623830318153,0.000623830318153,-3.89164265702e-07,0.999999999625,0.000624609375609,3.89650265508e-07
1980,40,1603,1603,678,15,3,2,0.00311915159077,0.000623830318153,NaN,NaN,0.00881607242049,2.74986663147e-06
1980,40,1603,1603,678,20,3,3,0.00311915159077,0.000623830318153,NaN,NaN,0.0176431580482,2.75158422462e-06
1980,40,1603,1603,678,22,3,2,0.00311915159077,0.00124766063631,NaN,NaN,0.0176431580482,5.50316844923e-06
1980,40,1603,1603,678,26,3,2,0.00311915159077,0.00374298190892,NaN,NaN,0.0530620464031,1.65508566448e-05
1980,40,1603,1603,678,33,3,2,0.00311915159077,0.000623830318153,NaN,NaN,0.00881607242049,2.74986663147e-06
1980,40,1603,1603,678,35,3,2,0.00311915159077,0.000623830318153,NaN,NaN,0.00881607242049,2.74986663147e-06
1980,40,1603,1603,678,46,3,3,0.00311915159077,0.000623830318153,NaN,NaN,0.0176431580482,2.75158422462e-06
1980,40,1603,1603,678,48,3,2,0.00311915159077,0.000623830318153,NaN,NaN,0.00881607242049,2.74986663147e-06
1980,40,1603,1603,678,49,3,2,0.00311915159077,0.000623830318153,NaN,NaN,0.00881607242049,2.74986663147e-06
1980,40,1603,1603,678,55,3,2,0.00311915159077,0.000623830318153,NaN,NaN,0.00881607242049,2.74986663147e-06
1980,40,1603,1603,678,60,3,2,0.00311915159077,0.000623830318153,NaN,NaN,0.00881607242049,2.74986663147e-06
1980,40,1603,1603,678,64,3,2,0.00311915159077,0.00249532127261,NaN,NaN,0.0353304515763,1.10201034237e-05
1980,40,1603,1603,678,73,3,2,0.00311915159077,0.000623830318153,NaN,NaN,0.00881607242049,2.74986663147e-06
1980,40,1603,1603,678,77,3,2,0.00311915159077,0.00374298190892,NaN,NaN,0.0530620464031,1.65508566448e-05
1980,40,1603,1603,678,94,3,2,0.00311915159077,0.000623830318153,NaN,NaN,0.00881607242049,2.74986663147e-06
1980,40,1603,1603,678,97,3,3,0.00311915159077,0.000623830318153,NaN,NaN,0.0176431580482,2.75158422462e-06
1980,40,1603,1603,678,101,3,2,0.00311915159077,0.00124766063631,NaN,NaN,0.0176431580482,5.50316844923e-06
1980,40,1603,1603,678,105,3,2,0.00311915159077,0.292576419214,NaN,NaN,5.84113776037,0.00182193941372
1980,40,1603,1603,678,115,3,3,0.00311915159077,0.000623830318153,NaN,NaN,0.0176431580482,2.75158422462e-06
1980,40,1603,1603,678,123,3,3,0.00311915159077,0.000623830318153,NaN,NaN,0.0353304515763,5.51005171184e-06
1980,40,1603,1603,678,124,3,2,0.00311915159077,0.00187149095446,NaN,NaN,0.026481277533,8.25991189427e-06
1980,40,1603,1603,678,130,3,2,0.00311915159077,0.000623830318153,NaN,NaN,0.00881607242049,2.74986663147e-06
1980,40,1603,1603,678,131,3,2,0.00311915159077,0.00124766063631,NaN,NaN,0.0176431580482,5.50316844923e-06
1980,40,1603,1603,678,140,3,3,0.00311915159077,0.00124766063631,NaN,NaN,0.0797428683555,1.24365047342e-05
1980,40,1603,1603,678,146,3,2,0.00311915159077,0.000623830318153,NaN,NaN,0.00881607242049,2.74986663147e-06
1980,40,1603,1603,678,149,3,2,0.00311915159077,0.000623830318153,NaN,NaN,0.00881607242049,2.74986663147e-06
1980,40,1603,1603,678,157,3,2,0.00311915159077,0.00124766063631,NaN,NaN,0.0176431580482,5.50316844923e-06
1980,40,1603,1603,678,159,3,2,0.00311915159077,0.00374298190892,NaN,NaN,0.0530620464031,1.65508566448e-05
1980,40,1603,1603,678,164,3,2,0.00311915159077,0.000623830318153,NaN,NaN,0.00881607242049,2.74986663147e-06
1980,40,1603,1603,678,167,3,2,0.00311915159077,0.00311915159077,NaN,NaN,0.0441907009312,1.37837495107e-05
1980,40,1603,1603,678,177,3,2,0.00311915159077,0.000623830318153,NaN,NaN,0.00881607242049,2.74986663147e-06
1980,40,1603,1602,678,186,3,2,0.00312109862672,0.000624219725343,NaN,NaN,0.00882162754072,2.75331696028e-06
1980,40,1603,1603,678,188,3,2,0.00311915159077,0.00623830318153,NaN,NaN,0.0886588073925,2.76540260114e-05
1980,40,1603,1603,678,192,3,3,0.00311915159077,0.000623830318153,NaN,NaN,0.0176431580482,2.75158422462e-06
1980,40,1603,1603,678,198,3,2,0.00311915159077,0.00311915159077,NaN,NaN,0.0441907009312,1.37837495107e-05
1980,40,1603,1603,678,200,3,2,0.00311915159077,0.00124766063631,NaN,NaN,0.0176431580482,5.50316844923e-06
1980,40,1603,1603,678,207,3,2,0.00311915159077,0.008109794136,NaN,NaN,0.115473914609,3.60180644446e-05
1980,40,1603,1603,678,208,3,2,0.00311915159077,0.000623830318153,NaN,NaN,0.00881607242049,2.74986663147e-06
1980,40,1603,1603,678,211,3,2,0.00311915159077,0.000623830318153,NaN,NaN,0.00881607242049,2.74986663147e-06
1980,40,1603,1603,678,215,3,2,0.00311915159077,0.00124766063631,NaN,NaN,0.0176431580482,5.50316844923e-06
1980,40,1603,1603,678,218,3,3,0.00311915159077,0.00124766063631,NaN,NaN,0.0708381091793,1.10477400467e-05
1980,40,1603,1603,678,220,3,2,0.00311915159077,0.00124766063631,NaN,NaN,0.0176431580482,5.50316844923e-06
1980,40,1603,1603,678,221,3,3,0.00311915159077,0.000623830318153,NaN,NaN,0.0176431580482,2.75158422462e-06
1980,40,1603,1603,678,222,3,2,0.00311915159077,0.000623830318153,NaN,NaN,0.00881607242049,2.74986663147e-06
1980,40,1603,1603,678,226,3,2,0.00311915159077,0.000623830318153,NaN,NaN,0.00881607242049,2.74986663147e-06
1980,40,1603,1603,678,227,3,2,0.00311915159077,0.000623830318153,NaN,NaN,0.00881607242049,2.74986663147e-06
1980,40,1603,1603,678,232,3,2,0.00311915159077,0.000623830318153,NaN,NaN,0.00881607242049,2.74986663147e-06
1980,40,1603,1603,678,233,3,2,0.00311915159077,0.000623830318153,NaN,NaN,0.00881607242049,2.74986663147e-06
1980,40,1603,1603,678,240,3,2,0.00311915159077,0.00187149095446,NaN,NaN,0.026481277533,8.25991189427e-06
1980,40,1603,1603,678,244,3,2,0.00311915159077,0.000623830318153,NaN,NaN,0.00881607242049,2.74986663147e-06
1980,40,1603,1603,678,245,3,2,0.00311915159077,0.000623830318153,NaN,NaN,0.00881607242049,2.74986663147e-06
1980,40,1603,1603,681,15,2,2,0.00187149095446,0.000623830318153,-1.16749279755e-06,1.00000000001,0.00187617041199,1.17041198502e-06
1980,40,1603,1603,681,20,2,3,0.00187149095446,0.000623830318153,NaN,NaN,0.00375468457214,1.1711430356e-06
1980,40,1603,1603,681,22,2,2,0.00187149095446,0.00124766063631,-2.33498559521e-06,1.00000000005,0.00375468457214,2.34228607121e-06
1980,40,1603,1603,681,26,2,2,0.00187149095446,0.00374298190892,-7.00495678529e-06,1.00000000001,0.0112922667502,7.04445835942e-06
1980,40,1603,1603,681,33,2,2,0.00187149095446,0.000623830318153,-1.16749279755e-06,1.00000000001,0.00187617041199,1.17041198502e-06
1980,40,1603,1603,681,35,2,2,0.00187149095446,0.000623830318153,-1.16749279755e-06,1.00000000001,0.00187617041199,1.17041198502e-06
1980,40,1603,1603,681,46,2,3,0.00187149095446,0.000623830318153,NaN,NaN,0.00375468457214,1.1711430356e-06
1980,40,1603,1603,681,48,2,2,0.00187149095446,0.000623830318153,-1.16749279755e-06,1.00000000001,0.00187617041199,1.17041198502e-06
1980,40,1603,1603,681,49,2,2,0.00187149095446,0.000623830318153,-1.16749279755e-06,1.00000000001,0.00187617041199,1.17041198502e-06
1980,40,1603,1603,681,55,2,2,0.00187149095446,0.000623830318153,-1.16749279755e-06,1.00000000001,0.00187617041199,1.17041198502e-06
1980,40,1603,1603,681,60,2,2,0.00187149095446,0.000623830318153,-1.16749279755e-06,1.00000000001,0.00187617041199,1.17041198502e-06
1980,40,1603,1603,681,64,2,2,0.00187149095446,0.00249532127261,-4.6699711902e-06,1.00000000001,0.00751876172608,4.6904315197e-06
1980,40,1603,1603,681,73,2,2,0.00187149095446,0.000623830318153,-1.16749279755e-06,1.00000000001,0.00187617041199,1.17041198502e-06
1980,40,1603,1603,681,77,2,2,0.00187149095446,0.00374298190892,-7.00495678529e-06,1.00000000001,0.0112922667502,7.04445835942e-06
1980,40,1603,1603,681,94,2,2,0.00187149095446,0.000623830318153,-1.16749279755e-06,1.00000000001,0.00187617041199,1.17041198502e-06
1980,40,1603,1603,681,97,2,3,0.00187149095446,0.000623830318153,NaN,NaN,0.00375468457214,1.1711430356e-06
1980,40,1603,1603,681,101,2,2,0.00187149095446,0.00124766063631,-2.33498559521e-06,1.00000000005,0.00375468457214,2.34228607121e-06
1980,40,1603,1603,681,105,2,2,0.00187149095446,0.292576419214,0.00070010651426,0.528806584362,2.03221060976,0.00126775459124
1980,40,1603,1603,681,115,2,3,0.00187149095446,0.000623830318153,NaN,NaN,0.00375468457214,1.1711430356e-06
1980,40,1603,1603,681,123,2,3,0.00187149095446,0.000623830318153,NaN,NaN,0.00751876172608,2.34521575985e-06
1980,40,1603,1603,681,124,2,2,0.00187149095446,0.00187149095446,-3.50247839265e-06,1.00000000001,0.005635546875,3.515625e-06
1980,40,1603,1603,681,130,2,2,0.00187149095446,0.000623830318153,-1.16749279755e-06,1.00000000001,0.00187617041199,1.17041198502e-06
1980,40,1603,1603,681,131,2,2,0.00187149095446,0.00124766063631,-2.33498559521e-06,1.00000000005,0.00375468457214,2.34228607121e-06
1980,40,1603,1603,681,140,2,3,0.00187149095446,0.00124766063631,NaN,NaN,0.0169702791719,5.29328732748e-06
1980,40,1603,1603,681,146,2,2,0.00187149095446,0.000623830318153,-1.16749279755e-06,1.00000000001,0.00187617041199,1.17041198502e-06
1980,40,1603,1603,681,149,2,2,0.00187149095446,0.000623830318153,-1.16749279755e-06,1.00000000001,0.00187617041199,1.17041198502e-06
1980,40,1603,1603,681,157,2,2,0.00187149095446,0.00124766063631,-2.33498559521e-06,1.00000000005,0.00375468457214,2.34228607121e-06
1980,40,1603,1603,681,159,2,2,0.00187149095446,0.00374298190892,-7.00495678529e-06,1.00000000001,0.0112922667502,7.04445835942e-06
1980,40,1603,1603,681,164,2,2,0.00187149095446,0.000623830318153,-1.16749279755e-06,1.00000000001,0.00187617041199,1.17041198502e-06
1980,40,1603,1603,681,167,2,2,0.00187149095446,0.00311915159077,-5.83746398775e-06,1.00000000001,0.00940433354193,5.86670838548e-06
1980,40,1603,1603,681,177,2,2,0.00187149095446,0.000623830318153,-1.16749279755e-06,1.00000000001,0.00187617041199,1.17041198502e-06
1980,40,1603,1602,681,186,2,2,0.00187265917603,0.000624219725343,-1.16895079649e-06,0.999999999974,0.00187734448334,1.17187545776e-06
1980,40,1603,1603,681,188,2,2,0.00187149095446,0.00623830318153,-1.16749279754e-05,0.999999999996,0.0188677024482,1.17702448211e-05
1980,40,1603,1603,681,192,2,3,0.00187149095446,0.000623830318153,NaN,NaN,0.00375468457214,1.1711430356e-06
1980,40,1603,1603,681,198,2,2,0.00187149095446,0.00311915159077,-5.83746398775e-06,1.00000000001,0.00940433354193,5.86670838548e-06
1980,40,1603,1603,681,200,2,2,0.00187149095446,0.00124766063631,-2.33498559521e-06,1.00000000005,0.00375468457214,2.34228607121e-06
1980,40,1603,1603,681,207,2,2,0.00187149095446,0.008109794136,-1.5177406368e-05,0.999999999999,0.0245742924528,1.53301886792e-05
1980,40,1603,1603,681,208,2,2,0.00187149095446,0.000623830318153,-1.16749279755e-06,1.00000000001,0.00187617041199,1.17041198502e-06
1980,40,1603,1603,681,211,2,2,0.00187149095446,0.000623830318153,-1.16749279755e-06,1.00000000001,0.00187617041199,1.17041198502e-06
1980,40,1603,1603,681,215,2,2,0.00187149095446,0.00124766063631,-2.33498559521e-06,1.00000000005,0.00375468457214,2.34228607121e-06
1980,40,1603,1603,681,218,2,3,0.00187149095446,0.00124766063631,NaN,NaN,0.0150752351097,4.70219435737e-06
1980,40,1603,1603,681,220,2,2,0.00187149095446,0.00124766063631,-2.33498559521e-06,1.00000000005,0.00375468457214,2.34228607121e-06
1980,40,1603,1603,681,221,2,3,0.00187149095446,0.000623830318153,NaN,NaN,0.00375468457214,1.1711430356e-06
1980,40,1603,1603,681,222,2,2,0.00187149095446,0.000623830318153,-1.16749279755e-06,1.00000000001,0.00187617041199,1.17041198502e-06
1980,40,1603,1603,681,226,2,2,0.00187149095446,0.000623830318153,-1.16749279755e-06,1.00000000001,0.00187617041199,1.17041198502e-06
1980,40,1603,1603,681,227,2,2,0.00187149095446,0.000623830318153,-1.16749279755e-06,1.00000000001,0.00187617041199,1.17041198502e-06
1980,40,1603,1603,681,232,2,2,0.00187149095446,0.000623830318153,-1.16749279755e-06,1.00000000001,0.00187617041199,1.17041198502e-06
1980,40,1603,1603,681,233,2,2,0.00187149095446,0.000623830318153,-1.16749279755e-06,1.00000000001,0.00187617041199,1.17041198502e-06
1980,40,1603,1603,681,240,2,2,0.00187149095446,0.00187149095446,-3.50247839265e-06,1.00000000001,0.005635546875,3.515625e-06
1980,40,1603,1603,681,244,2,2,0.00187149095446,0.000623830318153,-1.16749279755e-06,1.00000000001,0.00187617041199,1.17041198502e-06
1980,40,1603,1603,681,245,2,2,0.00187149095446,0.000623830318153,-1.16749279755e-06,1.00000000001,0.00187617041199,1.17041198502e-06
1980,40,1603,1603,683,15,2,2,0.00124766063631,0.000623830318153,-7.78328531736e-07,1.00000000005,0.00124999902527,7.79787289623e-07
1980,40,1603,1603,683,20,2,3,0.00124766063631,0.000623830318153,NaN,NaN,0.00250155957336,7.80274352265e-07
1980,40,1603,1603,683,22,2,2,0.00124766063631,0.00124766063631,-1.55665706347e-06,1.00000000005,0.00250155957336,1.56054870453e-06
1980,40,1603,1603,683,26,2,2,0.00124766063631,0.00374298190892,-4.66997119031e-06,1.00000000003,0.00752347566115,4.69337221531e-06
1980,40,1603,1603,683,33,2,2,0.00124766063631,0.000623830318153,-7.78328531736e-07,1.00000000005,0.00124999902527,7.79787289623e-07
1980,40,1603,1603,683,35,2,2,0.00124766063631,0.000623830318153,-7.78328531736e-07,1.00000000005,0.00124999902527,7.79787289623e-07
1980,40,1603,1603,683,46,2,3,0.00124766063631,0.000623830318153,NaN,NaN,0.00250155957336,7.80274352265e-07
1980,40,1603,1603,683,48,2,2,0.00124766063631,0.000623830318153,-7.78328531736e-07,1.00000000005,0.00124999902527,7.79787289623e-07
1980,40,1603,1603,683,49,2,2,0.00124766063631,0.000623830318153,-7.78328531736e-07,1.00000000005,0.00124999902527,7.79787289623e-07
1980,40,1603,1603,683,55,2,2,0.00124766063631,0.000623830318153,-7.78328531736e-07,1.00000000005,0.00124999902527,7.79787289623e-07
1980,40,1603,1603,683,60,2,2,0.00124766063631,0.000623830318153,-7.78328531736e-07,1.00000000005,0.00124999902527,7.79787289623e-07
1980,40,1603,1603,683,64,2,2,0.00124766063631,0.00249532127261,-3.11331412683e-06,1.00000000002,0.00500937695679,3.1250012207e-06
1980,40,1603,1603,683,73,2,2,0.00124766063631,0.000623830318153,-7.78328531736e-07,1.00000000005,0.00124999902527,7.79787289623e-07
1980,40,1603,1603,683,77,2,2,0.00124766063631,0.00374298190892,-4.66997119031e-06,1.00000000003,0.00752347566115,4.69337221531e-06
1980,40,1603,1603,683,94,2,2,0.00124766063631,0.000623830318153,-7.78328531736e-07,1.00000000005,0.00124999902527,7.79787289623e-07
1980,40,1603,1603,683,97,2,3,0.00124766063631,0.000623830318153,NaN,NaN,0.00250155957336,7.80274352265e-07
1980,40,1603,1603,683,101,2,2,0.00124766063631,0.00124766063631,-1.55665706347e-06,1.00000000005,0.00250155957336,1.56054870453e-06
1980,40,1603,1603,683,105,2,2,0.00124766063631,0.292576419214,0.000258794236789,0.293209876543,0.416264704423,0.000259678542996
1980,40,1603,1603,683,115,2,3,0.00124766063631,0.000623830318153,NaN,NaN,0.00250155957336,7.80274352265e-07
1980,40,1603,1603,683,123,2,3,0.00124766063631,0.000623830318153,NaN,NaN,0.00500937695679,1.56250061035e-06
1980,40,1603,1603,683,124,2,2,0.00124766063631,0.00187149095446,-2.33498559521e-06,1.00000000005,0.00375468457214,2.34228607121e-06
1980,40,1603,1603,683,130,2,2,0.00124766063631,0.000623830318153,-7.78328531736e-07,1.00000000005,0.00124999902527,7.79787289623e-07
1980,40,1603,1603,683,131,2,2,0.00124766063631,0.00124766063631,-1.55665706347e-06,1.00000000005,0.00250155957336,1.56054870453e-06
1980,40,1603,1603,683,140,2,3,0.00124766063631,0.00124766063631,NaN,NaN,0.0113064529149,3.52665405953e-06
1980,40,1603,1603,683,146,2,2,0.00124766063631,0.000623830318153,-7.78328531736e-07,1.00000000005,0.00124999902527,7.79787289623e-07
1980,40,1603,1603,683,149,2,2,0.00124766063631,0.000623830318153,-7.78328531736e-07,1.00000000005,0.00124999902527,7.79787289623e-07
1980,40,1603,1603,683,157,2,2,0.00124766063631,0.00124766063631,-1.55665706347e-06,1.00000000005,0.00250155957336,1.56054870453e-06
1980,40,1603,1603,683,159,2,2,0.00124766063631,0.00374298190892,-4.66997119031e-06,1.00000000003,0.00752347566115,4.69337221531e-06
1980,40,1603,1603,683,164,2,2,0.00124766063631,0.000623830318153,-7.78328531736e-07,1.00000000005,0.00124999902527,7.79787289623e-07
1980,40,1603,1603,683,167,2,2,0.00124766063631,0.00311915159077,-3.89164265846e-06,0.999999999996,0.00626563966982,3.90869598866e-06
1980,40,1603,1603,683,177,2,2,0.00124766063631,0.000623830318153,-7.78328531736e-07,1.00000000005,0.00124999902527,7.79787289623e-07
1980,40,1603,1602,683,186,2,2,0.00124843945069,0.000624219725343,-7.79300530995e-07,0.999999999974,0.00125078076202,7.80762023735e-07
1980,40,1603,1603,683,188,2,2,0.00124766063631,0.00623830318153,-7.78328531692e-06,0.999999999996,0.0125706116665,7.84192867531e-06
1980,40,1603,1603,683,192,2,3,0.00124766063631,0.000623830318153,NaN,NaN,0.00250155957336,7.80274352265e-07
1980,40,1603,1603,683,198,2,2,0.00124766063631,0.00311915159077,-3.89164265846e-06,0.999999999996,0.00626563966982,3.90869598866e-06
1980,40,1603,1603,683,200,2,2,0.00124766063631,0.00124766063631,-1.55665706347e-06,1.00000000005,0.00250155957336,1.56054870453e-06
1980,40,1603,1603,683,207,2,2,0.00124766063631,0.008109794136,-1.01182709121e-05,1.00000000001,0.0163726287423,1.02137421973e-05
1980,40,1603,1603,683,208,2,2,0.00124766063631,0.000623830318153,-7.78328531736e-07,1.00000000005,0.00124999902527,7.79787289623e-07
1980,40,1603,1603,683,211,2,2,0.00124766063631,0.000623830318153,-7.78328531736e-07,1.00000000005,0.00124999902527,7.79787289623e-07
1980,40,1603,1603,683,215,2,2,0.00124766063631,0.00124766063631,-1.55665706347e-06,1.00000000005,0.00250155957336,1.56054870453e-06
1980,40,1603,1603,683,218,2,3,0.00124766063631,0.00124766063631,NaN,NaN,0.0100438793152,3.13283821436e-06
1980,40,1603,1603,683,220,2,2,0.00124766063631,0.00124766063631,-1.55665706347e-06,1.00000000005,0.00250155957336,1.56054870453e-06
1980,40,1603,1603,683,221,2,3,0.00124766063631,0.000623830318153,NaN,NaN,0.00250155957336,7.80274352265e-07
1980,40,1603,1603,683,222,2,2,0.00124766063631,0.000623830318153,-7.78328531736e-07,1.00000000005,0.00124999902527,7.79787289623e-07
1980,40,1603,1603,683,226,2,2,0.00124766063631,0.000623830318153,-7.78328531736e-07,1.00000000005,0.00124999902527,7.79787289623e-07
1980,40,1603,1603,683,227,2,2,0.00124766063631,0.000623830318153,-7.78328531736e-07,1.00000000005,0.00124999902527,7.79787289623e-07
1980,40,1603,1603,683,232,2,2,0.00124766063631,0.000623830318153,-7.78328531736e-07,1.00000000005,0.00124999902527,7.79787289623e-07
1980,40,1603,1603,683,233,2,2,0.00124766063631,0.000623830318153,-7.78328531736e-07,1.00000000005,0.00124999902527,7.79787289623e-07
1980,40,1603,1603,683,240,2,2,0.00124766063631,0.00187149095446,-2.33498559521e-06,1.00000000005,0.00375468457214,2.34228607121e-06
1980,40,1603,1603,683,244,2,2,0.00124766063631,0.000623830318153,-7.78328531736e-07,1.00000000005,0.00124999902527,7.79787289623e-07
1980,40,1603,1603,683,245,2,2,0.00124766063631,0.000623830318153,-7.78328531736e-07,1.00000000005,0.00124999902527,7.79787289623e-07
1980,40,1603,1603,684,15,2,2,0.00436681222707,0.000623830318153,-2.72414986091e-06,0.999999999992,0.00438870271809,2.73780581291e-06
1980,40,1603,1603,684,20,2,3,0.00436681222707,0.000623830318153,NaN,NaN,0.00878288788805,2.73951587275e-06
1980,40,1603,1603,684,22,2,2,0.00436681222707,0.00124766063631,-5.44829972182e-06,0.999999999992,0.00878288788805,5.47903174551e-06
1980,40,1603,1603,684,26,2,2,0.00436681222707,0.00374298190892,-1.63448991656e-05,0.999999999999,0.0264146590647,1.64782651682e-05
1980,40,1603,1603,684,33,2,2,0.00436681222707,0.000623830318153,-2.72414986091e-06,0.999999999992,0.00438870271809,2.73780581291e-06
1980,40,1603,1603,684,35,2,2,0.00436681222707,0.000623830318153,-2.72414986091e-06,0.999999999992,0.00438870271809,2.73780581291e-06
1980,40,1603,1603,684,46,2,3,0.00436681222707,0.000623830318153,NaN,NaN,0.00878288788805,2.73951587275e-06
1980,40,1603,1603,684,48,2,2,0.00436681222707,0.000623830318153,-2.72414986091e-06,0.999999999992,0.00438870271809,2.73780581291e-06
1980,40,1603,1603,684,49,2,2,0.00436681222707,0.000623830318153,-2.72414986091e-06,0.999999999992,0.00438870271809,2.73780581291e-06
1980,40,1603,1603,684,55,2,2,0.00436681222707,0.000623830318153,-2.72414986091e-06,0.999999999992,0.00438870271809,2.73780581291e-06
1980,40,1603,1603,684,60,2,2,0.00436681222707,0.000623830318153,-2.72414986091e-06,0.999999999992,0.00438870271809,2.73780581291e-06
1980,40,1603,1603,684,64,2,2,0.00436681222707,0.00249532127261,-1.08965994438e-05,1.0,0.0175877467277,1.09717696367e-05
1980,40,1603,1603,684,73,2,2,0.00436681222707,0.000623830318153,-2.72414986091e-06,0.999999999992,0.00438870271809,2.73780581291e-06
1980,40,1603,1603,684,77,2,2,0.00436681222707,0.00374298190892,-1.63448991656e-05,0.999999999999,0.0264146590647,1.64782651682e-05
1980,40,1603,1603,684,94,2,2,0.00436681222707,0.000623830318153,-2.72414986091e-06,0.999999999992,0.00438870271809,2.73780581291e-06
1980,40,1603,1603,684,97,2,3,0.00436681222707,0.000623830318153,NaN,NaN,0.00878288788805,2.73951587275e-06
1980,40,1603,1603,684,101,2,2,0.00436681222707,0.00124766063631,-5.44829972182e-06,0.999999999992,0.00878288788805,5.47903174551e-06
1980,40,1603,1603,684,105,2,2,0.00436681222707,0.292576419214,0.0030891859423,1.0,16.999607227,0.0106048703849
1980,40,1603,1603,684,115,2,3,0.00436681222707,0.000623830318153,NaN,NaN,0.00878288788805,2.73951587275e-06
1980,40,1603,1603,684,123,2,3,0.00436681222707,0.000623830318153,NaN,NaN,0.0175877467277,5.48588481836e-06
1980,40,1603,1603,684,124,2,2,0.00436681222707,0.00187149095446,-8.17244958284e-06,1.00000000001,0.0131825657895,8.22368421053e-06
1980,40,1603,1603,684,130,2,2,0.00436681222707,0.000623830318153,-2.72414986091e-06,0.999999999992,0.00438870271809,2.73780581291e-06
1980,40,1603,1603,684,131,2,2,0.00436681222707,0.00124766063631,-5.44829972182e-06,0.999999999992,0.00878288788805,5.47903174551e-06
1980,40,1603,1603,684,140,2,3,0.00436681222707,0.00124766063631,NaN,NaN,0.0396965594664,1.23819586608e-05
1980,40,1603,1603,684,146,2,2,0.00436681222707,0.000623830318153,-2.72414986091e-06,0.999999999992,0.00438870271809,2.73780581291e-06
1980,40,1603,1603,684,149,2,2,0.00436681222707,0.000623830318153,-2.72414986091e-06,0.999999999992,0.00438870271809,2.73780581291e-06
1980,40,1603,1603,684,157,2,2,0.00436681222707,0.00124766063631,-5.44829972182e-06,0.999999999992,0.00878288788805,5.47903174551e-06
1980,40,1603,1603,684,159,2,2,0.00436681222707,0.00374298190892,-1.63448991656e-05,0.999999999999,0.0264146590647,1.64782651682e-05
1980,40,1603,1603,684,164,2,2,0.00436681222707,0.000623830318153,-2.72414986091e-06,0.999999999992,0.00438870271809,2.73780581291e-06
1980,40,1603,1603,684,167,2,2,0.00436681222707,0.00311915159077,-1.36207493046e-05,0.999999999992,0.0219984410337,1.3723294469e-05
1980,40,1603,1603,684,177,2,2,0.00436681222707,0.000623830318153,-2.72414986091e-06,0.999999999992,0.00438870271809,2.73780581291e-06
1980,40,1603,1602,684,186,2,2,0.0043695380774,0.000624219725343,-2.72755185859e-06,1.00000000001,0.00439145596698,2.74123343757e-06
1980,40,1603,1603,684,188,2,2,0.00436681222707,0.00623830318153,-2.72414986093e-05,1.0,0.044134976487,2.75327364236e-05
1980,40,1603,1603,684,192,2,3,0.00436681222707,0.000623830318153,NaN,NaN,0.00878288788805,2.73951587275e-06
1980,40,1603,1603,684,198,2,2,0.00436681222707,0.00311915159077,-1.36207493046e-05,0.999999999992,0.0219984410337,1.3723294469e-05
1980,40,1603,1603,684,200,2,2,0.00436681222707,0.00124766063631,-5.44829972182e-06,0.999999999992,0.00878288788805,5.47903174551e-06
1980,40,1603,1603,684,207,2,2,0.00436681222707,0.008109794136,-3.54139481921e-05,0.999999999998,0.0574837250359,3.58600904778e-05
1980,40,1603,1603,684,208,2,2,0.00436681222707,0.000623830318153,-2.72414986091e-06,0.999999999992,0.00438870271809,2.73780581291e-06
1980,40,1603,1603,684,211,2,2,0.00436681222707,0.000623830318153,-2.72414986091e-06,0.999999999992,0.00438870271809,2.73780581291e-06
1980,40,1603,1603,684,215,2,2,0.00436681222707,0.00124766063631,-5.44829972182e-06,0.999999999992,0.00878288788805,5.47903174551e-06
1980,40,1603,1603,684,218,2,3,0.00436681222707,0.00124766063631,NaN,NaN,0.035263707859,1.09992850465e-05
1980,40,1603,1603,684,220,2,2,0.00436681222707,0.00124766063631,-5.44829972182e-06,0.999999999992,0.00878288788805,5.47903174551e-06
1980,40,1603,1603,684,221,2,3,0.00436681222707,0.000623830318153,NaN,NaN,0.00878288788805,2.73951587275e-06
1980,40,1603,1603,684,222,2,2,0.00436681222707,0.000623830318153,-2.72414986091e-06,0.999999999992,0.00438870271809,2.73780581291e-06
1980,40,1603,1603,684,226,2,2,0.00436681222707,0.000623830318153,-2.72414986091e-06,0.999999999992,0.00438870271809,2.73780581291e-06
1980,40,1603,1603,684,227,2,2,0.00436681222707,0.000623830318153,-2.72414986091e-06,0.999999999992,0.00438870271809,2.73780581291e-06
1980,40,1603,1603,684,232,2,2,0.00436681222707,0.000623830318153,-2.72414986091e-06,0.999999999992,0.00438870271809,2.73780581291e-06
1980,40,1603,1603,684,233,2,2,0.00436681222707,0.000623830318153,-2.72414986091e-06,0.999999999992,0.00438870271809,2.73780581291e-06
1980,40,1603,1603,684,240,2,2,0.00436681222707,0.00187149095446,-8.17244958284e-06,1.00000000001,0.0131825657895,8.22368421053e-06
1980,40,1603,1603,684,244,2,2,0.00436681222707,0.000623830318153,-2.72414986091e-06,0.999999999992,0.00438870271809,2.73780581291e-06
1980,40,1603,1603,684,245,2,2,0.00436681222707,0.000623830318153,-2.72414986091e-06,0.999999999992,0.00438870271809,2.73780581291e-06
1980,40,1603,1603,686,15,4,2,0.000623830318153,0.000623830318153,NaN,NaN,0.00754713427826,1.56937705932e-06
1980,40,1603,1603,686,20,4,3,0.000623830318153,0.000623830318153,NaN,NaN,0.0151036965818,1.57035730732e-06
1980,40,1603,1603,686,22,4,2,0.000623830318153,0.00124766063631,NaN,NaN,0.0151036965818,3.14071461465e-06
1980,40,1603,1603,686,26,4,2,0.000623830318153,0.00374298190892,NaN,NaN,0.0454245802646,9.44574345282e-06
1980,40,1603,1603,686,33,4,2,0.000623830318153,0.000623830318153,NaN,NaN,0.00754713427826,1.56937705932e-06
1980,40,1603,1603,686,35,4,2,0.000623830318153,0.000623830318153,NaN,NaN,0.00754713427826,1.56937705932e-06
1980,40,1603,1603,686,46,4,3,0.000623830318153,0.000623830318153,NaN,NaN,0.0151036965818,1.57035730732e-06
1980,40,1603,1603,686,48,4,2,0.000623830318153,0.000623830318153,NaN,NaN,0.00754713427826,1.56937705932e-06
1980,40,1603,1603,686,49,4,2,0.000623830318153,0.000623830318153,NaN,NaN,0.00754713427826,1.56937705932e-06
1980,40,1603,1603,686,55,4,2,0.000623830318153,0.000623830318153,NaN,NaN,0.00754713427826,1.56937705932e-06
1980,40,1603,1603,686,60,4,2,0.000623830318153,0.000623830318153,NaN,NaN,0.00754713427826,1.56937705932e-06
1980,40,1603,1603,686,64,4,2,0.000623830318153,0.00249532127261,NaN,NaN,0.0302451760194,6.28928592627e-06
1980,40,1603,1603,686,73,4,2,0.000623830318153,0.000623830318153,NaN,NaN,0.00754713427826,1.56937705932e-06
1980,40,1603,1603,686,77,4,2,0.000623830318153,0.00374298190892,NaN,NaN,0.0454245802646,9.44574345282e-06
1980,40,1603,1603,686,94,4,2,0.000623830318153,0.000623830318153,NaN,NaN,0.00754713427826,1.56937705932e-06
1980,40,1603,1603,686,97,4,3,0.000623830318153,0.000623830318153,NaN,NaN,0.0151036965818,1.57035730732e-06
1980,40,1603,1603,686,101,4,2,0.000623830318153,0.00124766063631,NaN,NaN,0.0151036965818,3.14071461465e-06
1980,40,1603,1603,686,105,4,2,0.000623830318153,0.292576419214,NaN,NaN,1.24817079025,0.000259548927064
1980,40,1603,1603,686,115,4,3,0.000623830318153,0.000623830318153,NaN,NaN,0.0151036965818,1.57035730732e-06
1980,40,1603,1603,686,123,4,3,0.000623830318153,0.000623830318153,NaN,NaN,0.0302451760194,3.14464296313e-06
1980,40,1603,1603,686,124,4,2,0.000623830318153,0.00187149095446,NaN,NaN,0.0226697045883,4.71401634192e-06
1980,40,1603,1603,686,130,4,2,0.000623830318153,0.000623830318153,NaN,NaN,0.00754713427826,1.56937705932e-06
1980,40,1603,1603,686,131,4,2,0.000623830318153,0.00124766063631,NaN,NaN,0.0151036965818,3.14071461465e-06
1980,40,1603,1603,686,140,4,3,0.000623830318153,0.00124766063631,NaN,NaN,0.0682651079196,7.09764066538e-06
1980,40,1603,1603,686,146,4,2,0.000623830318153,0.000623830318153,NaN,NaN,0.00754713427826,1.56937705932e-06
1980,40,1603,1603,686,149,4,2,0.000623830318153,0.000623830318153,NaN,NaN,0.00754713427826,1.56937705932e-06
1980,40,1603,1603,686,157,4,2,0.000623830318153,0.00124766063631,NaN,NaN,0.0151036965818,3.14071461465e-06
1980,40,1603,1603,686,159,4,2,0.000623830318153,0.00374298190892,NaN,NaN,0.0454245802646,9.44574345282e-06
1980,40,1603,1603,686,164,4,2,0.000623830318153,0.000623830318153,NaN,NaN,0.00754713427826,1.56937705932e-06
1980,40,1603,1603,686,167,4,2,0.000623830318153,0.00311915159077,NaN,NaN,0.0378301286413,7.86652706203e-06
1980,40,1603,1603,686,177,4,2,0.000623830318153,0.000623830318153,NaN,NaN,0.00754713427826,1.56937705932e-06
1980,40,1603,1602,686,186,4,2,0.000624219725343,0.000624219725343,NaN,NaN,0.00755188384618,1.57134495343e-06
1980,40,1603,1603,686,188,4,2,0.000623830318153,0.00623830318153,NaN,NaN,0.0758977345497,1.57824359638e-05
1980,40,1603,1603,686,192,4,3,0.000623830318153,0.000623830318153,NaN,NaN,0.0151036965818,1.57035730732e-06
1980,40,1603,1603,686,198,4,2,0.000623830318153,0.00311915159077,NaN,NaN,0.0378301286413,7.86652706203e-06
1980,40,1603,1603,686,200,4,2,0.000623830318153,0.00124766063631,NaN,NaN,0.0151036965818,3.14071461465e-06
1980,40,1603,1603,686,207,4,2,0.000623830318153,0.008109794136,NaN,NaN,0.0988532191691,2.05558783883e-05
1980,40,1603,1603,686,208,4,2,0.000623830318153,0.000623830318153,NaN,NaN,0.00754713427826,1.56937705932e-06
1980,40,1603,1603,686,211,4,2,0.000623830318153,0.000623830318153,NaN,NaN,0.00754713427826,1.56937705932e-06
1980,40,1603,1603,686,215,4,2,0.000623830318153,0.00124766063631,NaN,NaN,0.0151036965818,3.14071461465e-06
1980,40,1603,1603,686,218,4,3,0.000623830318153,0.00124766063631,NaN,NaN,0.0606420519813,6.30505843016e-06
1980,40,1603,1603,686,220,4,2,0.000623830318153,0.00124766063631,NaN,NaN,0.0151036965818,3.14071461465e-06
1980,40,1603,1603,686,221,4,3,0.000623830318153,0.000623830318153,NaN,NaN,0.0151036965818,1.57035730732e-06
1980,40,1603,1603,686,222,4,2,0.000623830318153,0.000623830318153,NaN,NaN,0.00754713427826,1.56937705932e-06
1980,40,1603,1603,686,226,4,2,0.000623830318153,0.000623830318153,NaN,NaN,0.00754713427826,1.56937705932e-06
1980,40,1603,1603,686,227,4,2,0.000623830318153,0.000623830318153,NaN,NaN,0.00754713427826,1.56937705932e-06
1980,40,1603,1603,686,232,4,2,0.000623830318153,0.000623830318153,NaN,NaN,0.00754713427826,1.56937705932e-06
1980,40,1603,1603,686,233,4,2,0.000623830318153,0.000623830318153,NaN,NaN,0.00754713427826,1.56937705932e-06
1980,40,1603,1603,686,240,4,2,0.000623830318153,0.00187149095446,NaN,NaN,0.0226697045883,4.71401634192e-06
1980,40,1603,1603,686,244,4,2,0.000623830318153,0.000623830318153,NaN,NaN,0.00754713427826,1.56937705932e-06
1980,40,1603,1603,686,245,4,2,0.000623830318153,0.000623830318153,NaN,NaN,0.00754713427826,1.56937705932e-06
1980,40,1603,1603,687,15,4,2,0.000623830318153,0.000623830318153,NaN,NaN,0.00187617041199,3.9013732834e-07
1980,40,1603,1603,687,20,4,3,0.000623830318153,0.000623830318153,NaN,NaN,0.00375468457214,3.90381011868e-07
1980,40,1603,1603,687,22,4,2,0.000623830318153,0.00124766063631,NaN,NaN,0.00375468457214,7.80762023735e-07
1980,40,1603,1603,687,26,4,2,0.000623830318153,0.00374298190892,NaN,NaN,0.0112922667502,2.34815278647e-06
1980,40,1603,1603,687,33,4,2,0.000623830318153,0.000623830318153,NaN,NaN,0.00187617041199,3.9013732834e-07
1980,40,1603,1603,687,35,4,2,0.000623830318153,0.000623830318153,NaN,NaN,0.00187617041199,3.9013732834e-07
1980,40,1603,1603,687,46,4,3,0.000623830318153,0.000623830318153,NaN,NaN,0.00375468457214,3.90381011868e-07
1980,40,1603,1603,687,48,4,2,0.000623830318153,0.000623830318153,NaN,NaN,0.00187617041199,3.9013732834e-07
1980,40,1603,1603,687,49,4,2,0.000623830318153,0.000623830318153,NaN,NaN,0.00187617041199,3.9013732834e-07
1980,40,1603,1603,687,55,4,2,0.000623830318153,0.000623830318153,NaN,NaN,0.00187617041199,3.9013732834e-07
1980,40,1603,1603,687,60,4,2,0.000623830318153,0.000623830318153,NaN,NaN,1603.0,0.333333333333
1980,40,1603,1603,687,64,4,2,0.000623830318153,0.00249532127261,NaN,NaN,0.00751876172608,1.56347717323e-06
1980,40,1603,1603,687,73,4,2,0.000623830318153,0.000623830318153,NaN,NaN,0.00187617041199,3.9013732834e-07
1980,40,1603,1603,687,77,4,2,0.000623830318153,0.00374298190892,NaN,NaN,0.0112922667502,2.34815278647e-06
1980,40,1603,1603,687,94,4,2,0.000623830318153,0.000623830318153,NaN,NaN,0.00187617041199,3.9013732834e-07
1980,40,1603,1603,687,97,4,3,0.000623830318153,0.000623830318153,NaN,NaN,0.00375468457214,3.90381011868e-07
1980,40,1603,1603,687,101,4,2,0.000623830318153,0.00124766063631,NaN,NaN,0.00375468457214,7.80762023735e-07
1980,40,1603,1603,687,105,4,2,0.000623830318153,0.292576419214,NaN,NaN,3.24511608624,0.000674800600174
1980,40,1603,1603,687,115,4,3,0.000623830318153,0.000623830318153,NaN,NaN,0.00375468457214,3.90381011868e-07
1980,40,1603,1603,687,123,4,3,0.000623830318153,0.000623830318153,NaN,NaN,0.00751876172608,7.81738586617e-07
1980,40,1603,1603,687,124,4,2,0.000623830318153,0.00187149095446,NaN,NaN,0.005635546875,1.171875e-06
1980,40,1603,1603,687,130,4,2,0.000623830318153,0.000623830318153,NaN,NaN,0.00187617041199,3.9013732834e-07
1980,40,1603,1603,687,131,4,2,0.000623830318153,0.00124766063631,NaN,NaN,0.00375468457214,7.80762023735e-07
1980,40,1603,1603,687,140,4,3,0.000623830318153,0.00124766063631,NaN,NaN,0.0169702791719,1.76442910916e-06
1980,40,1603,1603,687,146,4,2,0.000623830318153,0.000623830318153,NaN,NaN,0.00187617041199,3.9013732834e-07
1980,40,1603,1603,687,149,4,2,0.000623830318153,0.000623830318153,NaN,NaN,0.00187617041199,3.9013732834e-07
1980,40,1603,1603,687,157,4,2,0.000623830318153,0.00124766063631,NaN,NaN,0.00375468457214,7.80762023735e-07
1980,40,1603,1603,687,159,4,2,0.000623830318153,0.00374298190892,NaN,NaN,0.0112922667502,2.34815278647e-06
1980,40,1603,1603,687,164,4,2,0.000623830318153,0.000623830318153,NaN,NaN,0.00187617041199,3.9013732834e-07
1980,40,1603,1603,687,167,4,2,0.000623830318153,0.00311915159077,NaN,NaN,0.00940433354193,1.95556946183e-06
1980,40,1603,1603,687,177,4,2,0.000623830318153,0.000623830318153,NaN,NaN,0.00187617041199,3.9013732834e-07
1980,40,1603,1602,687,186,4,2,0.000624219725343,0.000624219725343,NaN,NaN,0.00187734448334,3.90625152588e-07
1980,40,1603,1603,687,188,4,2,0.000623830318153,0.00623830318153,NaN,NaN,0.0188677024482,3.92341494036e-06
1980,40,1603,1603,687,192,4,3,0.000623830318153,0.000623830318153,NaN,NaN,0.00375468457214,3.90381011868e-07
1980,40,1603,1603,687,198,4,2,0.000623830318153,0.00311915159077,NaN,NaN,0.00940433354193,1.95556946183e-06
1980,40,1603,1603,687,200,4,2,0.000623830318153,0.00124766063631,NaN,NaN,0.00375468457214,7.80762023735e-07
1980,40,1603,1603,687,207,4,2,0.000623830318153,0.008109794136,NaN,NaN,0.0245742924528,5.11006289308e-06
1980,40,1603,1603,687,208,4,2,0.000623830318153,0.000623830318153,NaN,NaN,0.00187617041199,3.9013732834e-07
1980,40,1603,1603,687,211,4,2,0.000623830318153,0.000623830318153,NaN,NaN,0.00187617041199,3.9013732834e-07
1980,40,1603,1603,687,215,4,2,0.000623830318153,0.00124766063631,NaN,NaN,0.00375468457214,7.80762023735e-07
1980,40,1603,1603,687,218,4,3,0.000623830318153,0.00124766063631,NaN,NaN,0.0150752351097,1.56739811912e-06
1980,40,1603,1603,687,220,4,2,0.000623830318153,0.00124766063631,NaN,NaN,0.00375468457214,7.80762023735e-07
1980,40,1603,1603,687,221,4,3,0.000623830318153,0.000623830318153,NaN,NaN,0.00375468457214,3.90381011868e-07
1980,40,1603,1603,687,222,4,2,0.000623830318153,0.000623830318153,NaN,NaN,0.00187617041199,3.9013732834e-07
1980,40,1603,1603,687,226,4,2,0.000623830318153,0.000623830318153,NaN,NaN,0.00187617041199,3.9013732834e-07
1980,40,1603,1603,687,227,4,2,0.000623830318153,0.000623830318153,NaN,NaN,0.00187617041199,3.9013732834e-07
1980,40,1603,1603,687,232,4,2,0.000623830318153,0.000623830318153,NaN,NaN,0.00187617041199,3.9013732834e-07
1980,40,1603,1603,687,233,4,2,0.000623830318153,0.000623830318153,NaN,NaN,0.00187617041199,3.9013732834e-07
1980,40,1603,1603,687,240,4,2,0.000623830318153,0.00187149095446,NaN,NaN,0.005635546875,1.171875e-06
1980,40,1603,1603,687,244,4,2,0.000623830318153,0.000623830318153,NaN,NaN,0.00187617041199,3.9013732834e-07
1980,40,1603,1603,687,245,4,2,0.000623830318153,0.000623830318153,NaN,NaN,0.00187617041199,3.9013732834e-07
1980,40,1603,1603,689,15,3,2,0.000623830318153,0.000623830318153,NaN,NaN,0.00375938967962,1.17261062995e-06
1980,40,1603,1603,689,20,3,3,0.000623830318153,0.000623830318153,NaN,NaN,0.00752347566115,1.17334305383e-06
1980,40,1603,1603,689,22,3,2,0.000623830318153,0.00124766063631,NaN,NaN,0.00752347566115,2.34668610766e-06
1980,40,1603,1603,689,26,3,2,0.000623830318153,0.00374298190892,NaN,NaN,0.0226269590485,7.05769153104e-06
1980,40,1603,1603,689,33,3,2,0.000623830318153,0.000623830318153,NaN,NaN,0.00375938967962,1.17261062995e-06
1980,40,1603,1603,689,35,3,2,0.000623830318153,0.000623830318153,NaN,NaN,0.00375938967962,1.17261062995e-06
1980,40,1603,1603,689,46,3,3,0.000623830318153,0.000623830318153,NaN,NaN,0.00752347566115,1.17334305383e-06
1980,40,1603,1603,689,48,3,2,0.000623830318153,0.000623830318153,NaN,NaN,0.00375938967962,1.17261062995e-06
1980,40,1603,1603,689,49,3,2,0.000623830318153,0.000623830318153,NaN,NaN,0.00375938967962,1.17261062995e-06
1980,40,1603,1603,689,55,3,2,0.000623830318153,0.000623830318153,NaN,NaN,0.00375938967962,1.17261062995e-06
1980,40,1603,1603,689,60,3,2,0.000623830318153,0.000623830318153,NaN,NaN,1603.0,0.5
1980,40,1603,1603,689,64,3,2,0.000623830318153,0.00249532127261,NaN,NaN,0.0150657717742,4.69924259957e-06
1980,40,1603,1603,689,73,3,2,0.000623830318153,0.000623830318153,NaN,NaN,0.00375938967962,1.17261062995e-06
1980,40,1603,1603,689,77,3,2,0.000623830318153,0.00374298190892,NaN,NaN,0.0226269590485,7.05769153104e-06
1980,40,1603,1603,689,94,3,2,0.000623830318153,0.000623830318153,NaN,NaN,0.00375938967962,1.17261062995e-06
1980,40,1603,1603,689,97,3,3,0.000623830318153,0.000623830318153,NaN,NaN,0.00752347566115,1.17334305383e-06
1980,40,1603,1603,689,101,3,2,0.000623830318153,0.00124766063631,NaN,NaN,0.00752347566115,2.34668610766e-06
1980,40,1603,1603,689,105,3,2,0.000623830318153,0.292576419214,NaN,NaN,2.70136917167,0.000842597994908
1980,40,1603,1603,689,115,3,3,0.000623830318153,0.000623830318153,NaN,NaN,0.00752347566115,1.17334305383e-06
1980,40,1603,1603,689,123,3,3,0.000623830318153,0.000623830318153,NaN,NaN,0.0150657717742,2.34962129979e-06
1980,40,1603,1603,689,124,3,2,0.000623830318153,0.00187149095446,NaN,NaN,0.0112922667502,3.52222917971e-06
1980,40,1603,1603,689,130,3,2,0.000623830318153,0.000623830318153,NaN,NaN,0.00375938967962,1.17261062995e-06
1980,40,1603,1603,689,131,3,2,0.000623830318153,0.00124766063631,NaN,NaN,0.00752347566115,2.34668610766e-06
1980,40,1603,1603,689,140,3,3,0.000623830318153,0.00124766063631,NaN,NaN,0.0340043164371,5.30323088539e-06
1980,40,1603,1603,689,146,3,2,0.000623830318153,0.000623830318153,NaN,NaN,0.00375938967962,1.17261062995e-06
1980,40,1603,1603,689,149,3,2,0.000623830318153,0.000623830318153,NaN,NaN,0.00375938967962,1.17261062995e-06
1980,40,1603,1603,689,157,3,2,0.000623830318153,0.00124766063631,NaN,NaN,0.00752347566115,2.34668610766e-06
1980,40,1603,1603,689,159,3,2,0.000623830318153,0.00374298190892,NaN,NaN,0.0226269590485,7.05769153104e-06
1980,40,1603,1603,689,164,3,2,0.000623830318153,0.000623830318153,NaN,NaN,0.00375938967962,1.17261062995e-06
1980,40,1603,1603,689,167,3,2,0.000623830318153,0.00311915159077,NaN,NaN,0.0188439995831,5.8777291276e-06
1980,40,1603,1603,689,177,3,2,0.000623830318153,0.000623830318153,NaN,NaN,0.00375938967962,1.17261062995e-06
1980,40,1603,1602,689,186,3,2,0.000624219725343,0.000624219725343,NaN,NaN,0.0037617466527,1.17407823118e-06
1980,40,1603,1603,689,188,3,2,0.000623830318153,0.00623830318153,NaN,NaN,0.0378062916933,1.17923554876e-05
1980,40,1603,1603,689,192,3,3,0.000623830318153,0.000623830318153,NaN,NaN,0.00752347566115,1.17334305383e-06
1980,40,1603,1603,689,198,3,2,0.000623830318153,0.00311915159077,NaN,NaN,0.0188439995831,5.8777291276e-06
1980,40,1603,1603,689,200,3,2,0.000623830318153,0.00124766063631,NaN,NaN,0.00752347566115,2.34668610766e-06
1980,40,1603,1603,689,207,3,2,0.000623830318153,0.008109794136,NaN,NaN,22.9663302412,0.0071635465506
1980,40,1603,1603,689,208,3,2,0.000623830318153,0.000623830318153,NaN,NaN,0.00375938967962,1.17261062995e-06
1980,40,1603,1603,689,211,3,2,0.000623830318153,0.000623830318153,NaN,NaN,0.00375938967962,1.17261062995e-06
1980,40,1603,1603,689,215,3,2,0.000623830318153,0.00124766063631,NaN,NaN,0.00752347566115,2.34668610766e-06
1980,40,1603,1603,689,218,3,3,0.000623830318153,0.00124766063631,NaN,NaN,0.030207108548,4.71102753399e-06
1980,40,1603,1603,689,220,3,2,0.000623830318153,0.00124766063631,NaN,NaN,0.00752347566115,2.34668610766e-06
1980,40,1603,1603,689,221,3,3,0.000623830318153,0.000623830318153,NaN,NaN,0.00752347566115,1.17334305383e-06
1980,40,1603,1603,689,222,3,2,0.000623830318153,0.000623830318153,NaN,NaN,0.00375938967962,1.17261062995e-06
1980,40,1603,1603,689,226,3,2,0.000623830318153,0.000623830318153,NaN,NaN,0.00375938967962,1.17261062995e-06
1980,40,1603,1603,689,227,3,2,0.000623830318153,0.000623830318153,NaN,NaN,0.00375938967962,1.17261062995e-06
1980,40,1603,1603,689,232,3,2,0.000623830318153,0.000623830318153,NaN,NaN,0.00375938967962,1.17261062995e-06
1980,40,1603,1603,689,233,3,2,0.000623830318153,0.000623830318153,NaN,NaN,0.00375938967962,1.17261062995e-06
1980,40,1603,1603,689,240,3,2,0.000623830318153,0.00187149095446,NaN,NaN,0.0112922667502,3.52222917971e-06
1980,40,1603,1603,689,244,3,2,0.000623830318153,0.000623830318153,NaN,NaN,0.00375938967962,1.17261062995e-06
1980,40,1603,1603,689,245,3,2,0.000623830318153,0.000623830318153,NaN,NaN,0.00375938967962,1.17261062995e-06
1980,40,1603,1603,690,15,4,2,0.000623830318153,0.000623830318153,NaN,NaN,0.0100882088945,2.09777685476e-06
1980,40,1603,1603,690,20,4,3,0.000623830318153,0.000623830318153,NaN,NaN,0.0201890201737,2.09908714636e-06
1980,40,1603,1603,690,22,4,2,0.000623830318153,0.00124766063631,NaN,NaN,0.0201890201737,4.19817429272e-06
1980,40,1603,1603,690,26,4,2,0.000623830318153,0.00374298190892,NaN,NaN,0.0607187626137,1.26260683331e-05
1980,40,1603,1603,690,33,4,2,0.000623830318153,0.000623830318153,NaN,NaN,0.0100882088945,2.09777685476e-06
1980,40,1603,1603,690,35,4,2,0.000623830318153,0.000623830318153,NaN,NaN,0.0100882088945,2.09777685476e-06
1980,40,1603,1603,690,46,4,3,0.000623830318153,0.000623830318153,NaN,NaN,0.0201890201737,2.09908714636e-06
1980,40,1603,1603,690,48,4,2,0.000623830318153,0.000623830318153,NaN,NaN,0.0100882088945,2.09777685476e-06
1980,40,1603,1603,690,49,4,2,0.000623830318153,0.000623830318153,NaN,NaN,0.0100882088945,2.09777685476e-06
1980,40,1603,1603,690,55,4,2,0.000623830318153,0.000623830318153,NaN,NaN,0.0100882088945,2.09777685476e-06
1980,40,1603,1603,690,60,4,2,0.000623830318153,0.000623830318153,NaN,NaN,0.0100882088945,2.09777685476e-06
1980,40,1603,1603,690,64,4,2,0.000623830318153,0.00249532127261,NaN,NaN,0.0404285444628,8.40685058491e-06
1980,40,1603,1603,690,73,4,2,0.000623830318153,0.000623830318153,NaN,NaN,0.0100882088945,2.09777685476e-06
1980,40,1603,1603,690,77,4,2,0.000623830318153,0.00374298190892,NaN,NaN,0.0607187626137,1.26260683331e-05
1980,40,1603,1603,690,94,4,2,0.000623830318153,0.000623830318153,NaN,NaN,0.0100882088945,2.09777685476e-06
1980,40,1603,1603,690,97,4,3,0.000623830318153,0.000623830318153,NaN,NaN,0.0201890201737,2.09908714636e-06
1980,40,1603,1603,690,101,4,2,0.000623830318153,0.00124766063631,NaN,NaN,0.0201890201737,4.19817429272e-06
1980,40,1603,1603,690,105,4,2,0.000623830318153,0.292576419214,NaN,NaN,2.36527505732,0.000491843430509
1980,40,1603,1603,690,115,4,3,0.000623830318153,0.000623830318153,NaN,NaN,0.0201890201737,2.09908714636e-06
1980,40,1603,1603,690,123,4,3,0.000623830318153,0.000623830318153,NaN,NaN,0.0404285444628,4.20342529246e-06
1980,40,1603,1603,690,124,4,2,0.000623830318153,0.00187149095446,NaN,NaN,0.0303024574669,6.30119722747e-06
1980,40,1603,1603,690,130,4,2,0.000623830318153,0.000623830318153,NaN,NaN,1603.0,0.333333333333
1980,40,1603,1603,690,131,4,2,0.000623830318153,0.00124766063631,NaN,NaN,0.0201890201737,4.19817429272e-06
1980,40,1603,1603,690,140,4,3,0.000623830318153,0.00124766063631,NaN,NaN,0.0912495582442,9.4873734918e-06
1980,40,1603,1603,690,146,4,2,0.000623830318153,0.000623830318153,NaN,NaN,0.0100882088945,2.09777685476e-06
1980,40,1603,1603,690,149,4,2,0.000623830318153,0.000623830318153,NaN,NaN,0.0100882088945,2.09777685476e-06
1980,40,1603,1603,690,157,4,2,0.000623830318153,0.00124766063631,NaN,NaN,0.0201890201737,4.19817429272e-06
1980,40,1603,1603,690,159,4,2,0.000623830318153,0.00374298190892,NaN,NaN,0.0607187626137,1.26260683331e-05
1980,40,1603,1603,690,164,4,2,0.000623830318153,0.000623830318153,NaN,NaN,0.0100882088945,2.09777685476e-06
1980,40,1603,1603,690,167,4,2,0.000623830318153,0.00311915159077,NaN,NaN,0.0505673049093,1.05151393033e-05
1980,40,1603,1603,690,177,4,2,0.000623830318153,0.000623830318153,NaN,NaN,0.0100882088945,2.09777685476e-06
1980,40,1603,1602,690,186,4,2,0.000624219725343,0.000624219725343,NaN,NaN,0.0100945736153,2.10041065654e-06
1980,40,1603,1603,690,188,4,2,0.000623830318153,0.00623830318153,NaN,NaN,0.10145204425,2.10962870139e-05
1980,40,1603,1603,690,192,4,3,0.000623830318153,0.000623830318153,NaN,NaN,0.0201890201737,2.09908714636e-06
1980,40,1603,1603,690,198,4,2,0.000623830318153,0.00311915159077,NaN,NaN,0.0505673049093,1.05151393033e-05
1980,40,1603,1603,690,200,4,2,0.000623830318153,0.00124766063631,NaN,NaN,0.0201890201737,4.19817429272e-06
1980,40,1603,1603,690,207,4,2,0.000623830318153,0.008109794136,NaN,NaN,0.132136502162,2.74769187278e-05
1980,40,1603,1603,690,208,4,2,0.000623830318153,0.000623830318153,NaN,NaN,0.0100882088945,2.09777685476e-06
1980,40,1603,1603,690,211,4,2,0.000623830318153,0.000623830318153,NaN,NaN,0.0100882088945,2.09777685476e-06
1980,40,1603,1603,690,215,4,2,0.000623830318153,0.00124766063631,NaN,NaN,0.0201890201737,4.19817429272e-06
1980,40,1603,1603,690,218,4,3,0.000623830318153,0.00124766063631,NaN,NaN,0.0810598653243,8.42793359578e-06
1980,40,1603,1603,690,220,4,2,0.000623830318153,0.00124766063631,NaN,NaN,0.0201890201737,4.19817429272e-06
1980,40,1603,1603,690,221,4,3,0.000623830318153,0.000623830318153,NaN,NaN,0.0201890201737,2.09908714636e-06
1980,40,1603,1603,690,222,4,2,0.000623830318153,0.000623830318153,NaN,NaN,0.0100882088945,2.09777685476e-06
1980,40,1603,1603,690,226,4,2,0.000623830318153,0.000623830318153,NaN,NaN,0.0100882088945,2.09777685476e-06
1980,40,1603,1603,690,227,4,2,0.000623830318153,0.000623830318153,NaN,NaN,0.0100882088945,2.09777685476e-06
1980,40,1603,1603,690,232,4,2,0.000623830318153,0.000623830318153,NaN,NaN,0.0100882088945,2.09777685476e-06
1980,40,1603,1603,690,233,4,2,0.000623830318153,0.000623830318153,NaN,NaN,0.0100882088945,2.09777685476e-06
1980,40,1603,1603,690,240,4,2,0.000623830318153,0.00187149095446,NaN,NaN,0.0303024574669,6.30119722747e-06
1980,40,1603,1603,690,244,4,2,0.000623830318153,0.000623830318153,NaN,NaN,0.0100882088945,2.09777685476e-06
1980,40,1603,1603,690,245,4,2,0.000623830318153,0.000623830318153,NaN,NaN,113.570848939,0.0236163129422
1980,40,1603,1603,691,15,2,2,0.000623830318153,0.000623830318153,-3.89164265702e-07,0.999999999625,0.000624609375609,3.89650265508e-07
1980,40,1603,1603,691,20,2,3,0.000623830318153,0.000623830318153,NaN,NaN,0.00124999902527,3.89893644812e-07
1980,40,1603,1603,691,22,2,2,0.000623830318153,0.00124766063631,-7.78328531736e-07,1.00000000005,0.00124999902527,7.79787289623e-07
1980,40,1603,1603,691,26,2,2,0.000623830318153,0.00374298190892,-2.3349855951e-06,1.00000000001,0.00375938967962,2.3452212599e-06
1980,40,1603,1603,691,33,2,2,0.000623830318153,0.000623830318153,-3.89164265702e-07,0.999999999625,0.000624609375609,3.89650265508e-07
1980,40,1603,1603,691,35,2,2,0.000623830318153,0.000623830318153,-3.89164265702e-07,0.999999999625,0.000624609375609,3.89650265508e-07
1980,40,1603,1603,691,46,2,3,0.000623830318153,0.000623830318153,NaN,NaN,0.00124999902527,3.89893644812e-07
1980,40,1603,1603,691,48,2,2,0.000623830318153,0.000623830318153,-3.89164265702e-07,0.999999999625,0.000624609375609,3.89650265508e-07
1980,40,1603,1603,691,49,2,2,0.000623830318153,0.000623830318153,-3.89164265702e-07,0.999999999625,0.000624609375609,3.89650265508e-07
1980,40,1603,1603,691,55,2,2,0.000623830318153,0.000623830318153,-3.89164265702e-07,0.999999999625,0.000624609375609,3.89650265508e-07
1980,40,1603,1603,691,60,2,2,0.000623830318153,0.000623830318153,-3.89164265702e-07,0.999999999625,0.000624609375609,3.89650265508e-07
1980,40,1603,1603,691,64,2,2,0.000623830318153,0.00249532127261,-1.55665706336e-06,0.999999999982,0.00250312500244,1.56152526665e-06
1980,40,1603,1603,691,73,2,2,0.000623830318153,0.000623830318153,-3.89164265702e-07,0.999999999625,0.000624609375609,3.89650265508e-07
1980,40,1603,1603,691,77,2,2,0.000623830318153,0.00374298190892,-2.3349855951e-06,1.00000000001,0.00375938967962,2.3452212599e-06
1980,40,1603,1603,691,94,2,2,0.000623830318153,0.000623830318153,-3.89164265702e-07,0.999999999625,0.000624609375609,3.89650265508e-07
1980,40,1603,1603,691,97,2,3,0.000623830318153,0.000623830318153,NaN,NaN,0.00124999902527,3.89893644812e-07
1980,40,1603,1603,691,101,2,2,0.000623830318153,0.00124766063631,-7.78328531736e-07,1.00000000005,0.00124999902527,7.79787289623e-07
1980,40,1603,1603,691,105,2,2,0.000623830318153,0.292576419214,-0.000182518040682,1.0,0.413838411862,0.000258164948136
1980,40,1603,1603,691,115,2,3,0.000623830318153,0.000623830318153,NaN,NaN,0.00124999902527,3.89893644812e-07
1980,40,1603,1603,691,123,2,3,0.000623830318153,0.000623830318153,NaN,NaN,0.00250312500244,7.80762633325e-07
1980,40,1603,1603,691,124,2,2,0.000623830318153,0.00187149095446,-1.16749279755e-06,1.00000000001,0.00187617041199,1.17041198502e-06
1980,40,1603,1603,691,130,2,2,0.000623830318153,0.000623830318153,-3.89164265702e-07,0.999999999625,0.000624609375609,3.89650265508e-07
1980,40,1603,1603,691,131,2,2,0.000623830318153,0.00124766063631,-7.78328531736e-07,1.00000000005,0.00124999902527,7.79787289623e-07
1980,40,1603,1603,691,140,2,3,0.000623830318153,0.00124766063631,NaN,NaN,0.00564969760196,1.76222632625e-06
1980,40,1603,1603,691,146,2,2,0.000623830318153,0.000623830318153,-3.89164265702e-07,0.999999999625,0.000624609375609,3.89650265508e-07
1980,40,1603,1603,691,149,2,2,0.000623830318153,0.000623830318153,-3.89164265702e-07,0.999999999625,0.000624609375609,3.89650265508e-07
1980,40,1603,1603,691,157,2,2,0.000623830318153,0.00124766063631,-7.78328531736e-07,1.00000000005,0.00124999902527,7.79787289623e-07
1980,40,1603,1603,691,159,2,2,0.000623830318153,0.00374298190892,-2.3349855951e-06,1.00000000001,0.00375938967962,2.3452212599e-06
1980,40,1603,1603,691,164,2,2,0.000623830318153,0.000623830318153,-3.89164265702e-07,0.999999999625,0.000624609375609,3.89650265508e-07
1980,40,1603,1603,691,167,2,2,0.000623830318153,0.00311915159077,-1.94582132917e-06,0.999999999968,0.00313086426698,1.95312805176e-06
1980,40,1603,1603,691,177,2,2,0.000623830318153,0.000623830318153,-3.89164265702e-07,0.999999999625,0.000624609375609,3.89650265508e-07
1980,40,1603,1602,691,186,2,2,0.000624219725343,0.000624219725343,-3.89650265498e-07,0.999999999974,0.000624999756164,3.90137176132e-07
1980,40,1603,1603,691,188,2,2,0.000623830318153,0.00623830318153,-3.89164265846e-06,0.999999999996,0.00628138242138,3.91851679437e-06
1980,40,1603,1603,691,192,2,3,0.000623830318153,0.000623830318153,NaN,NaN,0.00124999902527,3.89893644812e-07
1980,40,1603,1603,691,198,2,2,0.000623830318153,0.00311915159077,-1.94582132917e-06,0.999999999968,0.00313086426698,1.95312805176e-06
1980,40,1603,1603,691,200,2,2,0.000623830318153,0.00124766063631,-7.78328531736e-07,1.00000000005,0.00124999902527,7.79787289623e-07
1980,40,1603,1603,691,207,2,2,0.000623830318153,0.008109794136,-5.05913545601e-06,0.999999999998,0.00818120431222,5.10368328897e-06
1980,40,1603,1603,691,208,2,2,0.000623830318153,0.000623830318153,-3.89164265702e-07,0.999999999625,0.000624609375609,3.89650265508e-07
1980,40,1603,1603,691,211,2,2,0.000623830318153,0.000623830318153,-3.89164265702e-07,0.999999999625,0.000624609375609,3.89650265508e-07
1980,40,1603,1603,691,215,2,2,0.000623830318153,0.00124766063631,-7.78328531736e-07,1.00000000005,0.00124999902527,7.79787289623e-07
1980,40,1603,1603,691,218,2,3,0.000623830318153,0.00124766063631,NaN,NaN,0.00501880486383,1.56544131748e-06
1980,40,1603,1603,691,220,2,2,0.000623830318153,0.00124766063631,-7.78328531736e-07,1.00000000005,0.00124999902527,7.79787289623e-07
1980,40,1603,1603,691,221,2,3,0.000623830318153,0.000623830318153,NaN,NaN,0.00124999902527,3.89893644812e-07
1980,40,1603,1603,691,222,2,2,0.000623830318153,0.000623830318153,-3.89164265702e-07,0.999999999625,0.000624609375609,3.89650265508e-07
1980,40,1603,1603,691,226,2,2,0.000623830318153,0.000623830318153,-3.89164265702e-07,0.999999999625,0.000624609375609,3.89650265508e-07
1980,40,1603,1603,691,227,2,2,0.000623830318153,0.000623830318153,-3.89164265702e-07,0.999999999625,0.000624609375609,3.89650265508e-07
1980,40,1603,1603,691,232,2,2,0.000623830318153,0.000623830318153,-3.89164265702e-07,0.999999999625,0.000624609375609,3.89650265508e-07
1980,40,1603,1603,691,233,2,2,0.000623830318153,0.000623830318153,-3.89164265702e-07,0.999999999625,0.000624609375609,3.89650265508e-07
1980,40,1603,1603,691,240,2,2,0.000623830318153,0.00187149095446,-1.16749279755e-06,1.00000000001,0.00187617041199,1.17041198502e-06
1980,40,1603,1603,691,244,2,2,0.000623830318153,0.000623830318153,-3.89164265702e-07,0.999999999625,0.000624609375609,3.89650265508e-07
1980,40,1603,1603,691,245,2,2,0.000623830318153,0.000623830318153,-3.89164265702e-07,0.999999999625,0.000624609375609,3.89650265508e-07
1980,40,1603,1603,722,15,2,2,0.0873362445415,0.000623830318153,-5.44829972187e-05,1.0,0.0957535138493,5.97339450089e-05
1980,40,1603,1603,722,20,2,3,0.0873362445415,0.000623830318153,NaN,NaN,0.19162664483,5.97712554056e-05
1980,40,1603,1603,722,22,2,2,0.0873362445415,0.00124766063631,-0.000108965994437,1.0,0.19162664483,0.000119542510811
1980,40,1603,1603,722,26,2,2,0.0873362445415,0.00374298190892,-0.000326897983312,1.0,0.576319834139,0.000359525785489
1980,40,1603,1603,722,33,2,2,0.0873362445415,0.000623830318153,-5.44829972187e-05,1.0,0.0957535138493,5.97339450089e-05
1980,40,1603,1603,722,35,2,2,0.0873362445415,0.000623830318153,-5.44829972187e-05,1.0,0.0957535138493,5.97339450089e-05
1980,40,1603,1603,722,46,2,3,0.0873362445415,0.000623830318153,NaN,NaN,0.19162664483,5.97712554056e-05
1980,40,1603,1603,722,48,2,2,0.0873362445415,0.000623830318153,-5.44829972187e-05,1.0,0.0957535138493,5.97339450089e-05
1980,40,1603,1603,722,49,2,2,0.0873362445415,0.000623830318153,-5.44829972187e-05,1.0,0.0957535138493,5.97339450089e-05
1980,40,1603,1603,722,55,2,2,0.0873362445415,0.000623830318153,-5.44829972187e-05,1.0,0.0957535138493,5.97339450089e-05
1980,40,1603,1603,722,60,2,2,0.0873362445415,0.000623830318153,-5.44829972187e-05,1.0,0.0957535138493,5.97339450089e-05
1980,40,1603,1603,722,64,2,2,0.0873362445415,0.00249532127261,-0.000217931988875,1.0,0.383732655876,0.000239384064801
1980,40,1603,1603,722,73,2,2,0.0873362445415,0.000623830318153,-5.44829972187e-05,1.0,0.0957535138493,5.97339450089e-05
1980,40,1603,1603,722,77,2,2,0.0873362445415,0.00374298190892,-0.000326897983312,1.0,0.576319834139,0.000359525785489
1980,40,1603,1603,722,94,2,2,0.0873362445415,0.000623830318153,-5.44829972187e-05,1.0,0.0957535138493,5.97339450089e-05
1980,40,1603,1603,722,97,2,3,0.0873362445415,0.000623830318153,NaN,NaN,0.19162664483,5.97712554056e-05
1980,40,1603,1603,722,101,2,2,0.0873362445415,0.00124766063631,-0.000108965994437,1.0,0.19162664483,0.000119542510811
1980,40,1603,1603,722,105,2,2,0.0873362445415,0.292576419214,0.0149964449844,0.242724867725,21.8517382613,0.0136317768318
1980,40,1603,1603,722,115,2,3,0.0873362445415,0.000623830318153,NaN,NaN,0.19162664483,5.97712554056e-05
1980,40,1603,1603,722,123,2,3,0.0873362445415,0.000623830318153,NaN,NaN,0.383732655876,0.000119692032401
1980,40,1603,1603,722,124,2,2,0.0873362445415,0.00187149095446,-0.000163448991656,1.0,0.287619617225,0.000179425837321
1980,40,1603,1603,722,130,2,2,0.0873362445415,0.000623830318153,-5.44829972187e-05,1.0,0.0957535138493,5.97339450089e-05
1980,40,1603,1603,722,131,2,2,0.0873362445415,0.00124766063631,-0.000108965994437,1.0,0.19162664483,0.000119542510811
1980,40,1603,1603,722,140,2,3,0.0873362445415,0.00124766063631,NaN,NaN,0.866106751995,0.000270151825326
1980,40,1603,1603,722,146,2,2,0.0873362445415,0.000623830318153,-5.44829972187e-05,1.0,0.0957535138493,5.97339450089e-05
1980,40,1603,1603,722,149,2,2,0.0873362445415,0.000623830318153,-5.44829972187e-05,1.0,0.0957535138493,5.97339450089e-05
1980,40,1603,1603,722,157,2,2,0.0873362445415,0.00124766063631,-0.000108965994437,1.0,0.19162664483,0.000119542510811
1980,40,1603,1603,722,159,2,2,0.0873362445415,0.00374298190892,-0.000326897983312,1.0,0.576319834139,0.000359525785489
1980,40,1603,1603,722,164,2,2,0.0873362445415,0.000623830318153,-5.44829972187e-05,1.0,0.0957535138493,5.97339450089e-05
1980,40,1603,1603,722,167,2,2,0.0873362445415,0.00311915159077,-0.000272414986093,1.0,0.479965986191,0.000299417333868
1980,40,1603,1603,722,177,2,2,0.0873362445415,0.000623830318153,-5.44829972187e-05,1.0,0.0957535138493,5.97339450089e-05
1980,40,1603,1602,722,186,2,2,0.0873907615481,0.000624219725343,-5.45510371711e-05,1.0,0.0958190460647,5.98121386172e-05
1980,40,1603,1603,722,188,2,2,0.0873362445415,0.00623830318153,-0.000544829972186,1.0,0.962944941535,0.000600714249242
1980,40,1603,1603,722,192,2,3,0.0873362445415,0.000623830318153,NaN,NaN,0.19162664483,5.97712554056e-05
1980,40,1603,1603,722,198,2,2,0.0873362445415,0.00311915159077,0.000975245650214,0.342583732057,6.15143606542,0.00383745231779
1980,40,1603,1603,722,200,2,2,0.0873362445415,0.00124766063631,0.000514864323716,0.452153110048,4.27818461249,0.00266886126793
1980,40,1603,1603,722,207,2,2,0.0873362445415,0.008109794136,0.000539381672464,0.0728744939271,0.727356198915,0.00045374684898
1980,40,1603,1603,722,208,2,2,0.0873362445415,0.000623830318153,0.000569347320935,1.0,10.4565230961,0.00652309612984
1980,40,1603,1603,722,211,2,2,0.0873362445415,0.000623830318153,-5.44829972187e-05,1.0,0.0957535138493,5.97339450089e-05
1980,40,1603,1603,722,215,2,2,0.0873362445415,0.00124766063631,-0.000108965994437,1.0,0.19162664483,0.000119542510811
1980,40,1603,1603,722,218,2,3,0.0873362445415,0.00124766063631,NaN,NaN,4.7598907071,0.00148468206709
1980,40,1603,1603,722,220,2,2,0.0873362445415,0.00124766063631,-0.000108965994437,1.0,0.19162664483,0.000119542510811
1980,40,1603,1603,722,221,2,3,0.0873362445415,0.000623830318153,NaN,NaN,0.19162664483,5.97712554056e-05
1980,40,1603,1603,722,222,2,2,0.0873362445415,0.000623830318153,-5.44829972187e-05,1.0,0.0957535138493,5.97339450089e-05
1980,40,1603,1603,722,226,2,2,0.0873362445415,0.000623830318153,-5.44829972187e-05,1.0,0.0957535138493,5.97339450089e-05
1980,40,1603,1603,722,227,2,2,0.0873362445415,0.000623830318153,-5.44829972187e-05,1.0,0.0957535138493,5.97339450089e-05
1980,40,1603,1603,722,232,2,2,0.0873362445415,0.000623830318153,-5.44829972187e-05,1.0,0.0957535138493,5.97339450089e-05
1980,40,1603,1603,722,233,2,2,0.0873362445415,0.000623830318153,0.000569347320935,1.0,10.4565230961,0.00652309612984
1980,40,1603,1603,722,240,2,2,0.0873362445415,0.00187149095446,-0.000163448991656,1.0,0.287619617225,0.000179425837321
1980,40,1603,1603,722,244,2,2,0.0873362445415,0.000623830318153,-5.44829972187e-05,1.0,0.0957535138493,5.97339450089e-05
1980,40,1603,1603,722,245,2,2,0.0873362445415,0.000623830318153,0.000569347320935,1.0,10.4565230961,0.00652309612984
1980,40,1603,1603,724,15,2,2,0.00436681222707,0.000623830318153,-2.72414986091e-06,0.999999999992,0.00438870271809,2.73780581291e-06
1980,40,1603,1603,724,20,2,3,0.00436681222707,0.000623830318153,NaN,NaN,0.00878288788805,2.73951587275e-06
1980,40,1603,1603,724,22,2,2,0.00436681222707,0.00124766063631,-5.44829972182e-06,0.999999999992,0.00878288788805,5.47903174551e-06
1980,40,1603,1603,724,26,2,2,0.00436681222707,0.00374298190892,-1.63448991656e-05,0.999999999999,0.0264146590647,1.64782651682e-05
1980,40,1603,1603,724,33,2,2,0.00436681222707,0.000623830318153,-2.72414986091e-06,0.999999999992,0.00438870271809,2.73780581291e-06
1980,40,1603,1603,724,35,2,2,0.00436681222707,0.000623830318153,-2.72414986091e-06,0.999999999992,0.00438870271809,2.73780581291e-06
1980,40,1603,1603,724,46,2,3,0.00436681222707,0.000623830318153,NaN,NaN,0.00878288788805,2.73951587275e-06
1980,40,1603,1603,724,48,2,2,0.00436681222707,0.000623830318153,-2.72414986091e-06,0.999999999992,0.00438870271809,2.73780581291e-06
1980,40,1603,1603,724,49,2,2,0.00436681222707,0.000623830318153,-2.72414986091e-06,0.999999999992,0.00438870271809,2.73780581291e-06
1980,40,1603,1603,724,55,2,2,0.00436681222707,0.000623830318153,-2.72414986091e-06,0.999999999992,0.00438870271809,2.73780581291e-06
1980,40,1603,1603,724,60,2,2,0.00436681222707,0.000623830318153,-2.72414986091e-06,0.999999999992,0.00438870271809,2.73780581291e-06
1980,40,1603,1603,724,64,2,2,0.00436681222707,0.00249532127261,-1.08965994438e-05,1.0,0.0175877467277,1.09717696367e-05
1980,40,1603,1603,724,73,2,2,0.00436681222707,0.000623830318153,-2.72414986091e-06,0.999999999992,0.00438870271809,2.73780581291e-06
1980,40,1603,1603,724,77,2,2,0.00436681222707,0.00374298190892,-1.63448991656e-05,0.999999999999,0.0264146590647,1.64782651682e-05
1980,40,1603,1603,724,94,2,2,0.00436681222707,0.000623830318153,-2.72414986091e-06,0.999999999992,0.00438870271809,2.73780581291e-06
1980,40,1603,1603,724,97,2,3,0.00436681222707,0.000623830318153,NaN,NaN,0.00878288788805,2.73951587275e-06
1980,40,1603,1603,724,101,2,2,0.00436681222707,0.00124766063631,-5.44829972182e-06,0.999999999992,0.00878288788805,5.47903174551e-06
1980,40,1603,1603,724,105,2,2,0.00436681222707,0.292576419214,0.0030891859423,1.0,16.999607227,0.0106048703849
1980,40,1603,1603,724,115,2,3,0.00436681222707,0.000623830318153,NaN,NaN,0.00878288788805,2.73951587275e-06
1980,40,1603,1603,724,123,2,3,0.00436681222707,0.000623830318153,NaN,NaN,0.0175877467277,5.48588481836e-06
1980,40,1603,1603,724,124,2,2,0.00436681222707,0.00187149095446,-8.17244958284e-06,1.00000000001,0.0131825657895,8.22368421053e-06
1980,40,1603,1603,724,130,2,2,0.00436681222707,0.000623830318153,-2.72414986091e-06,0.999999999992,0.00438870271809,2.73780581291e-06
1980,40,1603,1603,724,131,2,2,0.00436681222707,0.00124766063631,-5.44829972182e-06,0.999999999992,0.00878288788805,5.47903174551e-06
1980,40,1603,1603,724,140,2,3,0.00436681222707,0.00124766063631,NaN,NaN,0.0396965594664,1.23819586608e-05
1980,40,1603,1603,724,146,2,2,0.00436681222707,0.000623830318153,-2.72414986091e-06,0.999999999992,0.00438870271809,2.73780581291e-06
1980,40,1603,1603,724,149,2,2,0.00436681222707,0.000623830318153,-2.72414986091e-06,0.999999999992,0.00438870271809,2.73780581291e-06
1980,40,1603,1603,724,157,2,2,0.00436681222707,0.00124766063631,-5.44829972182e-06,0.999999999992,0.00878288788805,5.47903174551e-06
1980,40,1603,1603,724,159,2,2,0.00436681222707,0.00374298190892,-1.63448991656e-05,0.999999999999,0.0264146590647,1.64782651682e-05
1980,40,1603,1603,724,164,2,2,0.00436681222707,0.000623830318153,-2.72414986091e-06,0.999999999992,0.00438870271809,2.73780581291e-06
1980,40,1603,1603,724,167,2,2,0.00436681222707,0.00311915159077,-1.36207493046e-05,0.999999999992,0.0219984410337,1.3723294469e-05
1980,40,1603,1603,724,177,2,2,0.00436681222707,0.000623830318153,-2.72414986091e-06,0.999999999992,0.00438870271809,2.73780581291e-06
1980,40,1603,1602,724,186,2,2,0.0043695380774,0.000624219725343,-2.72755185859e-06,1.00000000001,0.00439145596698,2.74123343757e-06
1980,40,1603,1603,724,188,2,2,0.00436681222707,0.00623830318153,-2.72414986093e-05,1.0,0.044134976487,2.75327364236e-05
1980,40,1603,1603,724,192,2,3,0.00436681222707,0.000623830318153,NaN,NaN,0.00878288788805,2.73951587275e-06
1980,40,1603,1603,724,198,2,2,0.00436681222707,0.00311915159077,-1.36207493046e-05,0.999999999992,0.0219984410337,1.3723294469e-05
1980,40,1603,1603,724,200,2,2,0.00436681222707,0.00124766063631,0.000618382018432,0.497807017544,113.143357496,0.0705822567036
1980,40,1603,1603,724,207,2,2,0.00436681222707,0.008109794136,-3.54139481921e-05,0.999999999998,0.0574837250359,3.58600904778e-05
1980,40,1603,1603,724,208,2,2,0.00436681222707,0.000623830318153,-2.72414986091e-06,0.999999999992,0.00438870271809,2.73780581291e-06
1980,40,1603,1603,724,211,2,2,0.00436681222707,0.000623830318153,-2.72414986091e-06,0.999999999992,0.00438870271809,2.73780581291e-06
1980,40,1603,1603,724,215,2,2,0.00436681222707,0.00124766063631,-5.44829972182e-06,0.999999999992,0.00878288788805,5.47903174551e-06
1980,40,1603,1603,724,218,2,3,0.00436681222707,0.00124766063631,NaN,NaN,0.035263707859,1.09992850465e-05
1980,40,1603,1603,724,220,2,2,0.00436681222707,0.00124766063631,-5.44829972182e-06,0.999999999992,0.00878288788805,5.47903174551e-06
1980,40,1603,1603,724,221,2,3,0.00436681222707,0.000623830318153,NaN,NaN,0.00878288788805,2.73951587275e-06
1980,40,1603,1603,724,222,2,2,0.00436681222707,0.000623830318153,-2.72414986091e-06,0.999999999992,0.00438870271809,2.73780581291e-06
1980,40,1603,1603,724,226,2,2,0.00436681222707,0.000623830318153,-2.72414986091e-06,0.999999999992,0.00438870271809,2.73780581291e-06
1980,40,1603,1603,724,227,2,2,0.00436681222707,0.000623830318153,-2.72414986091e-06,0.999999999992,0.00438870271809,2.73780581291e-06
1980,40,1603,1603,724,232,2,2,0.00436681222707,0.000623830318153,-2.72414986091e-06,0.999999999992,0.00438870271809,2.73780581291e-06
1980,40,1603,1603,724,233,2,2,0.00436681222707,0.000623830318153,-2.72414986091e-06,0.999999999992,0.00438870271809,2.73780581291e-06
1980,40,1603,1603,724,240,2,2,0.00436681222707,0.00187149095446,-8.17244958284e-06,1.00000000001,0.0131825657895,8.22368421053e-06
1980,40,1603,1603,724,244,2,2,0.00436681222707,0.000623830318153,-2.72414986091e-06,0.999999999992,0.00438870271809,2.73780581291e-06
1980,40,1603,1603,724,245,2,2,0.00436681222707,0.000623830318153,-2.72414986091e-06,0.999999999992,0.00438870271809,2.73780581291e-06
1980,40,1603,1603,742,15,2,2,0.000623830318153,0.000623830318153,-3.89164265702e-07,0.999999999625,0.000624609375609,3.89650265508e-07
1980,40,1603,1603,742,20,2,3,0.000623830318153,0.000623830318153,NaN,NaN,0.00124999902527,3.89893644812e-07
1980,40,1603,1603,742,22,2,2,0.000623830318153,0.00124766063631,-7.78328531736e-07,1.00000000005,0.00124999902527,7.79787289623e-07
1980,40,1603,1603,742,26,2,2,0.000623830318153,0.00374298190892,-2.3349855951e-06,1.00000000001,0.00375938967962,2.3452212599e-06
1980,40,1603,1603,742,33,2,2,0.000623830318153,0.000623830318153,-3.89164265702e-07,0.999999999625,0.000624609375609,3.89650265508e-07
1980,40,1603,1603,742,35,2,2,0.000623830318153,0.000623830318153,-3.89164265702e-07,0.999999999625,0.000624609375609,3.89650265508e-07
1980,40,1603,1603,742,46,2,3,0.000623830318153,0.000623830318153,NaN,NaN,0.00124999902527,3.89893644812e-07
1980,40,1603,1603,742,48,2,2,0.000623830318153,0.000623830318153,-3.89164265702e-07,0.999999999625,0.000624609375609,3.89650265508e-07
1980,40,1603,1603,742,49,2,2,0.000623830318153,0.000623830318153,-3.89164265702e-07,0.999999999625,0.000624609375609,3.89650265508e-07
1980,40,1603,1603,742,55,2,2,0.000623830318153,0.000623830318153,-3.89164265702e-07,0.999999999625,0.000624609375609,3.89650265508e-07
1980,40,1603,1603,742,60,2,2,0.000623830318153,0.000623830318153,-3.89164265702e-07,0.999999999625,0.000624609375609,3.89650265508e-07
1980,40,1603,1603,742,64,2,2,0.000623830318153,0.00249532127261,-1.55665706336e-06,0.999999999982,0.00250312500244,1.56152526665e-06
1980,40,1603,1603,742,73,2,2,0.000623830318153,0.000623830318153,-3.89164265702e-07,0.999999999625,0.000624609375609,3.89650265508e-07
1980,40,1603,1603,742,77,2,2,0.000623830318153,0.00374298190892,-2.3349855951e-06,1.00000000001,0.00375938967962,2.3452212599e-06
1980,40,1603,1603,742,94,2,2,0.000623830318153,0.000623830318153,-3.89164265702e-07,0.999999999625,0.000624609375609,3.89650265508e-07
1980,40,1603,1603,742,97,2,3,0.000623830318153,0.000623830318153,NaN,NaN,0.00124999902527,3.89893644812e-07
1980,40,1603,1603,742,101,2,2,0.000623830318153,0.00124766063631,-7.78328531736e-07,1.00000000005,0.00124999902527,7.79787289623e-07
1980,40,1603,1603,742,105,2,2,0.000623830318153,0.292576419214,-0.000182518040682,1.0,0.413838411862,0.000258164948136
1980,40,1603,1603,742,115,2,3,0.000623830318153,0.000623830318153,NaN,NaN,0.00124999902527,3.89893644812e-07
1980,40,1603,1603,742,123,2,3,0.000623830318153,0.000623830318153,NaN,NaN,0.00250312500244,7.80762633325e-07
1980,40,1603,1603,742,124,2,2,0.000623830318153,0.00187149095446,-1.16749279755e-06,1.00000000001,0.00187617041199,1.17041198502e-06
1980,40,1603,1603,742,130,2,2,0.000623830318153,0.000623830318153,-3.89164265702e-07,0.999999999625,0.000624609375609,3.89650265508e-07
1980,40,1603,1603,742,131,2,2,0.000623830318153,0.00124766063631,-7.78328531736e-07,1.00000000005,0.00124999902527,7.79787289623e-07
1980,40,1603,1603,742,140,2,3,0.000623830318153,0.00124766063631,NaN,NaN,0.00564969760196,1.76222632625e-06
1980,40,1603,1603,742,146,2,2,0.000623830318153,0.000623830318153,-3.89164265702e-07,0.999999999625,0.000624609375609,3.89650265508e-07
1980,40,1603,1603,742,149,2,2,0.000623830318153,0.000623830318153,-3.89164265702e-07,0.999999999625,0.000624609375609,3.89650265508e-07
1980,40,1603,1603,742,157,2,2,0.000623830318153,0.00124766063631,-7.78328531736e-07,1.00000000005,0.00124999902527,7.79787289623e-07
1980,40,1603,1603,742,159,2,2,0.000623830318153,0.00374298190892,-2.3349855951e-06,1.00000000001,0.00375938967962,2.3452212599e-06
1980,40,1603,1603,742,164,2,2,0.000623830318153,0.000623830318153,-3.89164265702e-07,0.999999999625,0.000624609375609,3.89650265508e-07
1980,40,1603,1603,742,167,2,2,0.000623830318153,0.00311915159077,-1.94582132917e-06,0.999999999968,0.00313086426698,1.95312805176e-06
1980,40,1603,1603,742,177,2,2,0.000623830318153,0.000623830318153,-3.89164265702e-07,0.999999999625,0.000624609375609,3.89650265508e-07
1980,40,1603,1602,742,186,2,2,0.000624219725343,0.000624219725343,-3.89650265498e-07,0.999999999974,0.000624999756164,3.90137176132e-07
1980,40,1603,1603,742,188,2,2,0.000623830318153,0.00623830318153,-3.89164265846e-06,0.999999999996,0.00628138242138,3.91851679437e-06
1980,40,1603,1603,742,192,2,3,0.000623830318153,0.000623830318153,NaN,NaN,0.00124999902527,3.89893644812e-07
1980,40,1603,1603,742,198,2,2,0.000623830318153,0.00311915159077,-1.94582132917e-06,0.999999999968,0.00313086426698,1.95312805176e-06
1980,40,1603,1603,742,200,2,2,0.000623830318153,0.00124766063631,-7.78328531736e-07,1.00000000005,0.00124999902527,7.79787289623e-07
1980,40,1603,1603,742,207,2,2,0.000623830318153,0.008109794136,-5.05913545601e-06,0.999999999998,0.00818120431222,5.10368328897e-06
1980,40,1603,1603,742,208,2,2,0.000623830318153,0.000623830318153,-3.89164265702e-07,0.999999999625,0.000624609375609,3.89650265508e-07
1980,40,1603,1603,742,211,2,2,0.000623830318153,0.000623830318153,-3.89164265702e-07,0.999999999625,0.000624609375609,3.89650265508e-07
1980,40,1603,1603,742,215,2,2,0.000623830318153,0.00124766063631,-7.78328531736e-07,1.00000000005,0.00124999902527,7.79787289623e-07
1980,40,1603,1603,742,218,2,3,0.000623830318153,0.00124766063631,NaN,NaN,0.00501880486383,1.56544131748e-06
1980,40,1603,1603,742,220,2,2,0.000623830318153,0.00124766063631,-7.78328531736e-07,1.00000000005,0.00124999902527,7.79787289623e-07
1980,40,1603,1603,742,221,2,3,0.000623830318153,0.000623830318153,NaN,NaN,0.00124999902527,3.89893644812e-07
1980,40,1603,1603,742,222,2,2,0.000623830318153,0.000623830318153,-3.89164265702e-07,0.999999999625,0.000624609375609,3.89650265508e-07
1980,40,1603,1603,742,226,2,2,0.000623830318153,0.000623830318153,-3.89164265702e-07,0.999999999625,0.000624609375609,3.89650265508e-07
1980,40,1603,1603,742,227,2,2,0.000623830318153,0.000623830318153,-3.89164265702e-07,0.999999999625,0.000624609375609,3.89650265508e-07
1980,40,1603,1603,742,232,2,2,0.000623830318153,0.000623830318153,-3.89164265702e-07,0.999999999625,0.000624609375609,3.89650265508e-07
1980,40,1603,1603,742,233,2,2,0.000623830318153,0.000623830318153,-3.89164265702e-07,0.999999999625,0.000624609375609,3.89650265508e-07
1980,40,1603,1603,742,240,2,2,0.000623830318153,0.00187149095446,-1.16749279755e-06,1.00000000001,0.00187617041199,1.17041198502e-06
1980,40,1603,1603,742,244,2,2,0.000623830318153,0.000623830318153,-3.89164265702e-07,0.999999999625,0.000624609375609,3.89650265508e-07
1980,40,1603,1603,742,245,2,2,0.000623830318153,0.000623830318153,-3.89164265702e-07,0.999999999625,0.000624609375609,3.89650265508e-07
1980,40,1603,1603,746,15,2,2,0.000623830318153,0.000623830318153,-3.89164265702e-07,0.999999999625,0.000624609375609,3.89650265508e-07
1980,40,1603,1603,746,20,2,3,0.000623830318153,0.000623830318153,NaN,NaN,0.00124999902527,3.89893644812e-07
1980,40,1603,1603,746,22,2,2,0.000623830318153,0.00124766063631,-7.78328531736e-07,1.00000000005,0.00124999902527,7.79787289623e-07
1980,40,1603,1603,746,26,2,2,0.000623830318153,0.00374298190892,-2.3349855951e-06,1.00000000001,0.00375938967962,2.3452212599e-06
1980,40,1603,1603,746,33,2,2,0.000623830318153,0.000623830318153,-3.89164265702e-07,0.999999999625,0.000624609375609,3.89650265508e-07
1980,40,1603,1603,746,35,2,2,0.000623830318153,0.000623830318153,-3.89164265702e-07,0.999999999625,0.000624609375609,3.89650265508e-07
1980,40,1603,1603,746,46,2,3,0.000623830318153,0.000623830318153,NaN,NaN,0.00124999902527,3.89893644812e-07
1980,40,1603,1603,746,48,2,2,0.000623830318153,0.000623830318153,-3.89164265702e-07,0.999999999625,0.000624609375609,3.89650265508e-07
1980,40,1603,1603,746,49,2,2,0.000623830318153,0.000623830318153,-3.89164265702e-07,0.999999999625,0.000624609375609,3.89650265508e-07
1980,40,1603,1603,746,55,2,2,0.000623830318153,0.000623830318153,-3.89164265702e-07,0.999999999625,0.000624609375609,3.89650265508e-07
1980,40,1603,1603,746,60,2,2,0.000623830318153,0.000623830318153,-3.89164265702e-07,0.999999999625,0.000624609375609,3.89650265508e-07
1980,40,1603,1603,746,64,2,2,0.000623830318153,0.00249532127261,-1.55665706336e-06,0.999999999982,0.00250312500244,1.56152526665e-06
1980,40,1603,1603,746,73,2,2,0.000623830318153,0.000623830318153,-3.89164265702e-07,0.999999999625,0.000624609375609,3.89650265508e-07
1980,40,1603,1603,746,77,2,2,0.000623830318153,0.00374298190892,-2.3349855951e-06,1.00000000001,0.00375938967962,2.3452212599e-06
1980,40,1603,1603,746,94,2,2,0.000623830318153,0.000623830318153,-3.89164265702e-07,0.999999999625,0.000624609375609,3.89650265508e-07
1980,40,1603,1603,746,97,2,3,0.000623830318153,0.000623830318153,NaN,NaN,0.00124999902527,3.89893644812e-07
1980,40,1603,1603,746,101,2,2,0.000623830318153,0.00124766063631,-7.78328531736e-07,1.00000000005,0.00124999902527,7.79787289623e-07
1980,40,1603,1603,746,105,2,2,0.000623830318153,0.292576419214,-0.000182518040682,1.0,0.413838411862,0.000258164948136
1980,40,1603,1603,746,115,2,3,0.000623830318153,0.000623830318153,NaN,NaN,0.00124999902527,3.89893644812e-07
1980,40,1603,1603,746,123,2,3,0.000623830318153,0.000623830318153,NaN,NaN,0.00250312500244,7.80762633325e-07
1980,40,1603,1603,746,124,2,2,0.000623830318153,0.00187149095446,-1.16749279755e-06,1.00000000001,0.00187617041199,1.17041198502e-06
1980,40,1603,1603,746,130,2,2,0.000623830318153,0.000623830318153,-3.89164265702e-07,0.999999999625,0.000624609375609,3.89650265508e-07
1980,40,1603,1603,746,131,2,2,0.000623830318153,0.00124766063631,-7.78328531736e-07,1.00000000005,0.00124999902527,7.79787289623e-07
1980,40,1603,1603,746,140,2,3,0.000623830318153,0.00124766063631,NaN,NaN,0.00564969760196,1.76222632625e-06
1980,40,1603,1603,746,146,2,2,0.000623830318153,0.000623830318153,-3.89164265702e-07,0.999999999625,0.000624609375609,3.89650265508e-07
1980,40,1603,1603,746,149,2,2,0.000623830318153,0.000623830318153,-3.89164265702e-07,0.999999999625,0.000624609375609,3.89650265508e-07
1980,40,1603,1603,746,157,2,2,0.000623830318153,0.00124766063631,-7.78328531736e-07,1.00000000005,0.00124999902527,7.79787289623e-07
1980,40,1603,1603,746,159,2,2,0.000623830318153,0.00374298190892,-2.3349855951e-06,1.00000000001,0.00375938967962,2.3452212599e-06
1980,40,1603,1603,746,164,2,2,0.000623830318153,0.000623830318153,-3.89164265702e-07,0.999999999625,0.000624609375609,3.89650265508e-07
1980,40,1603,1603,746,167,2,2,0.000623830318153,0.00311915159077,-1.94582132917e-06,0.999999999968,0.00313086426698,1.95312805176e-06
1980,40,1603,1603,746,177,2,2,0.000623830318153,0.000623830318153,-3.89164265702e-07,0.999999999625,0.000624609375609,3.89650265508e-07
1980,40,1603,1602,746,186,2,2,0.000624219725343,0.000624219725343,-3.89650265498e-07,0.999999999974,0.000624999756164,3.90137176132e-07
1980,40,1603,1603,746,188,2,2,0.000623830318153,0.00623830318153,-3.89164265846e-06,0.999999999996,0.00628138242138,3.91851679437e-06
1980,40,1603,1603,746,192,2,3,0.000623830318153,0.000623830318153,NaN,NaN,0.00124999902527,3.89893644812e-07
1980,40,1603,1603,746,198,2,2,0.000623830318153,0.00311915159077,-1.94582132917e-06,0.999999999968,0.00313086426698,1.95312805176e-06
1980,40,1603,1603,746,200,2,2,0.000623830318153,0.00124766063631,-7.78328531736e-07,1.00000000005,0.00124999902527,7.79787289623e-07
1980,40,1603,1603,746,207,2,2,0.000623830318153,0.008109794136,-5.05913545601e-06,0.999999999998,0.00818120431222,5.10368328897e-06
1980,40,1603,1603,746,208,2,2,0.000623830318153,0.000623830318153,-3.89164265702e-07,0.999999999625,0.000624609375609,3.89650265508e-07
1980,40,1603,1603,746,211,2,2,0.000623830318153,0.000623830318153,-3.89164265702e-07,0.999999999625,0.000624609375609,3.89650265508e-07
1980,40,1603,1603,746,215,2,2,0.000623830318153,0.00124766063631,-7.78328531736e-07,1.00000000005,0.00124999902527,7.79787289623e-07
1980,40,1603,1603,746,218,2,3,0.000623830318153,0.00124766063631,NaN,NaN,0.00501880486383,1.56544131748e-06
1980,40,1603,1603,746,220,2,2,0.000623830318153,0.00124766063631,-7.78328531736e-07,1.00000000005,0.00124999902527,7.79787289623e-07
1980,40,1603,1603,746,221,2,3,0.000623830318153,0.000623830318153,NaN,NaN,0.00124999902527,3.89893644812e-07
1980,40,1603,1603,746,222,2,2,0.000623830318153,0.000623830318153,-3.89164265702e-07,0.999999999625,0.000624609375609,3.89650265508e-07
1980,40,1603,1603,746,226,2,2,0.000623830318153,0.000623830318153,-3.89164265702e-07,0.999999999625,0.000624609375609,3.89650265508e-07
1980,40,1603,1603,746,227,2,2,0.000623830318153,0.000623830318153,-3.89164265702e-07,0.999999999625,0.000624609375609,3.89650265508e-07
1980,40,1603,1603,746,232,2,2,0.000623830318153,0.000623830318153,-3.89164265702e-07,0.999999999625,0.000624609375609,3.89650265508e-07
1980,40,1603,1603,746,233,2,2,0.000623830318153,0.000623830318153,-3.89164265702e-07,0.999999999625,0.000624609375609,3.89650265508e-07
1980,40,1603,1603,746,240,2,2,0.000623830318153,0.00187149095446,-1.16749279755e-06,1.00000000001,0.00187617041199,1.17041198502e-06
1980,40,1603,1603,746,244,2,2,0.000623830318153,0.000623830318153,-3.89164265702e-07,0.999999999625,0.000624609375609,3.89650265508e-07
1980,40,1603,1603,746,245,2,2,0.000623830318153,0.000623830318153,-3.89164265702e-07,0.999999999625,0.000624609375609,3.89650265508e-07
1980,40,1603,1603,758,15,2,2,0.000623830318153,0.000623830318153,-3.89164265702e-07,0.999999999625,0.000624609375609,3.89650265508e-07
1980,40,1603,1603,758,20,2,3,0.000623830318153,0.000623830318153,NaN,NaN,0.00124999902527,3.89893644812e-07
1980,40,1603,1603,758,22,2,2,0.000623830318153,0.00124766063631,-7.78328531736e-07,1.00000000005,0.00124999902527,7.79787289623e-07
1980,40,1603,1603,758,26,2,2,0.000623830318153,0.00374298190892,-2.3349855951e-06,1.00000000001,0.00375938967962,2.3452212599e-06
1980,40,1603,1603,758,33,2,2,0.000623830318153,0.000623830318153,-3.89164265702e-07,0.999999999625,0.000624609375609,3.89650265508e-07
1980,40,1603,1603,758,35,2,2,0.000623830318153,0.000623830318153,-3.89164265702e-07,0.999999999625,0.000624609375609,3.89650265508e-07
1980,40,1603,1603,758,46,2,3,0.000623830318153,0.000623830318153,NaN,NaN,0.00124999902527,3.89893644812e-07
1980,40,1603,1603,758,48,2,2,0.000623830318153,0.000623830318153,-3.89164265702e-07,0.999999999625,0.000624609375609,3.89650265508e-07
1980,40,1603,1603,758,49,2,2,0.000623830318153,0.000623830318153,-3.89164265702e-07,0.999999999625,0.000624609375609,3.89650265508e-07
1980,40,1603,1603,758,55,2,2,0.000623830318153,0.000623830318153,-3.89164265702e-07,0.999999999625,0.000624609375609,3.89650265508e-07
1980,40,1603,1603,758,60,2,2,0.000623830318153,0.000623830318153,-3.89164265702e-07,0.999999999625,0.000624609375609,3.89650265508e-07
1980,40,1603,1603,758,64,2,2,0.000623830318153,0.00249532127261,-1.55665706336e-06,0.999999999982,0.00250312500244,1.56152526665e-06
1980,40,1603,1603,758,73,2,2,0.000623830318153,0.000623830318153,-3.89164265702e-07,0.999999999625,0.000624609375609,3.89650265508e-07
1980,40,1603,1603,758,77,2,2,0.000623830318153,0.00374298190892,-2.3349855951e-06,1.00000000001,0.00375938967962,2.3452212599e-06
1980,40,1603,1603,758,94,2,2,0.000623830318153,0.000623830318153,-3.89164265702e-07,0.999999999625,0.000624609375609,3.89650265508e-07
1980,40,1603,1603,758,97,2,3,0.000623830318153,0.000623830318153,NaN,NaN,0.00124999902527,3.89893644812e-07
1980,40,1603,1603,758,101,2,2,0.000623830318153,0.00124766063631,-7.78328531736e-07,1.00000000005,0.00124999902527,7.79787289623e-07
1980,40,1603,1603,758,105,2,2,0.000623830318153,0.292576419214,-0.000182518040682,1.0,0.413838411862,0.000258164948136
1980,40,1603,1603,758,115,2,3,0.000623830318153,0.000623830318153,NaN,NaN,0.00124999902527,3.89893644812e-07
1980,40,1603,1603,758,123,2,3,0.000623830318153,0.000623830318153,NaN,NaN,0.00250312500244,7.80762633325e-07
1980,40,1603,1603,758,124,2,2,0.000623830318153,0.00187149095446,-1.16749279755e-06,1.00000000001,0.00187617041199,1.17041198502e-06
1980,40,1603,1603,758,130,2,2,0.000623830318153,0.000623830318153,-3.89164265702e-07,0.999999999625,0.000624609375609,3.89650265508e-07
1980,40,1603,1603,758,131,2,2,0.000623830318153,0.00124766063631,-7.78328531736e-07,1.00000000005,0.00124999902527,7.79787289623e-07
1980,40,1603,1603,758,140,2,3,0.000623830318153,0.00124766063631,NaN,NaN,0.00564969760196,1.76222632625e-06
1980,40,1603,1603,758,146,2,2,0.000623830318153,0.000623830318153,-3.89164265702e-07,0.999999999625,0.000624609375609,3.89650265508e-07
1980,40,1603,1603,758,149,2,2,0.000623830318153,0.000623830318153,-3.89164265702e-07,0.999999999625,0.000624609375609,3.89650265508e-07
1980,40,1603,1603,758,157,2,2,0.000623830318153,0.00124766063631,-7.78328531736e-07,1.00000000005,0.00124999902527,7.79787289623e-07
1980,40,1603,1603,758,159,2,2,0.000623830318153,0.00374298190892,-2.3349855951e-06,1.00000000001,0.00375938967962,2.3452212599e-06
1980,40,1603,1603,758,164,2,2,0.000623830318153,0.000623830318153,-3.89164265702e-07,0.999999999625,0.000624609375609,3.89650265508e-07
1980,40,1603,1603,758,167,2,2,0.000623830318153,0.00311915159077,-1.94582132917e-06,0.999999999968,0.00313086426698,1.95312805176e-06
1980,40,1603,1603,758,177,2,2,0.000623830318153,0.000623830318153,-3.89164265702e-07,0.999999999625,0.000624609375609,3.89650265508e-07
1980,40,1603,1602,758,186,2,2,0.000624219725343,0.000624219725343,-3.89650265498e-07,0.999999999974,0.000624999756164,3.90137176132e-07
1980,40,1603,1603,758,188,2,2,0.000623830318153,0.00623830318153,-3.89164265846e-06,0.999999999996,0.00628138242138,3.91851679437e-06
1980,40,1603,1603,758,192,2,3,0.000623830318153,0.000623830318153,NaN,NaN,0.00124999902527,3.89893644812e-07
1980,40,1603,1603,758,198,2,2,0.000623830318153,0.00311915159077,-1.94582132917e-06,0.999999999968,0.00313086426698,1.95312805176e-06
1980,40,1603,1603,758,200,2,2,0.000623830318153,0.00124766063631,-7.78328531736e-07,1.00000000005,0.00124999902527,7.79787289623e-07
1980,40,1603,1603,758,207,2,2,0.000623830318153,0.008109794136,-5.05913545601e-06,0.999999999998,0.00818120431222,5.10368328897e-06
1980,40,1603,1603,758,208,2,2,0.000623830318153,0.000623830318153,-3.89164265702e-07,0.999999999625,0.000624609375609,3.89650265508e-07
1980,40,1603,1603,758,211,2,2,0.000623830318153,0.000623830318153,-3.89164265702e-07,0.999999999625,0.000624609375609,3.89650265508e-07
1980,40,1603,1603,758,215,2,2,0.000623830318153,0.00124766063631,-7.78328531736e-07,1.00000000005,0.00124999902527,7.79787289623e-07
1980,40,1603,1603,758,218,2,3,0.000623830318153,0.00124766063631,NaN,NaN,0.00501880486383,1.56544131748e-06
1980,40,1603,1603,758,220,2,2,0.000623830318153,0.00124766063631,-7.78328531736e-07,1.00000000005,0.00124999902527,7.79787289623e-07
1980,40,1603,1603,758,221,2,3,0.000623830318153,0.000623830318153,NaN,NaN,0.00124999902527,3.89893644812e-07
1980,40,1603,1603,758,222,2,2,0.000623830318153,0.000623830318153,-3.89164265702e-07,0.999999999625,0.000624609375609,3.89650265508e-07
1980,40,1603,1603,758,226,2,2,0.000623830318153,0.000623830318153,-3.89164265702e-07,0.999999999625,0.000624609375609,3.89650265508e-07
1980,40,1603,1603,758,227,2,2,0.000623830318153,0.000623830318153,-3.89164265702e-07,0.999999999625,0.000624609375609,3.89650265508e-07
1980,40,1603,1603,758,232,2,2,0.000623830318153,0.000623830318153,-3.89164265702e-07,0.999999999625,0.000624609375609,3.89650265508e-07
1980,40,1603,1603,758,233,2,2,0.000623830318153,0.000623830318153,-3.89164265702e-07,0.999999999625,0.000624609375609,3.89650265508e-07
1980,40,1603,1603,758,240,2,2,0.000623830318153,0.00187149095446,-1.16749279755e-06,1.00000000001,0.00187617041199,1.17041198502e-06
1980,40,1603,1603,758,244,2,2,0.000623830318153,0.000623830318153,-3.89164265702e-07,0.999999999625,0.000624609375609,3.89650265508e-07
1980,40,1603,1603,758,245,2,2,0.000623830318153,0.000623830318153,-3.89164265702e-07,0.999999999625,0.000624609375609,3.89650265508e-07
